time,X_NOSE,Y_NOSE,Z_NOSE,visibility_NOSE,X_LEFT_EYE_INNER,Y_LEFT_EYE_INNER,Z_LEFT_EYE_INNER,visibility_LEFT_EYE_INNER,X_LEFT_EYE,Y_LEFT_EYE,Z_LEFT_EYE,visibility_LEFT_EYE,X_LEFT_EYE_OUTER,Y_LEFT_EYE_OUTER,Z_LEFT_EYE_OUTER,visibility_LEFT_EYE_OUTER,X_RIGHT_EYE_OUTER,Y_RIGHT_EYE_OUTER,Z_RIGHT_EYE_OUTER,visibility_RIGHT_EYE_OUTER,X_RIGHT_EYE,Y_RIGHT_EYE,Z_RIGHT_EYE,visibility_RIGHT_EYE,X_RIGHT_EYE_OUTER,Y_RIGHT_EYE_OUTER,Z_RIGHT_EYE_OUTER,visibility_RIGHT_EYE_OUTER,X_LEFT_EAR,Y_LEFT_EAR,Z_LEFT_EAR,visibility_LEFT_EAR,X_RIGHT_EAR,Y_RIGHT_EAR,Z_RIGHT_EAR,visibility_RIGHT_EAR,X_MOUTH_LEFT,Y_MOUTH_LEFT,Z_MOUTH_LEFT,visibility_MOUTH_LEFT,X_MOUTH_RIGHT,Y_MOUTH_RIGHT,Z_MOUTH_RIGHT,visibility_MOUTH_RIGHT,X_LEFT_SHOULDER,Y_LEFT_SHOULDER,Z_LEFT_SHOULDER,visibility_LEFT_SHOULDER,X_RIGHT_SHOULDER,Y_RIGHT_SHOULDER,Z_RIGHT_SHOULDER,visibility_RIGHT_SHOULDER,X_LEFT_ELBOW,Y_LEFT_ELBOW,Z_LEFT_ELBOW,visibility_LEFT_ELBOW,X_RIGHT_ELBOW,Y_RIGHT_ELBOW,Z_RIGHT_ELBOW,visibility_RIGHT_ELBOW,X_LEFT_WRIST,Y_LEFT_WRIST,Z_LEFT_WRIST,visibility_LEFT_WRIST,X_RIGHT_WRIST,Y_RIGHT_WRIST,Z_RIGHT_WRIST,visibility_RIGHT_WRIST,X_LEFT_PINKY,Y_LEFT_PINKY,Z_LEFT_PINKY,visibility_LEFT_PINKY,X_RIGHT_PINKY,Y_RIGHT_PINKY,Z_RIGHT_PINKY,visibility_RIGHT_PINKY,X_LEFT_INDEX,Y_LEFT_INDEX,Z_LEFT_INDEX,visibility_LEFT_INDEX,X_RIGHT_INDEX,Y_RIGHT_INDEX,Z_RIGHT_INDEX,visibility_RIGHT_INDEX,X_LEFT_THUMB,Y_LEFT_THUMB,Z_LEFT_THUMB,visibility_LEFT_THUMB,X_RIGHT_THUMB,Y_RIGHT_THUMB,Z_RIGHT_THUMB,visibility_RIGHT_THUMB,X_LEFT_HIP,Y_LEFT_HIP,Z_LEFT_HIP,visibility_LEFT_HIP,X_RIGHT_HIP,Y_RIGHT_HIP,Z_RIGHT_HIP,visibility_RIGHT_HIP,X_LEFT_KNEE,Y_LEFT_KNEE,Z_LEFT_KNEE,visibility_LEFT_KNEE,X_RIGHT_KNEE,Y_RIGHT_KNEE,Z_RIGHT_KNEE,visibility_RIGHT_KNEE,X_LEFT_ANKLE,Y_LEFT_ANKLE,Z_LEFT_ANKLE,visibility_LEFT_ANKLE,X_RIGHT_ANKLE,Y_RIGHT_ANKLE,Z_RIGHT_ANKLE,visibility_RIGHT_ANKLE,X_LEFT_HEEL,Y_LEFT_HEEL,Z_LEFT_HEEL,visibility_LEFT_HEEL,X_RIGHT_HEEL,Y_RIGHT_HEEL,Z_RIGHT_HEEL,visibility_RIGHT_HEEL,X_LEFT_FOOT_INDEX,Y_LEFT_FOOT_INDEX,Z_LEFT_FOOT_INDEX,visibility_LEFT_FOOT_INDEX,X_RIGHT_FOOT_INDEX,Y_RIGHT_FOOT_INDEX,Z_RIGHT_FOOT_INDEX,visibility_RIGHT_FOOT_INDEX
0,0.5394665002822876,0.30208927392959595,-0.35164472460746765,0.9999972581863403,0.5447496771812439,0.2878470718860626,-0.33975544571876526,0.9999904632568359,0.5484391450881958,0.28743287920951843,-0.33973658084869385,0.9999890327453613,0.5508441925048828,0.28732728958129883,-0.33976393938064575,0.9999879598617554,0.5336111187934875,0.2894987463951111,-0.3393852114677429,0.9999916553497314,0.5306143760681152,0.2901322543621063,-0.33944880962371826,0.9999920129776001,0.5280657410621643,0.2910101115703583,-0.3394887149333954,0.9999927282333374,0.5559999942779541,0.2925422787666321,-0.24962620437145233,0.9999781847000122,0.5247434973716736,0.29876038432121277,-0.24867376685142517,0.9999914169311523,0.5466201305389404,0.31610557436943054,-0.3162517845630646,0.9999972581863403,0.5333099961280823,0.3175930976867676,-0.3161487877368927,0.9999982118606567,0.584808886051178,0.37941595911979675,-0.1681358516216278,0.9999500513076782,0.5074105858802795,0.386683851480484,-0.1892201453447342,0.9999685287475586,0.5905794501304626,0.49578043818473816,-0.14818407595157623,0.988696813583374,0.5056514739990234,0.5011993646621704,-0.1789359748363495,0.9947870969772339,0.5621169805526733,0.5738936066627502,-0.20916803181171417,0.9547670483589172,0.5417765974998474,0.5884703397750854,-0.23338685929775238,0.9414404034614563,0.5558512210845947,0.6035915613174438,-0.23587290942668915,0.8889002203941345,0.551240861415863,0.6173847317695618,-0.2608170211315155,0.8569257259368896,0.548611044883728,0.5914753079414368,-0.24822188913822174,0.8901553750038147,0.555665910243988,0.6081268191337585,-0.2711741626262665,0.8516188859939575,0.548661470413208,0.5821388959884644,-0.2143857330083847,0.8659517765045166,0.5534421801567078,0.5969579815864563,-0.23730550706386566,0.8167078495025635,0.5677078366279602,0.5805158615112305,0.006931710056960583,0.9999135732650757,0.5252617001533508,0.5836686491966248,-0.007051310036331415,0.9999102354049683,0.5720037817955017,0.7443643808364868,0.009940952993929386,0.9958087205886841,0.522593080997467,0.742870569229126,0.018666880205273628,0.9968031644821167,0.5728968977928162,0.8756793737411499,0.17726083099842072,0.9954670667648315,0.5220741033554077,0.8759593963623047,0.1631690412759781,0.9964995384216309,0.5672730207443237,0.8891396522521973,0.18836943805217743,0.9442530274391174,0.5245795845985413,0.8919733762741089,0.17234870791435242,0.8756672143936157,0.5838590264320374,0.9273374080657959,0.08922536671161652,0.9929438233375549,0.5255904197692871,0.9304578304290771,0.06658516079187393,0.9934331178665161
33.333333333333336,0.5398986339569092,0.301383376121521,-0.3480054438114166,0.9999960660934448,0.5448400974273682,0.2869429886341095,-0.33583423495292664,0.9999867081642151,0.5485239624977112,0.2865792512893677,-0.3358258008956909,0.9999851584434509,0.5509485006332397,0.2864384949207306,-0.33584821224212646,0.9999837279319763,0.5340052843093872,0.28839111328125,-0.3358454704284668,0.9999877214431763,0.5308013558387756,0.2890125513076782,-0.33591005206108093,0.9999883770942688,0.5282260775566101,0.28976085782051086,-0.33596351742744446,0.9999890327453613,0.5561010837554932,0.29139071702957153,-0.2410183846950531,0.9999681115150452,0.5250170230865479,0.2966548800468445,-0.2417675405740738,0.9999864101409912,0.5469487905502319,0.31586676836013794,-0.31059029698371887,0.9999959468841553,0.5340215563774109,0.31757286190986633,-0.3109407424926758,0.9999971389770508,0.5853073596954346,0.3783177435398102,-0.1539229452610016,0.9999480247497559,0.5074147582054138,0.38501283526420593,-0.1819590926170349,0.9999616742134094,0.5914366841316223,0.49382737278938293,-0.1228490024805069,0.9884852170944214,0.5056517720222473,0.5013100504875183,-0.16920457780361176,0.9943249821662903,0.5622614622116089,0.5739039182662964,-0.19563980400562286,0.9560481905937195,0.541694700717926,0.588577389717102,-0.22805027663707733,0.9420846104621887,0.5561368465423584,0.6034838557243347,-0.22534316778182983,0.892235517501831,0.5510035753250122,0.6154314279556274,-0.2571881413459778,0.8599005341529846,0.5493703484535217,0.5918416976928711,-0.24181567132472992,0.8935614824295044,0.5553380250930786,0.606545627117157,-0.2695884108543396,0.854865550994873,0.5496350526809692,0.5824562311172485,-0.20291441679000854,0.8700071573257446,0.5534313321113586,0.596764862537384,-0.23276814818382263,0.8206526637077332,0.5677114725112915,0.5799518823623657,0.007325361482799053,0.9998886585235596,0.5242229104042053,0.5832303166389465,-0.007432061247527599,0.9998788237571716,0.5714923739433289,0.7445449829101562,0.01446203701198101,0.9953740239143372,0.5225852727890015,0.7428290843963623,0.01573648303747177,0.996354341506958,0.572140097618103,0.8757126331329346,0.1767916977405548,0.9950733780860901,0.5215318202972412,0.8796477913856506,0.16256184875965118,0.9958959221839905,0.5660563111305237,0.8892530202865601,0.18705716729164124,0.9426580667495728,0.5244248509407043,0.8919802904129028,0.17175692319869995,0.8698573708534241,0.5838644504547119,0.9317519664764404,0.080986887216568,0.9922283291816711,0.5257543921470642,0.9348611831665039,0.06100047007203102,0.9923980236053467
66.66666666666667,0.5402186512947083,0.3011128902435303,-0.3485565185546875,0.9999951124191284,0.5449617505073547,0.28648841381073,-0.33639809489250183,0.999983549118042,0.5486418604850769,0.2861184775829315,-0.336395263671875,0.9999818801879883,0.5510855317115784,0.2858327329158783,-0.3364163339138031,0.9999801516532898,0.534273087978363,0.2879626750946045,-0.33633852005004883,0.9999844431877136,0.5309370160102844,0.28857237100601196,-0.3364030718803406,0.9999853372573853,0.5283198952674866,0.2892938256263733,-0.3364618718624115,0.9999858736991882,0.5562417507171631,0.2904342710971832,-0.24242110550403595,0.9999593496322632,0.5252246260643005,0.29580157995224,-0.24257774651050568,0.9999819397926331,0.5473127365112305,0.31582069396972656,-0.31107935309410095,0.9999947547912598,0.5344313979148865,0.31756556034088135,-0.31142017245292664,0.9999961256980896,0.5859492421150208,0.3777720332145691,-0.15646515786647797,0.9999452829360962,0.5074272751808167,0.38382282853126526,-0.18273217976093292,0.9999552965164185,0.591790497303009,0.49336281418800354,-0.1282282918691635,0.988290548324585,0.5056883096694946,0.5016295909881592,-0.17079287767410278,0.9938668608665466,0.5623846650123596,0.573958158493042,-0.19848600029945374,0.9571863412857056,0.5416839122772217,0.5886515378952026,-0.22922542691230774,0.9426912069320679,0.5564519166946411,0.6034335494041443,-0.2262021154165268,0.8951208591461182,0.5508968234062195,0.6143926978111267,-0.2597775459289551,0.8626722693443298,0.5500390529632568,0.5922921299934387,-0.24603809416294098,0.8964932560920715,0.5551794767379761,0.6057493686676025,-0.2732076644897461,0.8578681349754333,0.5503653287887573,0.5828341841697693,-0.20410490036010742,0.873482882976532,0.5534303784370422,0.5966378450393677,-0.2345290631055832,0.8242391347885132,0.567738950252533,0.579744279384613,0.007323449943214655,0.9998669624328613,0.5233340859413147,0.5831010937690735,-0.007429055403918028,0.9998547434806824,0.5710383653640747,0.7447165250778198,0.01800493337213993,0.995215117931366,0.5226009488105774,0.7428145408630371,0.01579545997083187,0.9961446523666382,0.5717911124229431,0.8758600354194641,0.17641884088516235,0.9949559569358826,0.5213670134544373,0.8809152841567993,0.16357602179050446,0.9956129193305969,0.5652684569358826,0.8898410201072693,0.18605253100395203,0.9426407217979431,0.5244282484054565,0.8921377658843994,0.17266623675823212,0.8672829866409302,0.583865225315094,0.9341410994529724,0.07789616286754608,0.9919279217720032,0.5259240865707397,0.9372971057891846,0.06142172962427139,0.9918688535690308
100.0,0.5407701730728149,0.30056431889533997,-0.34863850474357605,0.9999940395355225,0.5452616214752197,0.2854272425174713,-0.3366122543811798,0.9999799728393555,0.5488888621330261,0.28499871492385864,-0.33660584688186646,0.9999783635139465,0.5512999892234802,0.2845710217952728,-0.33662793040275574,0.9999761581420898,0.5347253680229187,0.28713151812553406,-0.33647772669792175,0.999980628490448,0.5313152074813843,0.28776827454566956,-0.33654242753982544,0.9999818205833435,0.5285298228263855,0.2885129153728485,-0.3365982472896576,0.9999822378158569,0.5563802719116211,0.2889302670955658,-0.24235579371452332,0.9999499917030334,0.525465726852417,0.2947751581668854,-0.24246977269649506,0.9999769330024719,0.5477744936943054,0.3156091272830963,-0.31154927611351013,0.9999934434890747,0.5351118445396423,0.3174799382686615,-0.3118060827255249,0.9999950528144836,0.5866602063179016,0.37696489691734314,-0.15631599724292755,0.9999440312385559,0.5074295401573181,0.38353097438812256,-0.18214982748031616,0.9999481439590454,0.592079758644104,0.4929511249065399,-0.12766559422016144,0.9882599711418152,0.5057845711708069,0.5018143057823181,-0.17051008343696594,0.9934773445129395,0.5623864531517029,0.5741337537765503,-0.19962649047374725,0.9585607051849365,0.541761577129364,0.5886802673339844,-0.22957715392112732,0.9436548948287964,0.5565242767333984,0.603404700756073,-0.22781088948249817,0.8983672857284546,0.5509052872657776,0.6136857867240906,-0.2601887285709381,0.8658924698829651,0.5502294301986694,0.5925941467285156,-0.24625562131404877,0.8997612595558167,0.555182158946991,0.6049449443817139,-0.27361392974853516,0.8613173365592957,0.5505479574203491,0.5831303000450134,-0.20579375326633453,0.8773389458656311,0.553570032119751,0.5963635444641113,-0.23466148972511292,0.8282665014266968,0.5677890777587891,0.5797563195228577,0.007149794604629278,0.9998509883880615,0.5228650569915771,0.5831435322761536,-0.007248429581522942,0.9998331069946289,0.5709422826766968,0.7456240653991699,0.021305572241544724,0.9950765371322632,0.5226196050643921,0.7428321242332458,0.01934707909822464,0.9958879947662354,0.5718168616294861,0.8763676285743713,0.17985817790031433,0.9948444962501526,0.5213123559951782,0.8808196187019348,0.17255403101444244,0.9952768683433533,0.5653172731399536,0.890623927116394,0.18924111127853394,0.9422609210014343,0.5243890881538391,0.8921353816986084,0.18223826587200165,0.8643521666526794,0.5838884711265564,0.93548583984375,0.07952079176902771,0.9916199445724487,0.5259258151054382,0.9373858571052551,0.06983315199613571,0.9913078546524048
133.33333333333334,0.5413730144500732,0.30046024918556213,-0.3481346666812897,0.9999927282333374,0.5455618500709534,0.2852163314819336,-0.33604711294174194,0.9999755024909973,0.5491202473640442,0.284781813621521,-0.33604246377944946,0.9999737739562988,0.5514916181564331,0.2843349277973175,-0.336063027381897,0.9999710321426392,0.5352905988693237,0.28683629631996155,-0.3361034393310547,0.9999760389328003,0.5318995714187622,0.28740957379341125,-0.33616912364959717,0.9999775886535645,0.5288986563682556,0.28817489743232727,-0.3362269401550293,0.9999779462814331,0.556475818157196,0.28848910331726074,-0.24077698588371277,0.9999377727508545,0.5258365273475647,0.2944323420524597,-0.24180208146572113,0.9999711513519287,0.5482374429702759,0.31556129455566406,-0.3105003535747528,0.9999918937683105,0.5359330773353577,0.3174557089805603,-0.3109639585018158,0.9999938011169434,0.5871015191078186,0.3763108253479004,-0.15370400249958038,0.9999422430992126,0.5074301958084106,0.3832308351993561,-0.18188221752643585,0.999942421913147,0.5923950672149658,0.49263402819633484,-0.1227724701166153,0.988095760345459,0.5058656334877014,0.5018712878227234,-0.17023809254169464,0.9931406378746033,0.562390148639679,0.5742139220237732,-0.1955239623785019,0.9596782922744751,0.5418093204498291,0.5886716246604919,-0.2293240875005722,0.9445785880088806,0.556618869304657,0.6033743619918823,-0.22526076436042786,0.9012073874473572,0.550923228263855,0.6127185225486755,-0.25975167751312256,0.8690271973609924,0.5504723191261292,0.5929574370384216,-0.24291643500328064,0.9026264548301697,0.5552150011062622,0.6039977669715881,-0.27339595556259155,0.8646775484085083,0.5507640242576599,0.5834324955940247,-0.20258502662181854,0.8807456493377686,0.5537463426589966,0.5957863926887512,-0.23430626094341278,0.8322601914405823,0.5680150389671326,0.5798161029815674,0.007449720986187458,0.9998306632041931,0.5227982401847839,0.5831553339958191,-0.0075410217978060246,0.9998090863227844,0.5709313154220581,0.7461385726928711,0.020971763879060745,0.9947927594184875,0.5226413011550903,0.7428255677223206,0.01813165470957756,0.9955605864524841,0.5718456506729126,0.8766276836395264,0.17965634167194366,0.9945800304412842,0.5212820768356323,0.8810017704963684,0.17166441679000854,0.9948342442512512,0.5653564929962158,0.8908299207687378,0.18917404115200043,0.9413788318634033,0.524340033531189,0.8921476602554321,0.18111996352672577,0.8602561950683594,0.5840015411376953,0.9362935423851013,0.08047125488519669,0.9911224842071533,0.5259574055671692,0.9380087852478027,0.06835109740495682,0.990561842918396
166.66666666666669,0.5415716171264648,0.3004700243473053,-0.35259535908699036,0.9999915957450867,0.5456401109695435,0.2852213382720947,-0.34039396047592163,0.9999715685844421,0.5492045283317566,0.28478559851646423,-0.3403879404067993,0.9999696612358093,0.5516065359115601,0.2843535244464874,-0.34040340781211853,0.9999663233757019,0.535540759563446,0.28677886724472046,-0.34049364924430847,0.9999721050262451,0.5321654081344604,0.2873442769050598,-0.3405613601207733,0.9999738931655884,0.5291170477867126,0.288112610578537,-0.3406231999397278,0.9999741911888123,0.5565458536148071,0.28850728273391724,-0.24289795756340027,0.9999262094497681,0.5262120962142944,0.2943840026855469,-0.24415872991085052,0.9999660849571228,0.5484691858291626,0.31555965542793274,-0.3140206038951874,0.9999905824661255,0.5363444685935974,0.3174540400505066,-0.3144591450691223,0.9999927282333374,0.587713897228241,0.37621986865997314,-0.15530714392662048,0.9999411702156067,0.5074499845504761,0.3829064965248108,-0.18514637649059296,0.9999390840530396,0.5925806760787964,0.49266019463539124,-0.12562114000320435,0.9880215525627136,0.5059393644332886,0.5019384622573853,-0.1747882217168808,0.9929541349411011,0.5623494386672974,0.5744362473487854,-0.1972007304430008,0.9609217643737793,0.5420323610305786,0.5886827111244202,-0.23434938490390778,0.945938766002655,0.5566186308860779,0.6033750772476196,-0.22648103535175323,0.9041497707366943,0.5511382222175598,0.6122292876243591,-0.26532071828842163,0.8727353811264038,0.5504891276359558,0.5932104587554932,-0.2431456446647644,0.905570924282074,0.5553672909736633,0.603387713432312,-0.27807480096817017,0.8685451149940491,0.5507698059082031,0.5836409330368042,-0.2040444165468216,0.8842225074768066,0.5540245175361633,0.5954095721244812,-0.23903639614582062,0.8367198705673218,0.5680650472640991,0.5800871253013611,0.008579648099839687,0.9998197555541992,0.5226848721504211,0.5833321809768677,-0.008668670430779457,0.999796450138092,0.5709041953086853,0.7469905018806458,0.025957496836781502,0.9945881962776184,0.5226492285728455,0.7428261637687683,0.01845509372651577,0.9953930377960205,0.5717942118644714,0.8766348958015442,0.18918786942958832,0.9944385886192322,0.521200954914093,0.8809019923210144,0.17610330879688263,0.9946003556251526,0.565076470375061,0.8909673690795898,0.1993188112974167,0.9415655136108398,0.5243473649024963,0.8917219638824463,0.1862722784280777,0.8587349653244019,0.5840367674827576,0.9361410140991211,0.09171535819768906,0.9908887147903442,0.5259588360786438,0.937890887260437,0.07430382817983627,0.9901910424232483
200.00000000000003,0.5416883826255798,0.300473153591156,-0.35954755544662476,0.9999903440475464,0.5456959009170532,0.2852121889591217,-0.3472772538661957,0.9999673962593079,0.549268901348114,0.284770131111145,-0.34727033972740173,0.9999654293060303,0.5517072677612305,0.2843529284000397,-0.3472905158996582,0.9999615550041199,0.5357170104980469,0.2867194712162018,-0.3473161458969116,0.9999678134918213,0.5323449373245239,0.28729352355003357,-0.34738484025001526,0.9999699592590332,0.5292931795120239,0.2880667746067047,-0.3474455773830414,0.9999700784683228,0.5566018223762512,0.2885243892669678,-0.24930238723754883,0.9999144077301025,0.5264972448348999,0.2943773567676544,-0.25005248188972473,0.9999606013298035,0.5486286282539368,0.31555840373039246,-0.320766419172287,0.9999890923500061,0.5365634560585022,0.31745243072509766,-0.32105767726898193,0.9999914765357971,0.5882211923599243,0.3762187063694,-0.15801836550235748,0.9999397993087769,0.5075053572654724,0.38280242681503296,-0.19014695286750793,0.9999349117279053,0.5927417874336243,0.4926771819591522,-0.1274842470884323,0.9879477620124817,0.5060458779335022,0.5019651651382446,-0.1795782744884491,0.9927099943161011,0.5623772144317627,0.5745946764945984,-0.2004447728395462,0.9619191288948059,0.5420867800712585,0.588666558265686,-0.23884887993335724,0.9469732046127319,0.5566743612289429,0.6033509373664856,-0.23130366206169128,0.9064604043960571,0.5511936545372009,0.6118626594543457,-0.26989996433258057,0.8757187128067017,0.5506168603897095,0.5932788848876953,-0.2489764243364334,0.9078986048698425,0.5553958415985107,0.6031566262245178,-0.28256914019584656,0.8716647028923035,0.5509372353553772,0.5837029218673706,-0.20811964571475983,0.8869490027427673,0.554114043712616,0.5952137112617493,-0.24357199668884277,0.8402790427207947,0.5680671334266663,0.5800753831863403,0.008754486218094826,0.9998102188110352,0.5225771069526672,0.5833235383033752,-0.008842545561492443,0.9997851252555847,0.5708823800086975,0.7472842931747437,0.027594685554504395,0.9944398999214172,0.5226491093635559,0.74282306432724,0.020138803869485855,0.9952263832092285,0.571768581867218,0.8767884969711304,0.1895957738161087,0.9943479895591736,0.5212013125419617,0.8807651996612549,0.1790304034948349,0.9943916201591492,0.5650109052658081,0.8914567232131958,0.19955994188785553,0.9417314529418945,0.524507999420166,0.891478955745697,0.18925780057907104,0.8573240637779236,0.5840378403663635,0.9361975789070129,0.0917811244726181,0.9906802773475647,0.5259329080581665,0.9378417730331421,0.07756341248750687,0.9898548126220703
233.33333333333337,0.5418497323989868,0.30050602555274963,-0.3611622452735901,0.9999893307685852,0.5457838177680969,0.2852151691913605,-0.3489597737789154,0.9999639391899109,0.5493690967559814,0.28476789593696594,-0.3489525616168976,0.9999618530273438,0.5518392324447632,0.2843591868877411,-0.34897246956825256,0.9999575614929199,0.5359045267105103,0.286697119474411,-0.3489222228527069,0.9999644160270691,0.5325233936309814,0.2872830927371979,-0.3489925265312195,0.9999668002128601,0.5294636487960815,0.288054496049881,-0.34905368089675903,0.9999668002128601,0.5566880106925964,0.2885339856147766,-0.251590371131897,0.9999040961265564,0.5267273187637329,0.2943758964538574,-0.251891165971756,0.9999560713768005,0.5488434433937073,0.31558680534362793,-0.3226337730884552,0.9999878406524658,0.5368524193763733,0.3174745440483093,-0.3227996826171875,0.9999904632568359,0.5886927843093872,0.3762141168117523,-0.1594584435224533,0.9999386668205261,0.5076281428337097,0.38273364305496216,-0.19284366071224213,0.9999321699142456,0.5928890705108643,0.4926895201206207,-0.12774960696697235,0.9879191517829895,0.5062367916107178,0.5019683241844177,-0.18319858610630035,0.992542564868927,0.5623806715011597,0.5747140645980835,-0.20436657965183258,0.9629486799240112,0.5421639084815979,0.5886607766151428,-0.2427014857530594,0.9480465054512024,0.5566731095314026,0.6033158302307129,-0.23558999598026276,0.9088485240936279,0.5513026714324951,0.6116914749145508,-0.27383896708488464,0.8786433339118958,0.5506232380867004,0.5932791829109192,-0.252934992313385,0.9102949500083923,0.5554319620132446,0.6030318737030029,-0.28631266951560974,0.874732494354248,0.5509763956069946,0.5837018489837646,-0.21207112073898315,0.8897387385368347,0.5541846752166748,0.5951102375984192,-0.24738271534442902,0.8438594937324524,0.5680716633796692,0.5799638628959656,0.009530455805361271,0.9997994899749756,0.5225261449813843,0.5831345915794373,-0.009615682996809483,0.9997745752334595,0.5707787871360779,0.7472854256629944,0.03045959398150444,0.9941670894622803,0.5226303935050964,0.7427079081535339,0.02007928118109703,0.9950240254402161,0.5715323686599731,0.8767779469490051,0.1897091567516327,0.9941647052764893,0.5208223462104797,0.8806967735290527,0.17667508125305176,0.9941524863243103,0.5646810531616211,0.8914527893066406,0.19949612021446228,0.9414963126182556,0.5243223905563354,0.8914816379547119,0.18664006888866425,0.8555790781974792,0.5840379595756531,0.9360939860343933,0.0926889106631279,0.9903749227523804,0.5259295105934143,0.9377589225769043,0.07567886263132095,0.9894434809684753
266.6666666666667,0.542056679725647,0.30054283142089844,-0.3614727556705475,0.9999882578849792,0.5459447503089905,0.285221666097641,-0.34941521286964417,0.99996018409729,0.5495550632476807,0.2847723364830017,-0.34940919280052185,0.9999580979347229,0.5520445704460144,0.2843693792819977,-0.34942856431007385,0.9999532699584961,0.5361093282699585,0.2866968512535095,-0.349350243806839,0.9999606609344482,0.5327021479606628,0.28728848695755005,-0.3494201600551605,0.9999633431434631,0.5296310782432556,0.28806057572364807,-0.3494809865951538,0.9999631643295288,0.5568786859512329,0.2885452210903168,-0.25258201360702515,0.9998931884765625,0.5269191265106201,0.294386625289917,-0.2526756227016449,0.9999510645866394,0.5491379499435425,0.31560009717941284,-0.32308119535446167,0.999986469745636,0.5371038913726807,0.31748145818710327,-0.32321006059646606,0.9999893307685852,0.5891406536102295,0.3761882185935974,-0.16080312430858612,0.9999377131462097,0.5077447295188904,0.3826637864112854,-0.19352270662784576,0.9999293088912964,0.5930936932563782,0.4927282929420471,-0.12838272750377655,0.9878520965576172,0.5064546465873718,0.5019710659980774,-0.1836603283882141,0.9923149943351746,0.5624088644981384,0.5748257637023926,-0.20595583319664001,0.9636656045913696,0.5423405170440674,0.5886610746383667,-0.24279814958572388,0.9486251473426819,0.5566740036010742,0.6033126711845398,-0.2369711846113205,0.9105949401855469,0.5514090061187744,0.6117147207260132,-0.27361586689949036,0.8805739879608154,0.5506353974342346,0.593273401260376,-0.25399255752563477,0.9120710492134094,0.5554866194725037,0.6030309200286865,-0.2860453724861145,0.8767861127853394,0.5510298013687134,0.5836774110794067,-0.21352767944335938,0.891812801361084,0.5543016195297241,0.5950871706008911,-0.2474616914987564,0.8462476134300232,0.5680753588676453,0.579961895942688,0.00958561897277832,0.9997889399528503,0.5224932432174683,0.5830159783363342,-0.009670855477452278,0.9997631907463074,0.570738673210144,0.7477513551712036,0.03255089744925499,0.9939204454421997,0.5227319002151489,0.7420154809951782,0.020841429010033607,0.994813084602356,0.5716306567192078,0.8768470883369446,0.18880754709243774,0.9940184950828552,0.5207896828651428,0.8806716203689575,0.17614179849624634,0.9938972592353821,0.5647013187408447,0.8915296196937561,0.19846603274345398,0.9411267638206482,0.5241965651512146,0.8914846181869507,0.18600131571292877,0.8536696434020996,0.5840737819671631,0.9362108707427979,0.092017263174057,0.9901109933853149,0.5259270071983337,0.9376422166824341,0.07518509030342102,0.9890207648277283
300.0,0.5422584414482117,0.3005978465080261,-0.35979020595550537,0.9999870657920837,0.5460963845252991,0.2852376699447632,-0.3476216197013855,0.9999558925628662,0.5497064590454102,0.284782350063324,-0.34762176871299744,0.9999538660049438,0.5522273182868958,0.28438037633895874,-0.347637802362442,0.9999485015869141,0.5363355278968811,0.2867029011249542,-0.34767264127731323,0.9999561905860901,0.5329247117042542,0.2873167097568512,-0.34774208068847656,0.9999592304229736,0.5298418402671814,0.2880801558494568,-0.3478083908557892,0.9999588131904602,0.556972086429596,0.2885614037513733,-0.2499428689479828,0.9998821020126343,0.5271250009536743,0.2944032847881317,-0.2501675486564636,0.9999448657035828,0.5493500828742981,0.3156187832355499,-0.3209182918071747,0.9999851584434509,0.5373469591140747,0.317491739988327,-0.3210999369621277,0.9999881386756897,0.5894169211387634,0.37615859508514404,-0.15957383811473846,0.9999368786811829,0.5078439116477966,0.3826727271080017,-0.19125482439994812,0.9999252557754517,0.5933223962783813,0.4927418529987335,-0.12848113477230072,0.9878537654876709,0.5067424178123474,0.5020129680633545,-0.18093985319137573,0.9920660257339478,0.5624584555625916,0.5748412013053894,-0.20489822328090668,0.9645612835884094,0.5424911379814148,0.5886603593826294,-0.24171608686447144,0.9490822553634644,0.5566984415054321,0.6032980680465698,-0.23649738729000092,0.9127708673477173,0.5515466332435608,0.6116647720336914,-0.27354463934898376,0.8822936415672302,0.550683856010437,0.5932561755180359,-0.25386396050453186,0.9142702221870422,0.555571436882019,0.6030193567276001,-0.28508663177490234,0.8786443471908569,0.5511119365692139,0.5836377143859863,-0.2125464528799057,0.8943690657615662,0.5544124245643616,0.595072865486145,-0.24676363170146942,0.8484260439872742,0.5681023001670837,0.5800777673721313,0.009556854143738747,0.9997752904891968,0.5224929451942444,0.5830979347229004,-0.009643481113016605,0.9997472167015076,0.5707353949546814,0.747826337814331,0.030809354037046432,0.9937273263931274,0.5230038166046143,0.7419823408126831,0.02093646116554737,0.9945706129074097,0.5718241930007935,0.8767431974411011,0.18903528153896332,0.9938390254974365,0.5208640694618225,0.8806091547012329,0.17641796171665192,0.9935659170150757,0.5648030042648315,0.8913401365280151,0.19879131019115448,0.9402627348899841,0.5242266058921814,0.8914996385574341,0.18635264039039612,0.8509331345558167,0.5840746760368347,0.936122715473175,0.0919695645570755,0.9898037314414978,0.5260517597198486,0.9375239610671997,0.07518521696329117,0.9885069131851196
333.3333333333333,0.5425111651420593,0.30062922835350037,-0.35678350925445557,0.9999861717224121,0.5462800860404968,0.28525590896606445,-0.3448147475719452,0.9999525547027588,0.5498769283294678,0.2847957909107208,-0.3448144197463989,0.9999504685401917,0.552407443523407,0.2843962013721466,-0.34482675790786743,0.999944806098938,0.5365927815437317,0.28671324253082275,-0.3447941541671753,0.9999529123306274,0.5331963300704956,0.2873566150665283,-0.3448633551597595,0.9999561905860901,0.5300884246826172,0.28811731934547424,-0.34492990374565125,0.9999557733535767,0.5570539236068726,0.2885749936103821,-0.248418390750885,0.9998726844787598,0.5273600816726685,0.29441118240356445,-0.2484208047389984,0.9999403357505798,0.5495944619178772,0.3156278133392334,-0.31850573420524597,0.9999842047691345,0.5376557111740112,0.3175047039985657,-0.31860509514808655,0.9999873042106628,0.5896079540252686,0.37613770365715027,-0.15928880870342255,0.9999368786811829,0.5080010294914246,0.38268566131591797,-0.19004124402999878,0.9999228715896606,0.5935600399971008,0.49275779724121094,-0.1286442130804062,0.987882137298584,0.5068362355232239,0.5019941329956055,-0.17999742925167084,0.9919476509094238,0.5625854134559631,0.5748940706253052,-0.20408183336257935,0.9654838442802429,0.5426573157310486,0.5886425375938416,-0.24161097407341003,0.9497386813163757,0.5567967295646667,0.6032965779304504,-0.23565292358398438,0.9150218367576599,0.5516970753669739,0.611664354801178,-0.27282994985580444,0.8841785788536072,0.5507859587669373,0.5932657718658447,-0.25348785519599915,0.9165235161781311,0.5556767582893372,0.6030362248420715,-0.2846315801143646,0.8806360960006714,0.5512330532073975,0.5836427211761475,-0.21175138652324677,0.8970018625259399,0.5545276403427124,0.5950709581375122,-0.24656182527542114,0.8508620858192444,0.5681289434432983,0.5797989368438721,0.009534000419080257,0.9997597932815552,0.5224985480308533,0.5827608108520508,-0.009622029028832912,0.9997307658195496,0.570691704750061,0.7472946047782898,0.03067382052540779,0.9933902025222778,0.5230375528335571,0.7412711381912231,0.01963285356760025,0.9942587614059448,0.572087824344635,0.8765740394592285,0.18426455557346344,0.9935356378555298,0.520840585231781,0.8805743455886841,0.16886533796787262,0.99312424659729,0.5650116205215454,0.8910273313522339,0.19306287169456482,0.938300609588623,0.5241073966026306,0.8915160298347473,0.17812591791152954,0.8467677235603333,0.5840862393379211,0.9361282587051392,0.08607206493616104,0.9893103837966919,0.526069164276123,0.9374606013298035,0.06669383496046066,0.98778235912323
366.66666666666663,0.5426203608512878,0.30064958333969116,-0.34763315320014954,0.99998539686203,0.5463874340057373,0.2852606177330017,-0.33556386828422546,0.9999498724937439,0.5499798655509949,0.2848000228404999,-0.3355609178543091,0.9999476671218872,0.5525586009025574,0.28440186381340027,-0.33556994795799255,0.9999417662620544,0.5367175936698914,0.286717027425766,-0.3354364335536957,0.9999501705169678,0.5333074927330017,0.28736796975135803,-0.33550262451171875,0.99995356798172,0.5302311182022095,0.2881244719028473,-0.33556780219078064,0.9999531507492065,0.5571860074996948,0.2885855436325073,-0.24027599394321442,0.9998655915260315,0.5275166034698486,0.2944185435771942,-0.2397158145904541,0.999936580657959,0.549728274345398,0.3156295716762543,-0.3099093735218048,0.9999836087226868,0.5377495884895325,0.3175060451030731,-0.3098447620868683,0.9999867677688599,0.5898321866989136,0.37610968947410583,-0.15253201127052307,0.9999376535415649,0.5080656409263611,0.38269251585006714,-0.18376727402210236,0.9999216794967651,0.5938513875007629,0.4927682876586914,-0.12179932743310928,0.9879773259162903,0.5069410800933838,0.5019838809967041,-0.1742655336856842,0.9918822050094604,0.5626645684242249,0.5749964714050293,-0.1964593380689621,0.9665864109992981,0.5430200099945068,0.5886415243148804,-0.2349296510219574,0.950566828250885,0.5569614768028259,0.6032938957214355,-0.22757786512374878,0.9176865816116333,0.5519885420799255,0.6116801500320435,-0.2659315764904022,0.88629150390625,0.5509999394416809,0.5932661294937134,-0.2445070743560791,0.9191855192184448,0.5559170246124268,0.6030493378639221,-0.27772966027259827,0.8828545808792114,0.5514068007469177,0.5836427211761475,-0.20378734171390533,0.9001240134239197,0.5548239946365356,0.59507155418396,-0.23952332139015198,0.853581428527832,0.5681390166282654,0.5798625349998474,0.010000715032219887,0.9997479915618896,0.5225056409835815,0.5827586054801941,-0.010084728710353374,0.9997180104255676,0.5707038044929504,0.7473935484886169,0.030086347833275795,0.9930459856987,0.523050844669342,0.7410809397697449,0.016652243211865425,0.9940007328987122,0.5722949504852295,0.8761822581291199,0.18428587913513184,0.9932067394256592,0.5202552676200867,0.8809145092964172,0.16533538699150085,0.992720365524292,0.5651243329048157,0.8905009031295776,0.19308657944202423,0.9361912608146667,0.522820770740509,0.8918889164924622,0.17466138303279877,0.8428946137428284,0.5840879082679749,0.9360781908035278,0.08617190271615982,0.9888041615486145,0.526107668876648,0.9376335144042969,0.06298701465129852,0.987131655216217
399.99999999999994,0.5427225232124329,0.3006550967693329,-0.3537808358669281,0.9999845027923584,0.546517550945282,0.28526344895362854,-0.3411707580089569,0.9999467730522156,0.550105631351471,0.28480345010757446,-0.3411731719970703,0.9999444484710693,0.5527202486991882,0.2844105660915375,-0.34118524193763733,0.9999381303787231,0.5368477702140808,0.28670477867126465,-0.3410629630088806,0.9999470710754395,0.5334113836288452,0.2873661518096924,-0.3411286473274231,0.999950647354126,0.5303633213043213,0.2881201505661011,-0.3411926329135895,0.9999502897262573,0.557316780090332,0.2885955572128296,-0.24276284873485565,0.9998560547828674,0.5276374816894531,0.29441824555397034,-0.24215826392173767,0.9999319314956665,0.5498393177986145,0.3156253695487976,-0.31490734219551086,0.9999828338623047,0.5377917885780334,0.3174985349178314,-0.3148849904537201,0.9999862313270569,0.5898715853691101,0.3761020302772522,-0.1533949226140976,0.9999380707740784,0.5080984234809875,0.38269975781440735,-0.18400685489177704,0.9999200701713562,0.5940517783164978,0.49277767539024353,-0.12520083785057068,0.9880577921867371,0.5069617033004761,0.5019457936286926,-0.17596985399723053,0.991792619228363,0.5628339648246765,0.5751158595085144,-0.20773600041866302,0.9674681425094604,0.5434167385101318,0.5885999798774719,-0.24220174551010132,0.9511926174163818,0.557245671749115,0.6032871603965759,-0.24025753140449524,0.9197730422019958,0.5523248314857483,0.6116935610771179,-0.27486592531204224,0.8880351781845093,0.5513066649436951,0.593265175819397,-0.257239431142807,0.9212572574615479,0.5562278032302856,0.6030576825141907,-0.2864089608192444,0.8847094774246216,0.5516679286956787,0.5836418867111206,-0.2152816653251648,0.9024571180343628,0.5551474690437317,0.5950706601142883,-0.246661975979805,0.8555664420127869,0.5683148503303528,0.5802363753318787,0.009976041503250599,0.9997384548187256,0.5225133895874023,0.582832932472229,-0.010060020722448826,0.9997095465660095,0.5707314610481262,0.7474439144134521,0.03552477806806564,0.9927864074707031,0.523082971572876,0.7405930757522583,0.011662924662232399,0.9937840700149536,0.5727986693382263,0.8758740425109863,0.2038847655057907,0.9929186701774597,0.5202932953834534,0.8809024095535278,0.16565103828907013,0.9923640489578247,0.5656626224517822,0.890110969543457,0.21467208862304688,0.933758556842804,0.5228492021560669,0.8917041420936584,0.17529429495334625,0.8390053510665894,0.5840994119644165,0.9360597729682922,0.10573744773864746,0.9884005188941956,0.5264753699302673,0.937710702419281,0.06137406453490257,0.9866538643836975
433.33333333333326,0.5427946448326111,0.3006425201892853,-0.35487279295921326,0.9999837279319763,0.546617865562439,0.2852528989315033,-0.3421565592288971,0.9999439716339111,0.550200879573822,0.28479722142219543,-0.3421574532985687,0.9999415874481201,0.5528491735458374,0.28441405296325684,-0.3421684801578522,0.9999349117279053,0.5369458794593811,0.2866747975349426,-0.34210503101348877,0.9999442100524902,0.5334938764572144,0.2873498499393463,-0.34217002987861633,0.9999479651451111,0.5304802656173706,0.28810545802116394,-0.34223446249961853,0.9999475479125977,0.5574632287025452,0.28860363364219666,-0.24308672547340393,0.9998475909233093,0.5277668833732605,0.2944115102291107,-0.2424604892730713,0.9999276995658875,0.5499065518379211,0.3155989348888397,-0.31569090485572815,0.9999821186065674,0.5378050208091736,0.31747516989707947,-0.31571897864341736,0.9999856352806091,0.5898993015289307,0.3760693371295929,-0.15439262986183167,0.9999383687973022,0.5081797242164612,0.38269978761672974,-0.18427075445652008,0.9999182820320129,0.594213604927063,0.49278852343559265,-0.12604501843452454,0.9880666136741638,0.5070032477378845,0.5018426179885864,-0.17631173133850098,0.9917523264884949,0.5629461407661438,0.5751206278800964,-0.2075553834438324,0.9682208895683289,0.5436913371086121,0.5885464549064636,-0.24249844253063202,0.9520546197891235,0.5573685765266418,0.6032006144523621,-0.23994244635105133,0.9216212034225464,0.5525035262107849,0.6116679310798645,-0.2749728858470917,0.8901914954185486,0.5515158772468567,0.5931682586669922,-0.2571122348308563,0.9231226444244385,0.5564476251602173,0.6029713749885559,-0.28697633743286133,0.886964738368988,0.5518661141395569,0.5835035443305969,-0.21518264710903168,0.9045785665512085,0.555387556552887,0.5949088335037231,-0.24706625938415527,0.8580583930015564,0.5683973431587219,0.5808590054512024,0.010144355706870556,0.9997313618659973,0.5225270986557007,0.5831344723701477,-0.01022945623844862,0.9996997117996216,0.5707915425300598,0.7475019097328186,0.03506573662161827,0.9926636815071106,0.523158073425293,0.7406455278396606,0.015218590386211872,0.9936450123786926,0.5729854106903076,0.8758523464202881,0.2020980715751648,0.9928309321403503,0.5203127861022949,0.8808881044387817,0.17825807631015778,0.9921380877494812,0.5657891035079956,0.8900856971740723,0.21268853545188904,0.9329525232315063,0.5228675603866577,0.8916727900505066,0.18894900381565094,0.8368402123451233,0.5840998291969299,0.9360389709472656,0.10329117625951767,0.9882901310920715,0.5267248749732971,0.9379698038101196,0.07406704872846603,0.9863466620445251
466.6666666666666,0.5428416728973389,0.3005794286727905,-0.35706761479377747,0.999983012676239,0.5467119216918945,0.28518131375312805,-0.34434694051742554,0.999941349029541,0.5503003597259521,0.28473061323165894,-0.3443443477153778,0.9999389052391052,0.5529746413230896,0.2843643128871918,-0.34435632824897766,0.999931812286377,0.5370184779167175,0.28656962513923645,-0.34439370036125183,0.9999414086341858,0.5335396528244019,0.28725773096084595,-0.344458669424057,0.9999452829360962,0.530558705329895,0.2880251705646515,-0.34452295303344727,0.999944806098938,0.5576433539390564,0.2885860502719879,-0.2437543272972107,0.9998403191566467,0.5278384685516357,0.29434919357299805,-0.24352583289146423,0.9999236464500427,0.5499618053436279,0.31554660201072693,-0.3173365890979767,0.9999815225601196,0.537800669670105,0.31741446256637573,-0.31747302412986755,0.9999850988388062,0.5898998975753784,0.3760230541229248,-0.1548658162355423,0.9999388456344604,0.5082491040229797,0.3826749622821808,-0.1845983862876892,0.9999164938926697,0.5943795442581177,0.4927975833415985,-0.12488429993391037,0.9880419969558716,0.5070522427558899,0.5016968846321106,-0.17601951956748962,0.991631805896759,0.5630882382392883,0.5750986337661743,-0.20715168118476868,0.968795895576477,0.5441941022872925,0.5885273218154907,-0.2418496310710907,0.9526364207267761,0.5575712323188782,0.6031149625778198,-0.23919881880283356,0.9230770468711853,0.5528528690338135,0.6116245985031128,-0.27389511466026306,0.8917876482009888,0.5517653822898865,0.5930880904197693,-0.256047785282135,0.9246143698692322,0.5568006038665771,0.6029040217399597,-0.2861812710762024,0.8886762261390686,0.5520662069320679,0.5833516716957092,-0.21502217650413513,0.9062629342079163,0.5557085871696472,0.5948234796524048,-0.24642379581928253,0.8599126935005188,0.5689143538475037,0.5816132426261902,0.01018847431987524,0.9997270703315735,0.5226886868476868,0.5839741230010986,-0.010276129469275475,0.9996913075447083,0.5711024403572083,0.7483381032943726,0.03434562310576439,0.9926777482032776,0.5233646035194397,0.7420890927314758,0.017423607409000397,0.9935308694839478,0.5731821060180664,0.8759127855300903,0.20692548155784607,0.9928181767463684,0.5202969908714294,0.8808711767196655,0.18960563838481903,0.9919798374176025,0.5660030245780945,0.8900870084762573,0.21840430796146393,0.9323996305465698,0.5228867530822754,0.8915543556213379,0.2012530118227005,0.835575520992279,0.5841670632362366,0.9360764622688293,0.10715712606906891,0.9882600903511047,0.5267199873924255,0.9381729364395142,0.08560357242822647,0.9861885905265808
499.9999999999999,0.5429242849349976,0.30041393637657166,-0.35054701566696167,0.9999826550483704,0.5468373894691467,0.28504690527915955,-0.3378915786743164,0.9999402165412903,0.5504284501075745,0.28460538387298584,-0.3378887176513672,0.9999376535415649,0.5531010031700134,0.2842652499675751,-0.3379001319408417,0.9999303817749023,0.5371273756027222,0.2863859534263611,-0.3379322290420532,0.9999401569366455,0.5336294174194336,0.2870737612247467,-0.3379959464073181,0.9999439716339111,0.530657172203064,0.2878672480583191,-0.33805882930755615,0.9999434947967529,0.5578315258026123,0.2885645627975464,-0.23866982758045197,0.9998376369476318,0.5279366374015808,0.29423099756240845,-0.23866674304008484,0.999921977519989,0.5500448346138,0.3154290020465851,-0.3112485706806183,0.9999813437461853,0.5378167629241943,0.31727510690689087,-0.31139832735061646,0.9999849796295166,0.5899137854576111,0.3760126531124115,-0.1491921991109848,0.9999394416809082,0.5083094835281372,0.3825693726539612,-0.18041355907917023,0.9999159574508667,0.594504714012146,0.49281299114227295,-0.11742252856492996,0.9880269765853882,0.507118284702301,0.5016578435897827,-0.17051492631435394,0.9915416240692139,0.5632067322731018,0.5750225782394409,-0.1975109726190567,0.9693642854690552,0.5447405576705933,0.5884481072425842,-0.23577818274497986,0.9530748128890991,0.5577046871185303,0.6029335856437683,-0.22954697906970978,0.9245038628578186,0.5533102750778198,0.6114974021911621,-0.267524391412735,0.8931138515472412,0.5518360137939453,0.5929266214370728,-0.2465638518333435,0.9260520339012146,0.5572222471237183,0.6028618812561035,-0.28014129400253296,0.8900863528251648,0.5521352291107178,0.5831629037857056,-0.20519353449344635,0.907946765422821,0.5560802221298218,0.5947527289390564,-0.2404489815235138,0.861513078212738,0.5691204071044922,0.5822995901107788,0.010757416486740112,0.9997209906578064,0.5227459073066711,0.5845674276351929,-0.010847684927284718,0.9996814131736755,0.571321427822113,0.7497049570083618,0.029961086809635162,0.9925022721290588,0.5233768820762634,0.7435507774353027,0.015453395433723927,0.9933853149414062,0.5734137892723083,0.8760263323783875,0.20293983817100525,0.9925962686538696,0.5203006267547607,0.8819049596786499,0.18466666340827942,0.9916781187057495,0.5661563277244568,0.8902475237846375,0.214120551943779,0.9313287138938904,0.5228973627090454,0.8921695947647095,0.1955270916223526,0.8329309225082397,0.584550678730011,0.9362398982048035,0.10457558184862137,0.9879603981971741,0.5267226696014404,0.939166247844696,0.08153564482927322,0.9857555031776428
533.3333333333333,0.5429658889770508,0.30021461844444275,-0.3506930470466614,0.9999818205833435,0.5469182133674622,0.284906804561615,-0.33816295862197876,0.9999371767044067,0.550510048866272,0.2844761312007904,-0.33815962076187134,0.9999344944953918,0.5531901717185974,0.2841531038284302,-0.3381716310977936,0.999926745891571,0.5372060537338257,0.2862091660499573,-0.33816400170326233,0.9999371767044067,0.5336970090866089,0.2869035303592682,-0.3382287323474884,0.9999412298202515,0.5307400822639465,0.28772443532943726,-0.3382917046546936,0.9999406933784485,0.5579997301101685,0.2885354161262512,-0.23980805277824402,0.9998284578323364,0.5280534029006958,0.2941462993621826,-0.2397340089082718,0.9999181628227234,0.5500966310501099,0.31529104709625244,-0.31172335147857666,0.9999803900718689,0.5378221869468689,0.3171280026435852,-0.3118427097797394,0.9999843239784241,0.5899397134780884,0.3760121464729309,-0.15040871500968933,0.9999383687973022,0.5084004998207092,0.3825693130493164,-0.18131206929683685,0.9999145269393921,0.5946557521820068,0.49299049377441406,-0.11912410706281662,0.987870454788208,0.507270872592926,0.5017127990722656,-0.17137190699577332,0.9914582371711731,0.5635778307914734,0.57497239112854,-0.19730019569396973,0.9694535136222839,0.5456268787384033,0.5884270071983337,-0.23567630350589752,0.9534152150154114,0.5579116940498352,0.6027952432632446,-0.22895017266273499,0.9249535799026489,0.554090142250061,0.6114174723625183,-0.26715660095214844,0.8941223621368408,0.5519817471504211,0.5926493406295776,-0.24576358497142792,0.9265542030334473,0.5579544901847839,0.6028165817260742,-0.27969178557395935,0.8911603689193726,0.5523589253425598,0.5828601717948914,-0.20481668412685394,0.9085105061531067,0.5567441582679749,0.594694197177887,-0.24028852581977844,0.8626779913902283,0.569318413734436,0.5824655294418335,0.010895338840782642,0.9997137784957886,0.5228011608123779,0.5847476720809937,-0.010988056659698486,0.9996718764305115,0.5714484453201294,0.7500869035720825,0.029891110956668854,0.9922975301742554,0.5235176086425781,0.7436681985855103,0.015588550828397274,0.9932118654251099,0.573778510093689,0.876137912273407,0.2016296237707138,0.9924278259277344,0.5202847719192505,0.8819188475608826,0.18238435685634613,0.9913998246192932,0.5665837526321411,0.8904887437820435,0.2126520276069641,0.9302414655685425,0.5228047370910645,0.8923200368881226,0.19299529492855072,0.8303070664405823,0.5848826169967651,0.936346709728241,0.10413801670074463,0.9876987338066101,0.5267126560211182,0.9394146800041199,0.07949110865592957,0.985331118106842
566.6666666666666,0.5430097579956055,0.2999975085258484,-0.3526695966720581,0.9999814629554749,0.547021210193634,0.2847976088523865,-0.34010079503059387,0.9999359250068665,0.5506139397621155,0.28438809514045715,-0.340095579624176,0.9999331831932068,0.5532952547073364,0.28409188985824585,-0.3401086926460266,0.9999252557754517,0.5373172760009766,0.28602710366249084,-0.34002360701560974,0.9999358654022217,0.5338156223297119,0.2867021858692169,-0.34008899331092834,0.9999399781227112,0.5308563113212585,0.28753483295440674,-0.3401523232460022,0.9999394416809082,0.5581766366958618,0.2885369062423706,-0.24105750024318695,0.9998250007629395,0.528215229511261,0.29401808977127075,-0.24051710963249207,0.9999163150787354,0.5501368045806885,0.31515660881996155,-0.3134775459766388,0.9999801516532898,0.5378304719924927,0.31694525480270386,-0.3134723901748657,0.999984085559845,0.5899699926376343,0.3760114908218384,-0.15074923634529114,0.9999381899833679,0.5084965229034424,0.3825230300426483,-0.18274551630020142,0.9999136924743652,0.5948255062103271,0.49311456084251404,-0.11972081661224365,0.987858772277832,0.5073950886726379,0.5017706751823425,-0.17316491901874542,0.9914182424545288,0.5637807846069336,0.5749091506004333,-0.19831618666648865,0.969744086265564,0.5462236404418945,0.5884201526641846,-0.236528679728508,0.9539328217506409,0.5580235123634338,0.6026447415351868,-0.23040476441383362,0.9256607294082642,0.55461585521698,0.6113537549972534,-0.2681395709514618,0.895397961139679,0.552068829536438,0.592407763004303,-0.24703603982925415,0.9272795915603638,0.5584197640419006,0.6027724742889404,-0.28054675459861755,0.8924946188926697,0.5524829626083374,0.5826091766357422,-0.20581141114234924,0.9093716144561768,0.5571664571762085,0.5946488380432129,-0.24108648300170898,0.8641513586044312,0.5695279836654663,0.5826535820960999,0.010920608416199684,0.9997097849845886,0.5228822827339172,0.5849559903144836,-0.011013866402208805,0.999666154384613,0.5715864896774292,0.7502768039703369,0.029407570138573647,0.9922111630439758,0.5236421227455139,0.7445482611656189,0.015762345865368843,0.9930993318557739,0.5737854242324829,0.8761633634567261,0.20193879306316376,0.9923352003097534,0.5202794671058655,0.8818962574005127,0.1834878921508789,0.9912539720535278,0.5665799379348755,0.890511155128479,0.21322156488895416,0.9297242164611816,0.5228157639503479,0.892375648021698,0.19452683627605438,0.828843355178833,0.5849013924598694,0.9363405704498291,0.10448158532381058,0.9875739216804504,0.5267006158828735,0.9395768046379089,0.08055710047483444,0.9851387143135071
600.0,0.5430381894111633,0.29975834488868713,-0.3576536178588867,0.9999805688858032,0.5471151471138,0.28468453884124756,-0.3450690805912018,0.9999329447746277,0.5507143139839172,0.28429800271987915,-0.345064252614975,0.9999302625656128,0.55340176820755,0.284030020236969,-0.34508174657821655,0.9999220371246338,0.5374165773391724,0.28583085536956787,-0.3448961675167084,0.9999328255653381,0.533931314945221,0.28647783398628235,-0.3449655771255493,0.9999372959136963,0.5309754014015198,0.2873145639896393,-0.3450314700603485,0.9999367594718933,0.5584210157394409,0.2885386645793915,-0.24632471799850464,0.9998164176940918,0.5284096002578735,0.2938525378704071,-0.2452133148908615,0.9999122023582458,0.5501618981361389,0.3149840235710144,-0.31862872838974,0.9999793171882629,0.5378342270851135,0.3167262673377991,-0.3184794485569,0.9999834299087524,0.5900323390960693,0.37601256370544434,-0.1557023823261261,0.9999370574951172,0.5086867213249207,0.3825172185897827,-0.18807080388069153,0.9999116659164429,0.5949190855026245,0.493304044008255,-0.1274951696395874,0.9877645373344421,0.5076366066932678,0.5018624663352966,-0.17942601442337036,0.9913657307624817,0.5639685392379761,0.574889063835144,-0.20715799927711487,0.9697567820549011,0.5466233491897583,0.588397204875946,-0.2422107309103012,0.9542118310928345,0.5581190586090088,0.6025962829589844,-0.2395579218864441,0.9258480668067932,0.5549628138542175,0.611308217048645,-0.2742054760456085,0.8962188959121704,0.552169144153595,0.5923064351081848,-0.2561745345592499,0.927518904209137,0.5587139129638672,0.6027401685714722,-0.28664255142211914,0.8933851718902588,0.5526431798934937,0.5824827551841736,-0.21469230949878693,0.9096390008926392,0.5574357509613037,0.594586968421936,-0.2468624860048294,0.8651211261749268,0.5696033239364624,0.5826500654220581,0.010931835509836674,0.9997037649154663,0.5229173302650452,0.5849644541740417,-0.011025557294487953,0.9996581077575684,0.5715845823287964,0.7501891255378723,0.03020680695772171,0.9920670390129089,0.5236619710922241,0.7446630597114563,0.01702996902167797,0.9929584860801697,0.5739290118217468,0.8761951923370361,0.2032310515642166,0.992206335067749,0.5202814936637878,0.8818759322166443,0.1855907440185547,0.991008996963501,0.5667849779129028,0.8906260132789612,0.21450644731521606,0.92831951379776,0.5228216648101807,0.8923234343528748,0.19686026871204376,0.8259111642837524,0.5849453210830688,0.9363759756088257,0.1053057387471199,0.9873781204223633,0.5266920328140259,0.9397774934768677,0.0828220322728157,0.9847822189331055
633.3333333333334,0.5430812239646912,0.2994079291820526,-0.35743248462677,0.9999801516532898,0.5472241640090942,0.28453564643859863,-0.34484851360321045,0.9999318718910217,0.5508298873901367,0.28416967391967773,-0.3448438048362732,0.9999291300773621,0.5535188913345337,0.28392767906188965,-0.34486114978790283,0.9999209046363831,0.5375177264213562,0.28561297059059143,-0.3446846306324005,0.9999316334724426,0.5340439081192017,0.2862290143966675,-0.34475356340408325,0.9999361634254456,0.5310927629470825,0.2870721220970154,-0.3448185324668884,0.9999356269836426,0.5586500763893127,0.28853368759155273,-0.24627944827079773,0.9998132586479187,0.5286110043525696,0.2936978042125702,-0.24520397186279297,0.9999104142189026,0.5502121448516846,0.3147324025630951,-0.31849467754364014,0.9999789595603943,0.5378498435020447,0.3164529800415039,-0.318363219499588,0.9999831914901733,0.5900923609733582,0.37603089213371277,-0.15566961467266083,0.9999362826347351,0.5090109705924988,0.38250938057899475,-0.18802450597286224,0.9999100565910339,0.5949577689170837,0.49349716305732727,-0.12754422426223755,0.9877333641052246,0.5076982378959656,0.5018428564071655,-0.17948657274246216,0.9913012385368347,0.5642605423927307,0.5748965740203857,-0.20744845271110535,0.9699034690856934,0.5465883016586304,0.5882118344306946,-0.2423786222934723,0.9542735815048218,0.5582215189933777,0.6025688648223877,-0.23960599303245544,0.9262369275093079,0.5549566149711609,0.6112104058265686,-0.27427080273628235,0.8965451121330261,0.5522550940513611,0.5922302007675171,-0.2561682462692261,0.9279349446296692,0.558725893497467,0.6026670932769775,-0.28650107979774475,0.8937535881996155,0.552790105342865,0.5824288725852966,-0.2149311602115631,0.9101163148880005,0.5574468374252319,0.5944284200668335,-0.24696405231952667,0.8654845952987671,0.5696429014205933,0.5827496647834778,0.011224993504583836,0.9996976256370544,0.5229424834251404,0.5849961638450623,-0.011320355348289013,0.9996497631072998,0.5716196298599243,0.7502002120018005,0.03014860488474369,0.9918943047523499,0.5236798524856567,0.7446482181549072,0.016642289236187935,0.9928520917892456,0.5739718675613403,0.8762086033821106,0.2032524049282074,0.9920632839202881,0.5202902555465698,0.8818593621253967,0.1842094510793686,0.9908128976821899,0.566827654838562,0.8906396627426147,0.21457794308662415,0.9272940158843994,0.5228281021118164,0.8923034071922302,0.19529272615909576,0.8233922719955444,0.5850055813789368,0.936368465423584,0.10549843311309814,0.987172544002533,0.5266911387443542,0.9398908615112305,0.0815376415848732,0.9844583868980408
666.6666666666667,0.5431283116340637,0.2990407943725586,-0.3572304844856262,0.9999801516532898,0.5473483800888062,0.28434380888938904,-0.3447026014328003,0.9999318718910217,0.5509656071662903,0.2840045690536499,-0.34469521045684814,0.9999290704727173,0.5536621809005737,0.2837969660758972,-0.34470996260643005,0.9999208450317383,0.5376177430152893,0.2853582799434662,-0.3443366587162018,0.9999317526817322,0.5341523289680481,0.28594979643821716,-0.3444054424762726,0.9999362826347351,0.5312208533287048,0.2868082821369171,-0.34447041153907776,0.9999358654022217,0.5589181184768677,0.28853169083595276,-0.24627874791622162,0.9998124241828918,0.5288181900978088,0.29354795813560486,-0.24497133493423462,0.9999104738235474,0.5502799153327942,0.3144717216491699,-0.31841567158699036,0.9999790191650391,0.5378673672676086,0.3161714971065521,-0.3182275891304016,0.9999833106994629,0.5901841521263123,0.37603360414505005,-0.15600617229938507,0.999936044216156,0.5094019174575806,0.382257878780365,-0.18810147047042847,0.9999107718467712,0.5950387716293335,0.49364086985588074,-0.12812548875808716,0.9877614974975586,0.5077281594276428,0.5016994476318359,-0.18009637296199799,0.9913691282272339,0.5643978118896484,0.5748963356018066,-0.20701415836811066,0.9702643156051636,0.5467620491981506,0.5879353880882263,-0.24226413667201996,0.9549224376678467,0.5582410097122192,0.6024799942970276,-0.23900148272514343,0.9270789623260498,0.5550495386123657,0.6110163927078247,-0.2739376723766327,0.8978874087333679,0.5522632002830505,0.5920448899269104,-0.2555968463420868,0.9287680387496948,0.5588145852088928,0.6025532484054565,-0.28605586290359497,0.8950989842414856,0.5528243184089661,0.5822895765304565,-0.21445806324481964,0.9110842943191528,0.5575405359268188,0.5941635966300964,-0.24675628542900085,0.8670597076416016,0.5697332620620728,0.582784116268158,0.011331281624734402,0.9996944069862366,0.5230647921562195,0.5849809050559998,-0.011427867226302624,0.999647855758667,0.571643590927124,0.7500712275505066,0.03012610226869583,0.9918306469917297,0.5236964821815491,0.7444168329238892,0.016467537730932236,0.9928671717643738,0.5739709138870239,0.8762985467910767,0.20136934518814087,0.9920463562011719,0.5202775001525879,0.8817464709281921,0.18135523796081543,0.990786612033844,0.5668235421180725,0.890772819519043,0.21231800317764282,0.9270702600479126,0.5227946639060974,0.8923017382621765,0.19212989509105682,0.8226706385612488,0.5850237011909485,0.9363695979118347,0.10379894822835922,0.9871682524681091,0.5266876220703125,0.9398802518844604,0.07862988859415054,0.9844167828559875
700.0000000000001,0.543192982673645,0.29890310764312744,-0.3544873297214508,0.9999802112579346,0.5474777221679688,0.2842889726161957,-0.34234386682510376,0.9999319911003113,0.5510982871055603,0.28395751118659973,-0.34233132004737854,0.9999290704727173,0.5538018345832825,0.28376108407974243,-0.34234124422073364,0.9999208450317383,0.5377452969551086,0.2852780818939209,-0.341819703578949,0.9999321103096008,0.5342885851860046,0.28586649894714355,-0.34188807010650635,0.9999366402626038,0.5313717722892761,0.28672364354133606,-0.341952383518219,0.9999363422393799,0.5591148734092712,0.2885403633117676,-0.2456899732351303,0.9998114109039307,0.5290189981460571,0.29348886013031006,-0.24389667809009552,0.9999109506607056,0.5503507852554321,0.3143503963947296,-0.31649383902549744,0.9999790191650391,0.5379136204719543,0.31601768732070923,-0.3160770535469055,0.9999834299087524,0.5902482271194458,0.3759939670562744,-0.1554950326681137,0.9999355673789978,0.5096900463104248,0.3821318745613098,-0.1878184974193573,0.9999118447303772,0.5950890183448792,0.4936642646789551,-0.12582042813301086,0.9877488613128662,0.5077613592147827,0.5015079379081726,-0.1796296387910843,0.9914141893386841,0.5646795034408569,0.5748893618583679,-0.20116083323955536,0.9705794453620911,0.5467937588691711,0.5877773761749268,-0.24003233015537262,0.9555308222770691,0.5583499670028687,0.6024273633956909,-0.23197123408317566,0.9278141856193542,0.555061399936676,0.610853374004364,-0.2706775665283203,0.8991458415985107,0.5523491501808167,0.5919535160064697,-0.2483484148979187,0.929497480392456,0.5588496327400208,0.6024999022483826,-0.28264424204826355,0.8963695168495178,0.5529459118843079,0.5822154879570007,-0.20835994184017181,0.9119164347648621,0.5575788021087646,0.594084620475769,-0.24434688687324524,0.8686136603355408,0.5698689818382263,0.5825551152229309,0.01151600107550621,0.9996896982192993,0.5232002139091492,0.5847141146659851,-0.011615041643381119,0.9996455907821655,0.571692168712616,0.7497771382331848,0.029210051521658897,0.9917038679122925,0.523780107498169,0.7442653775215149,0.014363790862262249,0.9928122758865356,0.5738686323165894,0.8764511346817017,0.1912996768951416,0.99195796251297,0.5202724933624268,0.8814952373504639,0.1709628701210022,0.990697979927063,0.5666791796684265,0.890902042388916,0.20124255120754242,0.9267203211784363,0.5227633118629456,0.8920004963874817,0.18090292811393738,0.8214804530143738,0.5850244760513306,0.9363746643066406,0.0938633605837822,0.9870366454124451,0.5265258550643921,0.9396871328353882,0.06799997389316559,0.984264075756073
733.3333333333335,0.5432962775230408,0.2988278567790985,-0.35829201340675354,0.9999803900718689,0.5476403832435608,0.2842150032520294,-0.34630873799324036,0.9999323487281799,0.5512738823890686,0.2838892936706543,-0.346294105052948,0.9999293088912964,0.5539671778678894,0.28370389342308044,-0.34630438685417175,0.9999211430549622,0.537887454032898,0.2851719856262207,-0.3458319306373596,0.9999328851699829,0.5344407558441162,0.28574907779693604,-0.3459039032459259,0.9999374151229858,0.5315278172492981,0.2865999639034271,-0.3459683358669281,0.9999372363090515,0.559369683265686,0.288539856672287,-0.2501245439052582,0.9998103380203247,0.5292125940322876,0.2933867573738098,-0.24842217564582825,0.9999122619628906,0.5504584908485413,0.3142908215522766,-0.32032570242881775,0.9999790191650391,0.5380116105079651,0.31593358516693115,-0.3199405074119568,0.999983549118042,0.5903940796852112,0.3758567273616791,-0.1578468233346939,0.9999345541000366,0.5100389719009399,0.38200923800468445,-0.19263173639774323,0.9999135732650757,0.5951879024505615,0.49367833137512207,-0.12801705300807953,0.9876095056533813,0.507807195186615,0.5014321804046631,-0.18467727303504944,0.9915227293968201,0.5648797750473022,0.5748989582061768,-0.20340704917907715,0.9704428315162659,0.5468092560768127,0.5876626968383789,-0.24392154812812805,0.9562452435493469,0.5584405064582825,0.6024222373962402,-0.23384596407413483,0.9275789856910706,0.5550616383552551,0.6108237504959106,-0.27459391951560974,0.9005529284477234,0.552437961101532,0.5919471979141235,-0.2503768503665924,0.9292815327644348,0.5588679909706116,0.6024981737136841,-0.28613609075546265,0.8978044986724854,0.5530653595924377,0.5822112560272217,-0.21067379415035248,0.9116647243499756,0.5576034188270569,0.5940563082695007,-0.24802593886852264,0.870313823223114,0.5699723958969116,0.5820674896240234,0.01214135903865099,0.9996851682662964,0.5233139395713806,0.584001362323761,-0.012246282771229744,0.9996455907821655,0.5717114806175232,0.749483585357666,0.030788736417889595,0.9915627837181091,0.5237988829612732,0.7436381578445435,0.012500626035034657,0.9928244352340698,0.573728621006012,0.876645565032959,0.18958154320716858,0.9919378757476807,0.5201005339622498,0.8815323710441589,0.1641673743724823,0.9907394051551819,0.5664097666740417,0.891132116317749,0.19914588332176208,0.9268513321876526,0.5225403904914856,0.892193615436554,0.17368419468402863,0.8215125203132629,0.5850406885147095,0.9363611936569214,0.09212133288383484,0.9870145320892334,0.5264816880226135,0.939675509929657,0.06034021079540253,0.9842801690101624
766.6666666666669,0.5435864329338074,0.2985894978046417,-0.36413076519966125,0.9999811053276062,0.5480244159698486,0.2839927077293396,-0.3524957597255707,0.9999344944953918,0.5516685843467712,0.2837085723876953,-0.3524772822856903,0.9999313354492188,0.5542678833007812,0.28355148434638977,-0.3524854779243469,0.9999234080314636,0.5381567478179932,0.28485509753227234,-0.3520257771015167,0.9999353289604187,0.5347186923027039,0.2853565514087677,-0.3520989418029785,0.9999397993087769,0.5317372679710388,0.2861994504928589,-0.352157860994339,0.9999397993087769,0.5597817897796631,0.2884884774684906,-0.25703299045562744,0.9998140931129456,0.5293834209442139,0.29305168986320496,-0.255383163690567,0.9999157190322876,0.5507361888885498,0.3141314685344696,-0.32624849677085876,0.999979555606842,0.5382216572761536,0.31572848558425903,-0.32589396834373474,0.9999841451644897,0.590674638748169,0.3755999505519867,-0.16356518864631653,0.999934732913971,0.5102893710136414,0.38172683119773865,-0.19808857142925262,0.9999168515205383,0.5953463315963745,0.49368801712989807,-0.1330394744873047,0.9874757528305054,0.5078842639923096,0.5014286041259766,-0.1889551728963852,0.991653561592102,0.5650666356086731,0.5749257206916809,-0.20699164271354675,0.9701458811759949,0.5470952391624451,0.5876261591911316,-0.24739275872707367,0.9569204449653625,0.5585008263587952,0.6024137735366821,-0.23663340508937836,0.9269373416900635,0.5552664995193481,0.6108219623565674,-0.27781689167022705,0.9017664790153503,0.5524880886077881,0.5919394493103027,-0.2525894045829773,0.9286177158355713,0.5590583682060242,0.6024975776672363,-0.288807213306427,0.8990336656570435,0.5531476140022278,0.5822060704231262,-0.2139250934123993,0.9108715653419495,0.5577804446220398,0.5940476655960083,-0.2512319087982178,0.8717838525772095,0.5701913237571716,0.5815635919570923,0.012246152386069298,0.999686062335968,0.5234581828117371,0.5831905007362366,-0.012356237508356571,0.9996522665023804,0.5717123746871948,0.7485443949699402,0.03414062410593033,0.9914775490760803,0.5238967537879944,0.74192214012146,0.007371794898062944,0.9928966760635376,0.5735830068588257,0.8766531944274902,0.1895773708820343,0.9919827580451965,0.519867479801178,0.8811362981796265,0.15401829779148102,0.990890622138977,0.5660370588302612,0.8911349773406982,0.19894573092460632,0.9269790053367615,0.5221826434135437,0.8920459747314453,0.16312287747859955,0.8227913975715637,0.5850217342376709,0.9363664984703064,0.09216336160898209,0.9871146082878113,0.5264261960983276,0.9395943880081177,0.049719978123903275,0.98455411195755
800.0000000000002,0.5438441634178162,0.29846131801605225,-0.36386242508888245,0.999981164932251,0.5483512282371521,0.2839045226573944,-0.35195985436439514,0.9999346137046814,0.5520007610321045,0.2836507260799408,-0.35194358229637146,0.9999313354492188,0.5545256733894348,0.2835139036178589,-0.35195407271385193,0.9999234676361084,0.5384415984153748,0.28467071056365967,-0.3517678380012512,0.9999356865882874,0.5350210666656494,0.28513675928115845,-0.3518418073654175,0.9999401569366455,0.5319626331329346,0.2859620749950409,-0.351902574300766,0.9999402761459351,0.5600759387016296,0.28848299384117126,-0.25535696744918823,0.9998128414154053,0.5296066403388977,0.29285621643066406,-0.2546887695789337,0.9999163150787354,0.5509775876998901,0.3140574097633362,-0.32549402117729187,0.9999794363975525,0.5384349822998047,0.3155725598335266,-0.3254467248916626,0.9999841451644897,0.5910459756851196,0.3755149841308594,-0.16279086470603943,0.9999341368675232,0.5104979276657104,0.38133320212364197,-0.19736401736736298,0.99991774559021,0.595414400100708,0.4936677813529968,-0.130774587392807,0.9872811436653137,0.5079543590545654,0.501292884349823,-0.1877681165933609,0.991635799407959,0.5653535723686218,0.5749290585517883,-0.20505818724632263,0.9697678089141846,0.5470879077911377,0.5874820351600647,-0.24642440676689148,0.95689857006073,0.5587557554244995,0.6024006605148315,-0.23482587933540344,0.9262088537216187,0.555261492729187,0.6107673645019531,-0.2770082652568817,0.9017584919929504,0.5527155995368958,0.5919346213340759,-0.2515229284763336,0.9279601573944092,0.5590707063674927,0.6024898290634155,-0.28827694058418274,0.8990764021873474,0.5534022450447083,0.5822113752365112,-0.2123989760875702,0.9101285338401794,0.557786762714386,0.5940112471580505,-0.25042662024497986,0.8718725442886353,0.5703539252281189,0.5814007520675659,0.013084322214126587,0.999683141708374,0.5235783457756042,0.5830857753753662,-0.0131974583491683,0.9996509552001953,0.5717194080352783,0.7482976317405701,0.03372124582529068,0.991386353969574,0.5238907933235168,0.7418674826622009,0.008202637545764446,0.992890477180481,0.5735787153244019,0.8765515089035034,0.19197218120098114,0.991955578327179,0.5197646021842957,0.8808969855308533,0.1559048742055893,0.9909106492996216,0.5660289525985718,0.8911003470420837,0.20175376534461975,0.927122950553894,0.5218143463134766,0.8915924429893494,0.16551856696605682,0.8229179382324219,0.5851139426231384,0.9362190365791321,0.0953231155872345,0.987074613571167,0.5263002514839172,0.9395704865455627,0.05190105736255646,0.9845370650291443
833.3333333333336,0.5442164540290833,0.29838424921035767,-0.3653886914253235,0.9999810457229614,0.548763632774353,0.28382259607315063,-0.353206992149353,0.9999343156814575,0.5524004697799683,0.2835982143878937,-0.3531934320926666,0.9999309182167053,0.5548280477523804,0.28347742557525635,-0.3532067537307739,0.999923050403595,0.5387780070304871,0.2845294177532196,-0.3532421886920929,0.9999355673789978,0.5353816747665405,0.2849840819835663,-0.35331642627716064,0.999940037727356,0.5322253108024597,0.2858152389526367,-0.3533790707588196,0.9999402761459351,0.5604411959648132,0.28848323225975037,-0.25519582629203796,0.9998106956481934,0.5298292636871338,0.2927912473678589,-0.2553926706314087,0.9999163746833801,0.551341712474823,0.3140283226966858,-0.3264342248439789,0.9999792575836182,0.5387781858444214,0.3155171275138855,-0.3266552686691284,0.9999840259552002,0.5914315581321716,0.37551334500312805,-0.16209954023361206,0.9999337792396545,0.5106860995292664,0.38114437460899353,-0.1975092738866806,0.9999183416366577,0.5954684019088745,0.49367156624794006,-0.13073347508907318,0.9871028065681458,0.508078396320343,0.5012748837471008,-0.18796345591545105,0.9916329383850098,0.5654746294021606,0.5749931335449219,-0.2059943675994873,0.9694821238517761,0.5471198558807373,0.5873976945877075,-0.24771089851856232,0.9570419192314148,0.5588861107826233,0.6023936867713928,-0.2364158183336258,0.925698459148407,0.5552955269813538,0.6107633709907532,-0.2788577079772949,0.9020985960960388,0.5528076887130737,0.591945230960846,-0.2537910044193268,0.9274999499320984,0.5591171383857727,0.6024962663650513,-0.2906842529773712,0.8994638919830322,0.5534949898719788,0.5822610855102539,-0.2136630117893219,0.909581184387207,0.5578221082687378,0.5940056443214417,-0.25197529792785645,0.872314453125,0.570604681968689,0.5813959240913391,0.013212669640779495,0.9996801018714905,0.5236467123031616,0.5830631852149963,-0.013323790393769741,0.9996488690376282,0.5717465877532959,0.7482965588569641,0.03371477499604225,0.991282045841217,0.5238209366798401,0.7418724894523621,0.009755929931998253,0.9928202033042908,0.5735660195350647,0.8766451478004456,0.19550876319408417,0.9918971061706543,0.5197498202323914,0.8809583187103271,0.16648346185684204,0.9908425807952881,0.5660222768783569,0.8911465406417847,0.20566745102405548,0.9268999695777893,0.5218184590339661,0.8915983438491821,0.17690283060073853,0.8222237825393677,0.5851612091064453,0.9362190961837769,0.09766476601362228,0.9869785904884338,0.5262401700019836,0.9395730495452881,0.06169896945357323,0.984403133392334
866.666666666667,0.5445346236228943,0.29826629161834717,-0.36557871103286743,0.9999808669090271,0.5491078495979309,0.2836591899394989,-0.3531554341316223,0.9999339580535889,0.5527265667915344,0.2834687829017639,-0.3531443774700165,0.9999305009841919,0.5550975799560547,0.28336119651794434,-0.3531598150730133,0.9999226331710815,0.5390545725822449,0.2843119204044342,-0.35334518551826477,0.9999352097511292,0.5356835126876831,0.28472787141799927,-0.35341876745224,0.9999397397041321,0.5324642062187195,0.2855513393878937,-0.35348159074783325,0.9999399781227112,0.560823380947113,0.2884620726108551,-0.254476934671402,0.9998088479042053,0.5300514698028564,0.2926364243030548,-0.2550147771835327,0.999916136264801,0.5516420602798462,0.31398963928222656,-0.3262614905834198,0.9999789595603943,0.5390896201133728,0.31545165181159973,-0.32665565609931946,0.9999837875366211,0.5917244553565979,0.3755117952823639,-0.16149355471134186,0.9999332427978516,0.5108636617660522,0.38100725412368774,-0.19688063859939575,0.9999178051948547,0.5955455899238586,0.4936460256576538,-0.12969908118247986,0.9869263172149658,0.5082329511642456,0.5012338161468506,-0.1873551309108734,0.9915655255317688,0.5655884146690369,0.5750192403793335,-0.20621760189533234,0.969146192073822,0.5471125245094299,0.5872608423233032,-0.2474984973669052,0.9568998217582703,0.5589292049407959,0.6023817658424377,-0.23702172935009003,0.9250876903533936,0.5552929043769836,0.6107270121574402,-0.27888748049736023,0.9019035696983337,0.5528433322906494,0.5919110178947449,-0.2547558844089508,0.9269539713859558,0.5591192245483398,0.6024278402328491,-0.2910078465938568,0.8993271589279175,0.5535511374473572,0.5822536945343018,-0.21406243741512299,0.9089241027832031,0.5578222274780273,0.5938666462898254,-0.2518998384475708,0.8720938563346863,0.5707324147224426,0.5813976526260376,0.013285333290696144,0.9996780157089233,0.523708701133728,0.5830644369125366,-0.013395142741501331,0.9996464252471924,0.5718938708305359,0.7483022809028625,0.033769529312849045,0.9912870526313782,0.5238273739814758,0.7421194911003113,0.011755870655179024,0.9928058981895447,0.5737117528915405,0.8766639828681946,0.19928520917892456,0.9919323921203613,0.5197141170501709,0.8811801671981812,0.1735270917415619,0.9908618927001953,0.5661852955818176,0.8911489844322205,0.20979972183704376,0.9271222352981567,0.5217657089233398,0.8916577696800232,0.18427900969982147,0.8223226070404053,0.5852586627006531,0.9362013936042786,0.10035120695829391,0.9869996905326843,0.5261437296867371,0.9395817518234253,0.06850714981555939,0.9844046831130981
900.0000000000003,0.544689416885376,0.29807373881340027,-0.3683689534664154,0.9999807476997375,0.5493290424346924,0.28345388174057007,-0.356048047542572,0.9999336004257202,0.552958607673645,0.28329113125801086,-0.3560347557067871,0.9999300241470337,0.5553205013275146,0.28319501876831055,-0.35605016350746155,0.9999221563339233,0.5391849279403687,0.2840528190135956,-0.35616573691368103,0.9999350905418396,0.5357992649078369,0.28443634510040283,-0.35624247789382935,0.9999397397041321,0.5325849652290344,0.28525665402412415,-0.3563055098056793,0.999940037727356,0.5611818432807922,0.2884314954280853,-0.25736746191978455,0.9998053312301636,0.530215859413147,0.2924531102180481,-0.2580556571483612,0.9999160766601562,0.5518605709075928,0.31392109394073486,-0.32917138934135437,0.9999785423278809,0.5392432808876038,0.31535372138023376,-0.3295314610004425,0.999983549118042,0.591971755027771,0.3755050301551819,-0.16245068609714508,0.9999319911003113,0.5110510587692261,0.3808897137641907,-0.20011433959007263,0.9999181628227234,0.5956282019615173,0.49363675713539124,-0.13038498163223267,0.9867324829101562,0.5083243250846863,0.5011967420578003,-0.19017457962036133,0.9915815591812134,0.5657431483268738,0.5750209093093872,-0.20693863928318024,0.9687392115592957,0.5470415949821472,0.587134838104248,-0.24870409071445465,0.9570620656013489,0.5589329600334167,0.6022923588752747,-0.2375914752483368,0.9242350459098816,0.5552562475204468,0.6107104420661926,-0.2799105644226074,0.90220046043396,0.5528496503829956,0.5917178392410278,-0.2552975118160248,0.9261815547943115,0.5591060519218445,0.6024086475372314,-0.291729599237442,0.8996632099151611,0.5535896420478821,0.582137405872345,-0.21477431058883667,0.9080138802528381,0.5578078031539917,0.5938054919242859,-0.2529484033584595,0.8724451065063477,0.5708187818527222,0.5808285474777222,0.013670888729393482,0.9996767044067383,0.5239347815513611,0.5824406743049622,-0.013784385286271572,0.9996467232704163,0.5718924403190613,0.7480933666229248,0.035212889313697815,0.991110622882843,0.5238075256347656,0.7417362332344055,0.012058957479894161,0.9927533864974976,0.5736618041992188,0.8766166567802429,0.19893379509449005,0.991880476474762,0.5194872617721558,0.880693256855011,0.173509418964386,0.9908479452133179,0.5661575198173523,0.8910815119743347,0.20944978296756744,0.9271835088729858,0.5213941335678101,0.8914639949798584,0.184254452586174,0.8219024538993835,0.5853129625320435,0.9358675479888916,0.1003291979432106,0.9869289994239807,0.5260903835296631,0.9394408464431763,0.06860433518886566,0.9843210577964783
933.3333333333337,0.5448210835456848,0.298051118850708,-0.3687770664691925,0.9999807476997375,0.5495316982269287,0.283431738615036,-0.35642653703689575,0.9999335408210754,0.5531789064407349,0.28327152132987976,-0.3564125597476959,0.9999298453330994,0.5555341839790344,0.2831830680370331,-0.3564271330833435,0.999921977519989,0.5393421053886414,0.28402847051620483,-0.35652318596839905,0.9999353289604187,0.535932719707489,0.2844224274158478,-0.35659825801849365,0.9999399781227112,0.532721757888794,0.2852405309677124,-0.35666126012802124,0.9999403953552246,0.5614948868751526,0.28843623399734497,-0.2575376331806183,0.9998031854629517,0.5304052233695984,0.29241564869880676,-0.25821390748023987,0.9999164342880249,0.5520297884941101,0.31391486525535583,-0.32954540848731995,0.999978244304657,0.5393909215927124,0.31532901525497437,-0.32988202571868896,0.9999834299087524,0.5921381711959839,0.37550291419029236,-0.16234585642814636,0.9999309182167053,0.5112051963806152,0.38078612089157104,-0.19988980889320374,0.9999186992645264,0.5957446694374084,0.493629515171051,-0.13029399514198303,0.986554741859436,0.5083802342414856,0.5010810494422913,-0.1900532990694046,0.9915955066680908,0.5659824013710022,0.5750152468681335,-0.20744170248508453,0.9685174226760864,0.5469064712524414,0.5868497490882874,-0.24943476915359497,0.9574338793754578,0.5590394139289856,0.6022358536720276,-0.23820659518241882,0.923888623714447,0.5551626086235046,0.6106249094009399,-0.28088128566741943,0.9029756784439087,0.5529652237892151,0.5916568636894226,-0.25631383061408997,0.9258677363395691,0.5590595006942749,0.6022856831550598,-0.29290643334388733,0.9004626870155334,0.5537256002426147,0.5820764899253845,-0.21545204520225525,0.9075930118560791,0.5577677488327026,0.5935631394386292,-0.2537940740585327,0.8733169436454773,0.5709746479988098,0.5807433128356934,0.013656600378453732,0.999675452709198,0.5241124033927917,0.5821086168289185,-0.013769368641078472,0.99964839220047,0.571925938129425,0.7480529546737671,0.03607458621263504,0.991157591342926,0.5238063931465149,0.7412838339805603,0.013615269213914871,0.9928094744682312,0.5735737085342407,0.8766357898712158,0.19870613515377045,0.991973340511322,0.5194528102874756,0.8806676864624023,0.17368051409721375,0.9909859299659729,0.5660402774810791,0.8910847902297974,0.20931893587112427,0.9280548095703125,0.5213841199874878,0.8915975093841553,0.18426121771335602,0.8236381411552429,0.5852906107902527,0.9357612729072571,0.10010188072919846,0.9870589971542358,0.5260240435600281,0.939271092414856,0.06880916655063629,0.984499990940094
966.6666666666671,0.5449802875518799,0.2979241609573364,-0.3681207001209259,0.9999806880950928,0.5497432947158813,0.2833487391471863,-0.355918288230896,0.9999334812164307,0.5533902645111084,0.28320249915122986,-0.355904221534729,0.999929666519165,0.5557310581207275,0.2831268012523651,-0.3559184968471527,0.9999217987060547,0.5395066738128662,0.2839091122150421,-0.3558732569217682,0.9999353289604187,0.5360909104347229,0.28428488969802856,-0.3559480905532837,0.9999399185180664,0.5328750014305115,0.2850904166698456,-0.3560107350349426,0.9999403953552246,0.5617311000823975,0.28843197226524353,-0.25666543841362,0.999801516532898,0.5306289792060852,0.2922544479370117,-0.2580212354660034,0.9999163746833801,0.5521901845932007,0.313831627368927,-0.32928261160850525,0.9999780058860779,0.5395391583442688,0.31520211696624756,-0.32938823103904724,0.9999833106994629,0.5922199487686157,0.37549909949302673,-0.159845769405365,0.9999300241470337,0.5114256143569946,0.38050857186317444,-0.19965995848178864,0.9999187588691711,0.5958440899848938,0.49363091588020325,-0.1272226870059967,0.9864230155944824,0.5084185004234314,0.5008128881454468,-0.18937253952026367,0.991516649723053,0.5661517977714539,0.5749942660331726,-0.20565901696681976,0.9684005975723267,0.5467617511749268,0.5864932537078857,-0.24938678741455078,0.9574024081230164,0.5591126084327698,0.6021173000335693,-0.23632727563381195,0.9236807823181152,0.5550727248191833,0.6104748845100403,-0.28069865703582764,0.9030245542526245,0.5530346035957336,0.5915523767471313,-0.25469180941581726,0.9256918430328369,0.5589991211891174,0.602185070514679,-0.29253509640693665,0.9005403518676758,0.5538197755813599,0.5820150375366211,-0.21380268037319183,0.9073343276977539,0.5577093958854675,0.5933672785758972,-0.253668874502182,0.8733348846435547,0.5709788203239441,0.5804274678230286,0.0138900401070714,0.9996732473373413,0.52415931224823,0.5818377733230591,-0.014002063311636448,0.9996475577354431,0.5719365477561951,0.7477160692214966,0.03603356331586838,0.9910882711410522,0.523799479007721,0.7412458062171936,0.013639722019433975,0.9927932024002075,0.5735718607902527,0.8766354322433472,0.19854003190994263,0.9919681549072266,0.5195192098617554,0.8806965351104736,0.17316295206546783,0.9910171627998352,0.5660420656204224,0.8910996317863464,0.20917055010795593,0.9285223484039307,0.5215696692466736,0.8916794657707214,0.18358395993709564,0.8242196440696716,0.5852943658828735,0.9355441331863403,0.0999220684170723,0.9870555400848389,0.5260223746299744,0.9391934275627136,0.06804892420768738,0.9845161437988281
1000.0000000000005,0.5450595617294312,0.2978229522705078,-0.367893785238266,0.9999808669090271,0.5498790144920349,0.28327128291130066,-0.3557162582874298,0.9999340772628784,0.5535470843315125,0.28312113881111145,-0.35570138692855835,0.9999302625656128,0.5559012293815613,0.2830533981323242,-0.3557158410549164,0.9999224543571472,0.5396057367324829,0.2838267982006073,-0.35564377903938293,0.999936044216156,0.5361743569374084,0.28420794010162354,-0.355717271566391,0.9999405145645142,0.5329805016517639,0.2850126624107361,-0.35577771067619324,0.9999409914016724,0.5619472861289978,0.28842103481292725,-0.25650304555892944,0.9998023509979248,0.5307881236076355,0.2921675741672516,-0.2578483819961548,0.9999170303344727,0.5523068904876709,0.31375637650489807,-0.32907217741012573,0.9999778866767883,0.5396053194999695,0.31510570645332336,-0.32918864488601685,0.9999832510948181,0.592328667640686,0.37546271085739136,-0.15967199206352234,0.9999290108680725,0.5115852952003479,0.3803523778915405,-0.1988522708415985,0.9999187588691711,0.5959675312042236,0.49361452460289,-0.1269155889749527,0.9863018989562988,0.5084928274154663,0.5006097555160522,-0.18797093629837036,0.9913842678070068,0.5663451552391052,0.5749421715736389,-0.20420268177986145,0.9681802988052368,0.5465870499610901,0.5860849022865295,-0.24767805635929108,0.9570250511169434,0.5591844320297241,0.6019944548606873,-0.23454204201698303,0.9231818318367004,0.5549851059913635,0.6101981401443481,-0.2786492705345154,0.9024028182029724,0.5531386733055115,0.5914316773414612,-0.2528836131095886,0.9252252578735352,0.5589166283607483,0.6018610000610352,-0.2909049093723297,0.8999135494232178,0.5539630055427551,0.5818967819213867,-0.2123042196035385,0.9067260026931763,0.5576350688934326,0.5929049849510193,-0.2521660029888153,0.8725365400314331,0.5709789991378784,0.5800837278366089,0.013867514207959175,0.9996723532676697,0.5241619944572449,0.5815346240997314,-0.013978852890431881,0.9996494650840759,0.5719356536865234,0.747321605682373,0.03563041239976883,0.9911995530128479,0.5237986445426941,0.7409430742263794,0.013655027374625206,0.992906928062439,0.5734941363334656,0.8766348958015442,0.19462713599205017,0.9921131134033203,0.5194456577301025,0.8806371092796326,0.17147335410118103,0.9912277460098267,0.5660209655761719,0.8911219835281372,0.20448675751686096,0.9299805164337158,0.5215410590171814,0.8917269110679626,0.18142586946487427,0.8267378807067871,0.585281252861023,0.9352197051048279,0.09566142410039902,0.9872589707374573,0.5257886052131653,0.9390474557876587,0.06637860089540482,0.984804093837738
1033.3333333333337,0.5451109409332275,0.29766273498535156,-0.3633764386177063,0.9999809265136719,0.5499746799468994,0.28313273191452026,-0.3509036600589752,0.9999344944953918,0.5536666512489319,0.2829724848270416,-0.350889652967453,0.9999306201934814,0.5560505986213684,0.2829076647758484,-0.3509008586406708,0.9999228715896606,0.5396525859832764,0.2836966812610626,-0.3510496914386749,0.9999364018440247,0.5362036824226379,0.284090131521225,-0.3511199355125427,0.999940812587738,0.5330442786216736,0.2848990261554718,-0.3511790931224823,0.9999412298202515,0.5621579885482788,0.2883760929107666,-0.25149640440940857,0.9998024702072144,0.5309072732925415,0.29206177592277527,-0.2530871629714966,0.9999172687530518,0.5524154901504517,0.31358879804611206,-0.32429617643356323,0.9999778270721436,0.539638876914978,0.3149603009223938,-0.3246901333332062,0.9999831914901733,0.5924336314201355,0.37536364793777466,-0.15562596917152405,0.9999286532402039,0.5117620229721069,0.3802490532398224,-0.19530469179153442,0.999918520450592,0.5961064100265503,0.4935341775417328,-0.12146934866905212,0.9860467314720154,0.5085417628288269,0.5005242824554443,-0.18409469723701477,0.9912116527557373,0.5665468573570251,0.5748507380485535,-0.198054239153862,0.9678103923797607,0.5462852716445923,0.5858423113822937,-0.24369676411151886,0.9565056562423706,0.5593066811561584,0.6018663048744202,-0.22830356657505035,0.922553539276123,0.5548357367515564,0.6099847555160522,-0.27454331517219543,0.9016003012657166,0.5533111095428467,0.5913453698158264,-0.24680224061012268,0.9246504902839661,0.558833122253418,0.6015718579292297,-0.28734853863716125,0.8991268873214722,0.5541371703147888,0.5817838311195374,-0.20624355971813202,0.906017541885376,0.5575637817382812,0.5925297141075134,-0.24842093884944916,0.8715419769287109,0.5710184574127197,0.5800777077674866,0.014225692488253117,0.9996744990348816,0.5242232084274292,0.5815322995185852,-0.014338323846459389,0.9996510744094849,0.5720316767692566,0.7472396492958069,0.035028889775276184,0.9912610650062561,0.5238069295883179,0.7409424781799316,0.013151111081242561,0.9930052161216736,0.5735165476799011,0.8767086863517761,0.19468218088150024,0.9922341108322144,0.5192649364471436,0.8803375959396362,0.1712348312139511,0.9913890957832336,0.566109836101532,0.8911634683609009,0.20456847548484802,0.9310740232467651,0.5211237072944641,0.8916388154029846,0.1812400221824646,0.8284898996353149,0.5853322744369507,0.935226559638977,0.09576600044965744,0.9874451756477356,0.5256627202033997,0.9389284253120422,0.06641541421413422,0.9850591421127319
1066.666666666667,0.5451503396034241,0.29736003279685974,-0.365232914686203,0.9999809861183167,0.5500425100326538,0.28281909227371216,-0.35280993580818176,0.9999348521232605,0.5537502765655518,0.28266528248786926,-0.3527970612049103,0.9999309778213501,0.5561594367027283,0.28260481357574463,-0.35281044244766235,0.9999232888221741,0.539683997631073,0.2833508253097534,-0.3528244197368622,0.9999366998672485,0.536225438117981,0.28371933102607727,-0.35289493203163147,0.9999411702156067,0.5330998301506042,0.2845110297203064,-0.352953165769577,0.9999414682388306,0.562285304069519,0.2882695496082306,-0.25376319885253906,0.9998024702072144,0.5309968590736389,0.29182547330856323,-0.2545566260814667,0.999917209148407,0.5524857640266418,0.3133317828178406,-0.32621175050735474,0.9999776482582092,0.539664089679718,0.31472280621528625,-0.3264557719230652,0.9999830722808838,0.5924800038337708,0.37519246339797974,-0.15853874385356903,0.9999279975891113,0.5118282437324524,0.3802173137664795,-0.19577233493328094,0.9999176263809204,0.5962395071983337,0.49344950914382935,-0.1246175765991211,0.9859867691993713,0.5086438655853271,0.500464916229248,-0.18419872224330902,0.9910343885421753,0.5666494965553284,0.5747950077056885,-0.20059828460216522,0.9677551984786987,0.5460478067398071,0.5857469439506531,-0.2441047728061676,0.9560944437980652,0.5593875646591187,0.6017813086509705,-0.23105183243751526,0.9223759770393372,0.554696798324585,0.6099517345428467,-0.2749808430671692,0.900986909866333,0.5533984899520874,0.5913245677947998,-0.24983197450637817,0.9245147109031677,0.5587368607521057,0.6015401482582092,-0.2880921959877014,0.8985334038734436,0.5542290806770325,0.5817531943321228,-0.20887836813926697,0.9057942628860474,0.5574879050254822,0.5924521684646606,-0.2489757239818573,0.8707985281944275,0.5711047053337097,0.5796526074409485,0.013968130573630333,0.9996744394302368,0.5242776274681091,0.581376850605011,-0.014079710468649864,0.9996514916419983,0.5720519423484802,0.7464497089385986,0.03493979200720787,0.991292417049408,0.5238111615180969,0.740930438041687,0.014588519930839539,0.9930050373077393,0.573512852191925,0.8767332434654236,0.1933048516511917,0.9923034310340881,0.5192583203315735,0.8798390030860901,0.1719217747449875,0.9914553761482239,0.5661377310752869,0.8912529945373535,0.20288661122322083,0.9318588376045227,0.5211291313171387,0.891506016254425,0.18184185028076172,0.8293590545654297,0.5853300094604492,0.9352086782455444,0.09381444752216339,0.9875392913818359,0.5255928039550781,0.9385612607002258,0.06725911051034927,0.9851565361022949
1100.0000000000002,0.5452098846435547,0.29705604910850525,-0.3651472330093384,0.9999812245368958,0.5501422882080078,0.28251412510871887,-0.3527432680130005,0.9999356269836426,0.5538608431816101,0.28237682580947876,-0.3527304530143738,0.9999317526817322,0.5562784671783447,0.2823304235935211,-0.3527444005012512,0.9999241232872009,0.5397331118583679,0.28298845887184143,-0.352774441242218,0.9999374151229858,0.5362662076950073,0.28331199288368225,-0.3528457283973694,0.9999418258666992,0.5331647992134094,0.28407275676727295,-0.35290542244911194,0.9999420046806335,0.5624080896377563,0.2881556749343872,-0.25369659066200256,0.9998039603233337,0.531075656414032,0.2915669083595276,-0.2543811500072479,0.9999175667762756,0.5525587201118469,0.3130665123462677,-0.3261529803276062,0.9999777674674988,0.5396871566772461,0.31446537375450134,-0.3264114260673523,0.9999831318855286,0.5924891829490662,0.37488189339637756,-0.15857894718647003,0.9999281764030457,0.5119087100028992,0.3801855742931366,-0.19469289481639862,0.9999169707298279,0.5964378714561462,0.49328726530075073,-0.12475288659334183,0.9858664870262146,0.5087632536888123,0.5004424452781677,-0.18227601051330566,0.9907562732696533,0.5667612552642822,0.5747471451759338,-0.2009623795747757,0.9675492644309998,0.5459460020065308,0.5856059193611145,-0.24357618391513824,0.955356240272522,0.5594729781150818,0.6016712188720703,-0.23148034512996674,0.9220259785652161,0.5546267032623291,0.6097768545150757,-0.2745837867259979,0.8999495506286621,0.5534834265708923,0.591248631477356,-0.25005045533180237,0.9241921901702881,0.5586519241333008,0.6012500524520874,-0.287716805934906,0.8975067138671875,0.55433189868927,0.5816885828971863,-0.20915408432483673,0.9054015278816223,0.5574013590812683,0.5920662879943848,-0.24849797785282135,0.8695006966590881,0.5713321566581726,0.5796465873718262,0.013780063018202782,0.9996771812438965,0.5245290994644165,0.5813649892807007,-0.01389314141124487,0.9996521472930908,0.5722054839134216,0.7463312149047852,0.03488502651453018,0.9913421273231506,0.5238059759140015,0.7406957149505615,0.015743112191557884,0.9930477738380432,0.5735219120979309,0.8765360116958618,0.19672919809818268,0.9923710227012634,0.5193735957145691,0.8792914152145386,0.17759962379932404,0.9915481805801392,0.5662011504173279,0.8909329771995544,0.20694445073604584,0.9325430393218994,0.5212918519973755,0.8909995555877686,0.18817101418972015,0.8308313488960266,0.5853347182273865,0.9351008534431458,0.09803833067417145,0.9876721501350403,0.5255751609802246,0.9384412169456482,0.07444427907466888,0.9853271842002869
1133.3333333333335,0.5452607870101929,0.29683902859687805,-0.3705195188522339,0.9999815225601196,0.5502209067344666,0.2823043763637543,-0.35823407769203186,0.9999364614486694,0.5539475083351135,0.2821698784828186,-0.35821837186813354,0.999932587146759,0.5563741326332092,0.2821202278137207,-0.35823336243629456,0.9999250769615173,0.5397776365280151,0.28274333477020264,-0.3582465350627899,0.9999383091926575,0.5363073348999023,0.2830331027507782,-0.3583219647407532,0.9999427199363708,0.5332226157188416,0.28376615047454834,-0.3583804965019226,0.99994295835495,0.5625230073928833,0.2880474925041199,-0.2593066394329071,0.9998049736022949,0.5311368703842163,0.29134097695350647,-0.25996577739715576,0.999918520450592,0.5526219606399536,0.3128604292869568,-0.3314102590084076,0.9999778866767883,0.5397113561630249,0.31426018476486206,-0.33169087767601013,0.9999832510948181,0.5925050377845764,0.37464258074760437,-0.16306903958320618,0.9999284148216248,0.5119897127151489,0.3801180422306061,-0.2001466602087021,0.9999173283576965,0.5965294241905212,0.4932491183280945,-0.12900298833847046,0.9857858419418335,0.5088766813278198,0.5004364848136902,-0.18835033476352692,0.990713894367218,0.5668027400970459,0.574745237827301,-0.20516707003116608,0.9674306511878967,0.5459030866622925,0.5855982899665833,-0.24826788902282715,0.9553202390670776,0.5595271587371826,0.6016606688499451,-0.23568865656852722,0.9217610955238342,0.5546220541000366,0.6097716689109802,-0.27950671315193176,0.8999598622322083,0.5535474419593811,0.5912793278694153,-0.2543554902076721,0.9239740967750549,0.5586379170417786,0.6012475490570068,-0.2919917702674866,0.8975509405136108,0.5543968081474304,0.5817275047302246,-0.2133800983428955,0.9051344394683838,0.5573909282684326,0.5920629501342773,-0.2528935670852661,0.8695195317268372,0.5715177059173584,0.5790594816207886,0.013836553320288658,0.9996799230575562,0.524802029132843,0.5808476209640503,-0.013951167464256287,0.9996551275253296,0.5722078680992126,0.7460319399833679,0.035442646592855453,0.991314709186554,0.5238012671470642,0.7401771545410156,0.015716807916760445,0.993060290813446,0.5735206007957458,0.8763694763183594,0.1979195922613144,0.9924007654190063,0.5193715691566467,0.8787184953689575,0.17698372900485992,0.9916188716888428,0.5662018656730652,0.8907058835029602,0.20818084478378296,0.9328837394714355,0.5212366580963135,0.890550971031189,0.1874745488166809,0.8313459753990173,0.5853191018104553,0.9348159432411194,0.10013909637928009,0.9877293705940247,0.5255699157714844,0.9383559823036194,0.07377565652132034,0.9854139089584351
1166.6666666666667,0.5453415513038635,0.2968338131904602,-0.3698236346244812,0.9999813437461853,0.55032879114151,0.2822999954223633,-0.3575849235057831,0.9999361038208008,0.5540645122528076,0.28216552734375,-0.35756951570510864,0.9999321699142456,0.5564917325973511,0.28211450576782227,-0.3575831651687622,0.9999247193336487,0.5398823618888855,0.2827407419681549,-0.3574465215206146,0.9999379515647888,0.5364115834236145,0.283031702041626,-0.3575204908847809,0.999942421913147,0.5333124399185181,0.28376513719558716,-0.3575790822505951,0.9999426603317261,0.5626590251922607,0.28805023431777954,-0.25887608528137207,0.9998037219047546,0.5312363505363464,0.29131683707237244,-0.25919869542121887,0.9999182224273682,0.5527276992797852,0.31282931566238403,-0.3310455083847046,0.999977707862854,0.5397728085517883,0.31422141194343567,-0.3310595452785492,0.9999830722808838,0.592517614364624,0.3745584785938263,-0.1618598997592926,0.9999284148216248,0.5120134353637695,0.3800159692764282,-0.1996534913778305,0.9999172687530518,0.5966425538063049,0.49324414134025574,-0.12690956890583038,0.9856683611869812,0.5089644193649292,0.5004015564918518,-0.18827076256275177,0.9906376004219055,0.566806435585022,0.5747703909873962,-0.20301580429077148,0.9671592116355896,0.5458633899688721,0.5856040120124817,-0.24723243713378906,0.9550892114639282,0.559528648853302,0.6016601324081421,-0.2335996776819229,0.9212660193443298,0.554600179195404,0.6097749471664429,-0.2784731090068817,0.8995922207832336,0.553549587726593,0.5912989974021912,-0.25246351957321167,0.9235246777534485,0.5585983991622925,0.6012694835662842,-0.29121801257133484,0.8972266912460327,0.5543985366821289,0.5817713737487793,-0.2113572061061859,0.9046202898025513,0.5573599338531494,0.5921162366867065,-0.25196290016174316,0.8691374063491821,0.5715606808662415,0.5791022777557373,0.013886796310544014,0.9996809959411621,0.5248432755470276,0.5808766484260559,-0.014000647701323032,0.9996563196182251,0.5723250508308411,0.7462390661239624,0.035367224365472794,0.9913715720176697,0.5237863063812256,0.7402698993682861,0.015695828944444656,0.9930840730667114,0.5737403035163879,0.8763924241065979,0.19938550889492035,0.992445170879364,0.5193931460380554,0.8787686228752136,0.176996648311615,0.991661012172699,0.5665313601493835,0.8907132148742676,0.20979008078575134,0.9331358075141907,0.521270215511322,0.8905531764030457,0.18753375113010406,0.8316196799278259,0.58539879322052,0.934797465801239,0.10126866400241852,0.9877620339393616,0.5254374146461487,0.9382817149162292,0.07371200621128082,0.9854753017425537
1200.0,0.5454128384590149,0.296796053647995,-0.37107053399086,0.9999810457229614,0.5504445433616638,0.28228437900543213,-0.3587093651294708,0.9999350905418396,0.5541855096817017,0.2821526527404785,-0.3586954176425934,0.9999310374259949,0.5566118359565735,0.2821093797683716,-0.3587108850479126,0.9999234676361084,0.5399773120880127,0.28271204233169556,-0.35873353481292725,0.999937117099762,0.536504328250885,0.2830052673816681,-0.35880884528160095,0.9999417066574097,0.5333927869796753,0.28373804688453674,-0.35886916518211365,0.9999420046806335,0.5628140568733215,0.2880518138408661,-0.25944826006889343,0.9997993111610413,0.5313207507133484,0.29127752780914307,-0.26015496253967285,0.9999170899391174,0.552807629108429,0.3127650022506714,-0.33186832070350647,0.999977171421051,0.5398032665252686,0.3141423165798187,-0.33211517333984375,0.9999827146530151,0.5925424098968506,0.374478280544281,-0.16302458941936493,0.9999268054962158,0.5120500326156616,0.37974032759666443,-0.2005011886358261,0.999916672706604,0.5967873334884644,0.4933159649372101,-0.12907429039478302,0.9854719042778015,0.5089675784111023,0.5003015398979187,-0.18927761912345886,0.9905809164047241,0.5667707324028015,0.5747897028923035,-0.20480354130268097,0.9665071964263916,0.5458189249038696,0.5856367349624634,-0.24810180068016052,0.9548611640930176,0.5595160126686096,0.601658284664154,-0.23531587421894073,0.9198673963546753,0.5545803904533386,0.6097804307937622,-0.27935898303985596,0.899161696434021,0.5535458326339722,0.5913215279579163,-0.25388282537460327,0.9221927523612976,0.5585521459579468,0.6012830138206482,-0.29188862442970276,0.8968202471733093,0.5543939471244812,0.5818225145339966,-0.21302227675914764,0.9030821323394775,0.5573167204856873,0.5921785235404968,-0.2527279257774353,0.8685887455940247,0.5715977549552917,0.5790768265724182,0.01388211827725172,0.9996804594993591,0.5248712301254272,0.5808612108230591,-0.013995853252708912,0.9996566772460938,0.5723420977592468,0.7461447715759277,0.03610657528042793,0.9913349151611328,0.5238429307937622,0.7398910522460938,0.016377514228224754,0.9930676221847534,0.5737367272377014,0.876341700553894,0.20142820477485657,0.9924434423446655,0.5195239186286926,0.8785197138786316,0.17910811305046082,0.991671621799469,0.566489577293396,0.8906434774398804,0.21193429827690125,0.9332674145698547,0.5215016007423401,0.8904252052307129,0.1898573487997055,0.831737756729126,0.5854003429412842,0.9345502853393555,0.1034807339310646,0.9877669811248779,0.5254350304603577,0.9382086396217346,0.07610476016998291,0.9854905605316162
1233.3333333333333,0.5454521775245667,0.29676344990730286,-0.3735833466053009,0.9999810457229614,0.5505132675170898,0.28227606415748596,-0.3611263632774353,0.9999350905418396,0.5542626976966858,0.2821459174156189,-0.3611115515232086,0.9999309778213501,0.5567029118537903,0.2821042835712433,-0.3611297309398651,0.9999234676361084,0.540042519569397,0.2826923727989197,-0.3613429665565491,0.9999372363090515,0.5365641117095947,0.2829895317554474,-0.3614198863506317,0.9999418258666992,0.5334597229957581,0.2837205231189728,-0.361480176448822,0.9999422430992126,0.5629339814186096,0.28806114196777344,-0.2609202563762665,0.9997978806495667,0.5314018726348877,0.29125940799713135,-0.2623770833015442,0.9999173283576965,0.552855372428894,0.31271839141845703,-0.33388832211494446,0.9999769926071167,0.5398198962211609,0.31407132744789124,-0.3344055712223053,0.9999825954437256,0.5925528407096863,0.37439659237861633,-0.1634139120578766,0.9999264478683472,0.5120930075645447,0.3795594871044159,-0.20229841768741608,0.9999169707298279,0.5969055891036987,0.493338018655777,-0.12973231077194214,0.9853388071060181,0.5089733600616455,0.5001749396324158,-0.1911027878522873,0.9905495047569275,0.5667454600334167,0.5748012065887451,-0.20618005096912384,0.9659764766693115,0.5456821918487549,0.5856958627700806,-0.2493998110294342,0.9546470046043396,0.5595037341117859,0.6016547679901123,-0.2366938591003418,0.9186128973960876,0.5544555187225342,0.6097936034202576,-0.28079840540885925,0.8986995220184326,0.5535462498664856,0.5913196802139282,-0.25533327460289,0.9209989905357361,0.5584244132041931,0.6013067960739136,-0.2932310402393341,0.8963780403137207,0.5543933510780334,0.5818262696266174,-0.21445471048355103,0.901651918888092,0.5572013854980469,0.5922411680221558,-0.2539865970611572,0.8679928779602051,0.5716769695281982,0.5789451599121094,0.014058295637369156,0.9996830821037292,0.5249513983726501,0.5807198882102966,-0.014172996394336224,0.9996601939201355,0.5723473429679871,0.7461432218551636,0.03691989928483963,0.9913665056228638,0.5239086747169495,0.7398467659950256,0.016364682465791702,0.9931057095527649,0.5736863613128662,0.8764296174049377,0.20158006250858307,0.9925207495689392,0.5195335149765015,0.8784070014953613,0.17874738574028015,0.9917730093002319,0.5664064288139343,0.8907418847084045,0.21195244789123535,0.9338425397872925,0.5215432643890381,0.8903258442878723,0.1894262433052063,0.8326241374015808,0.5854182839393616,0.9345812201499939,0.10317327827215195,0.9878690242767334,0.5253950357437134,0.9382023215293884,0.07553287595510483,0.9856460690498352
1266.6666666666665,0.5454590916633606,0.2967609465122223,-0.3708209693431854,0.9999806880950928,0.5505360960960388,0.2822788953781128,-0.3582760691642761,0.9999338388442993,0.5542953014373779,0.28214749693870544,-0.3582630455493927,0.9999295473098755,0.5567591786384583,0.2821146249771118,-0.3582785725593567,0.999921977519989,0.5400629043579102,0.2826957106590271,-0.3585675060749054,0.9999361634254456,0.536576509475708,0.28300708532333374,-0.3586443364620209,0.999940812587738,0.533491849899292,0.28373366594314575,-0.3587085008621216,0.999941349029541,0.5630115866661072,0.28813454508781433,-0.25767824053764343,0.9997929334640503,0.5314639806747437,0.2912530303001404,-0.2592383921146393,0.9999159574508667,0.5528717637062073,0.312709242105484,-0.3309198021888733,0.9999765157699585,0.5398215055465698,0.31406494975090027,-0.33148473501205444,0.9999822378158569,0.5925944447517395,0.374356210231781,-0.16045373678207397,0.9999256730079651,0.5121403932571411,0.3794938921928406,-0.20023871958255768,0.9999169707298279,0.5970050096511841,0.4934353232383728,-0.1268455535173416,0.9851462841033936,0.5090010166168213,0.5000079274177551,-0.1893327683210373,0.9904991388320923,0.5667058229446411,0.5748172402381897,-0.2046329379081726,0.9655501842498779,0.5456110239028931,0.5856941938400269,-0.2485000640153885,0.9545522332191467,0.559475302696228,0.6016508340835571,-0.2354683130979538,0.9178650379180908,0.5543113946914673,0.6097787022590637,-0.2801755666732788,0.8986010551452637,0.5535269975662231,0.5913222432136536,-0.25431376695632935,0.9203135371208191,0.55829256772995,0.6012988686561584,-0.2928794026374817,0.8963167667388916,0.5543752908706665,0.581842839717865,-0.21305057406425476,0.9008170962333679,0.5570892691612244,0.5922381281852722,-0.25322815775871277,0.8678572177886963,0.5718462467193604,0.5793644189834595,0.014203260652720928,0.999682605266571,0.5251506567001343,0.5808188319206238,-0.014317053370177746,0.9996606111526489,0.5724064111709595,0.7468665838241577,0.03692898899316788,0.9913685917854309,0.5239092111587524,0.7399105429649353,0.016275187954306602,0.9931284189224243,0.5736818909645081,0.8765009641647339,0.2027798295021057,0.9925440549850464,0.5194339752197266,0.8785830140113831,0.1785769909620285,0.9918100237846375,0.5663502812385559,0.8907454609870911,0.2132626175880432,0.934004008769989,0.5214817523956299,0.8904340863227844,0.18925811350345612,0.8328471183776855,0.5854396224021912,0.9346367120742798,0.10409103333950043,0.9879092574119568,0.5253351330757141,0.9382293224334717,0.0752088874578476,0.985708475112915
1299.9999999999998,0.5454643368721008,0.2968275845050812,-0.3704144358634949,0.9999802112579346,0.5505503416061401,0.28233861923217773,-0.3578985333442688,0.9999323487281799,0.5543171167373657,0.2821979820728302,-0.35788583755493164,0.9999279379844666,0.5568035244941711,0.2821723222732544,-0.35790202021598816,0.9999202489852905,0.5400765538215637,0.282778263092041,-0.35828110575675964,0.9999346137046814,0.5365844368934631,0.28314298391342163,-0.35835856199264526,0.9999394416809082,0.5335212349891663,0.2838453948497772,-0.3584248423576355,0.999940037727356,0.5630521178245544,0.2882485091686249,-0.2569563388824463,0.9997879862785339,0.531526505947113,0.2912716269493103,-0.25875893235206604,0.9999140501022339,0.5528885722160339,0.31271401047706604,-0.33026421070098877,0.9999760389328003,0.539823591709137,0.3140612244606018,-0.3309243321418762,0.9999818205833435,0.5926722288131714,0.3743070363998413,-0.1594109684228897,0.9999253749847412,0.5121792554855347,0.37945887446403503,-0.1997368037700653,0.9999165534973145,0.59712153673172,0.49348822236061096,-0.12523454427719116,0.9849762320518494,0.5090206861495972,0.4998135566711426,-0.1884789615869522,0.9904094338417053,0.5666990280151367,0.5748113989830017,-0.20283670723438263,0.9651274085044861,0.5455624461174011,0.5856966376304626,-0.24749238789081573,0.9542067646980286,0.5594654679298401,0.6016393899917603,-0.23351283371448517,0.9170456528663635,0.5541889667510986,0.6097765564918518,-0.2790902853012085,0.8980191946029663,0.5535152554512024,0.5913112759590149,-0.25219058990478516,0.9195427298545837,0.5581657290458679,0.6013085842132568,-0.2919415831565857,0.8957653045654297,0.5543692111968994,0.5818400979042053,-0.21116586029529572,0.8998767733573914,0.5569847822189331,0.5922636389732361,-0.25227323174476624,0.8671770095825195,0.5719429850578308,0.5794166922569275,0.014300461858510971,0.9996829032897949,0.5252901315689087,0.5808187127113342,-0.014414328150451183,0.9996592402458191,0.5724427700042725,0.7469204664230347,0.03622494265437126,0.9912999868392944,0.5239113569259644,0.7398987412452698,0.015827352181077003,0.9930698275566101,0.5737094283103943,0.8765183687210083,0.20311588048934937,0.9924939870834351,0.5195157527923584,0.8785575032234192,0.17883753776550293,0.9917508363723755,0.5663598775863647,0.890747606754303,0.21379423141479492,0.9336740970611572,0.521655797958374,0.8902718424797058,0.18969713151454926,0.8322595953941345,0.5854820013046265,0.9346476197242737,0.10450878739356995,0.9878405332565308,0.5253484845161438,0.9382239580154419,0.07561229914426804,0.9856405854225159
1333.333333333333,0.5454684495925903,0.29700177907943726,-0.370086133480072,0.9999796748161316,0.5505639910697937,0.28247687220573425,-0.3575974404811859,0.9999305009841919,0.5543345808982849,0.28233370184898376,-0.35758477449417114,0.999925971031189,0.5568439364433289,0.2823113203048706,-0.35760074853897095,0.9999181032180786,0.5400925874710083,0.28293928503990173,-0.3579461872577667,0.9999329447746277,0.5365963578224182,0.2833680808544159,-0.3580232262611389,0.9999379515647888,0.5335559248924255,0.28402549028396606,-0.3580890893936157,0.9999386668205261,0.5630747675895691,0.28843048214912415,-0.2568800151348114,0.9997816681861877,0.5315993428230286,0.2913210093975067,-0.2586629092693329,0.9999120831489563,0.5529000759124756,0.31279292702674866,-0.33006519079208374,0.9999754428863525,0.5398253798484802,0.3141128718852997,-0.3306962549686432,0.9999814033508301,0.5927214026451111,0.374302476644516,-0.15927065908908844,0.9999243021011353,0.5122174620628357,0.3794500529766083,-0.19984480738639832,0.9999163150787354,0.5972350835800171,0.4935872256755829,-0.12518370151519775,0.9847998023033142,0.509062647819519,0.4997159540653229,-0.18885891139507294,0.990401029586792,0.5666941404342651,0.5748028755187988,-0.20267175137996674,0.9647112488746643,0.5455490946769714,0.5856959819793701,-0.2475799173116684,0.9541870355606079,0.5594340562820435,0.6015995740890503,-0.2333163172006607,0.9161719679832458,0.5541133880615234,0.6097736358642578,-0.2791195511817932,0.8979986906051636,0.5534924864768982,0.5912767648696899,-0.25187161564826965,0.9187273383140564,0.5580259561538696,0.6013243794441223,-0.29193973541259766,0.8957759737968445,0.5543606877326965,0.5818226933479309,-0.2109539657831192,0.8988970518112183,0.556877851486206,0.5922922492027283,-0.2523394823074341,0.8671650886535645,0.5720066428184509,0.5794252753257751,0.014589564874768257,0.9996805787086487,0.5253980159759521,0.580820620059967,-0.014702055603265762,0.9996578693389893,0.5724794864654541,0.7467179298400879,0.03641537204384804,0.991218626499176,0.5240190625190735,0.7401645183563232,0.015447262674570084,0.9930403232574463,0.573790431022644,0.8764973878860474,0.2035105973482132,0.9924491047859192,0.5195830464363098,0.8789016604423523,0.17873458564281464,0.9917336702346802,0.5663834810256958,0.8906844258308411,0.21418586373329163,0.9335742592811584,0.5217071771621704,0.89033043384552,0.18966169655323029,0.831886887550354,0.5855550169944763,0.9346438646316528,0.10506627708673477,0.9877910614013672,0.5253804922103882,0.9384042024612427,0.0751006230711937,0.9856095910072327
1366.6666666666663,0.5454733371734619,0.2972952425479889,-0.36986061930656433,0.9999789595603943,0.5505834817886353,0.2826864719390869,-0.35739952325820923,0.999927818775177,0.5543555021286011,0.28255730867385864,-0.35738664865493774,0.9999231696128845,0.5568854808807373,0.2825387120246887,-0.35740238428115845,0.9999150037765503,0.5401199460029602,0.2831507921218872,-0.35771554708480835,0.9999305009841919,0.5366268157958984,0.283634752035141,-0.3577921986579895,0.9999357461929321,0.5336084365844727,0.2842300534248352,-0.35785776376724243,0.9999365210533142,0.5630929470062256,0.2887044847011566,-0.2570074200630188,0.9997726082801819,0.5316997766494751,0.2913650870323181,-0.25866690278053284,0.999908983707428,0.5529056191444397,0.312953382730484,-0.32992565631866455,0.9999745488166809,0.539827287197113,0.31423118710517883,-0.33053120970726013,0.9999807476997375,0.5927755832672119,0.37429729104042053,-0.15953417122364044,0.9999235272407532,0.5122426748275757,0.379437118768692,-0.19971270859241486,0.9999158978462219,0.5973066091537476,0.49366188049316406,-0.12524549663066864,0.9846926927566528,0.509084939956665,0.4996037185192108,-0.18871189653873444,0.9903488159179688,0.5666459202766418,0.5748223066329956,-0.20181135833263397,0.9645175933837891,0.5455261468887329,0.5856946706771851,-0.24695123732089996,0.954169511795044,0.5593814253807068,0.6016349196434021,-0.2322775423526764,0.9158005714416504,0.5540686249732971,0.6097716093063354,-0.2782386541366577,0.8979976177215576,0.5534362196922302,0.5913660526275635,-0.2507784366607666,0.9183840751647949,0.5579624176025391,0.6013666987419128,-0.29124021530151367,0.8957944512367249,0.5543130040168762,0.5819270014762878,-0.2100043147802353,0.898440420627594,0.5568360686302185,0.5923670530319214,-0.25173985958099365,0.8671985864639282,0.5722086429595947,0.579431414604187,0.014482277445495129,0.9996785521507263,0.5255997776985168,0.5808215737342834,-0.014594431035220623,0.999656617641449,0.5725237727165222,0.7468155026435852,0.03641693666577339,0.9912402033805847,0.5241107940673828,0.740113377571106,0.01566384546458721,0.9929941892623901,0.5738644003868103,0.8765402436256409,0.2024008184671402,0.9924667477607727,0.5195887684822083,0.878890872001648,0.17860159277915955,0.9917037487030029,0.5664544701576233,0.8907298445701599,0.2127496600151062,0.9334632158279419,0.5217222571372986,0.8903347253799438,0.1895250827074051,0.8314372301101685,0.5856094360351562,0.9347713589668274,0.10294827073812485,0.987785279750824,0.5253441333770752,0.9384127855300903,0.07499814033508301,0.9855771064758301
1399.9999999999995,0.5454748272895813,0.29752594232559204,-0.3708376884460449,0.9999783635139465,0.5505909323692322,0.28286388516426086,-0.35857951641082764,0.9999257326126099,0.5543661117553711,0.28275245428085327,-0.3585655093193054,0.9999209046363831,0.5569210648536682,0.2827282249927521,-0.35858154296875,0.9999125599861145,0.5401255488395691,0.28334712982177734,-0.3588366210460663,0.9999285340309143,0.5366334915161133,0.2838737666606903,-0.35891374945640564,0.9999339580535889,0.5336360931396484,0.2844107151031494,-0.3589809536933899,0.9999347925186157,0.5631159543991089,0.28892782330513,-0.2583560049533844,0.9997645616531372,0.5317744612693787,0.29140761494636536,-0.25983136892318726,0.9999064207077026,0.5529077649116516,0.3130851984024048,-0.3309146463871002,0.999973714351654,0.5398250222206116,0.3143298625946045,-0.33147093653678894,0.9999801516532898,0.5928454995155334,0.37428686022758484,-0.16018253564834595,0.9999228119850159,0.512315034866333,0.37940484285354614,-0.20079196989536285,0.9999157786369324,0.5973609089851379,0.49372366070747375,-0.12569986283779144,0.9845210313796997,0.5091133713722229,0.4993586242198944,-0.18996074795722961,0.9903210401535034,0.5665825605392456,0.5748128890991211,-0.20184217393398285,0.9641227126121521,0.5454908013343811,0.5856775641441345,-0.24762803316116333,0.9541060328483582,0.5593151450157166,0.6016318798065186,-0.2323281168937683,0.9148961305618286,0.5540276169776917,0.6097680926322937,-0.27884843945503235,0.8978729248046875,0.5533735156059265,0.59137362241745,-0.2507956922054291,0.9175347089767456,0.5578823089599609,0.6014110445976257,-0.29184824228286743,0.8956875801086426,0.5542649626731873,0.5819413661956787,-0.2100425511598587,0.8973633646965027,0.5567811727523804,0.5924525260925293,-0.2524004280567169,0.8670037388801575,0.5722804665565491,0.5794516205787659,0.014605747535824776,0.999680757522583,0.5256630182266235,0.5808216333389282,-0.014718453399837017,0.9996588230133057,0.5725591778755188,0.7470225691795349,0.036534328013658524,0.9912686347961426,0.5242030620574951,0.7401419281959534,0.015638278797268867,0.99301677942276,0.5738611221313477,0.8769049644470215,0.20134593546390533,0.9925430417060852,0.5195705890655518,0.8788671493530273,0.1785741150379181,0.9917619228363037,0.566448986530304,0.8911701440811157,0.21143846213817596,0.9340333342552185,0.5217078328132629,0.8903394341468811,0.1894892156124115,0.8318496942520142,0.5856276750564575,0.9350404143333435,0.10113701969385147,0.9878873229026794,0.525330126285553,0.9383752346038818,0.07495002448558807,0.9856895208358765
1433.3333333333328,0.5454866290092468,0.2976793944835663,-0.37141039967536926,0.9999780058860779,0.5506240725517273,0.2829686403274536,-0.35921695828437805,0.9999246597290039,0.5544034242630005,0.28286013007164,-0.3592023253440857,0.9999196529388428,0.5569738745689392,0.2828340232372284,-0.3592185974121094,0.9999113082885742,0.5401539206504822,0.2834620475769043,-0.3595357835292816,0.9999275207519531,0.5366610884666443,0.2840159833431244,-0.35961419343948364,0.9999330639839172,0.5336799025535583,0.2845187187194824,-0.35968202352523804,0.9999339580535889,0.5631425380706787,0.2890731394290924,-0.25890883803367615,0.9997596740722656,0.5318470597267151,0.2914266884326935,-0.2607625126838684,0.9999054074287415,0.5529268980026245,0.31317657232284546,-0.33143287897109985,0.9999732971191406,0.539829432964325,0.314409464597702,-0.3320878744125366,0.9999798536300659,0.5929098129272461,0.37428000569343567,-0.16018319129943848,0.9999225735664368,0.5124250054359436,0.37937262654304504,-0.20199991762638092,0.9999164938926697,0.5973882079124451,0.4937814772129059,-0.1255161315202713,0.9843208193778992,0.5091497302055359,0.4991571009159088,-0.19117863476276398,0.9903203248977661,0.5665357112884521,0.5748122334480286,-0.20139889419078827,0.9637446999549866,0.5453968644142151,0.5856688022613525,-0.2482266128063202,0.9541239738464355,0.5592506527900696,0.601637601852417,-0.23165051639080048,0.914067268371582,0.5539296865463257,0.6097663044929504,-0.27939361333847046,0.89789217710495,0.5533182621002197,0.5913860201835632,-0.2502097189426422,0.9167606234550476,0.5577326416969299,0.6014633774757385,-0.2922805845737457,0.8957248330116272,0.5542179346084595,0.5819653272628784,-0.20961159467697144,0.8964078426361084,0.556656002998352,0.5925536751747131,-0.2529338002204895,0.8670134544372559,0.5723214745521545,0.5794598460197449,0.015234911814332008,0.9996833205223083,0.525779128074646,0.5807328224182129,-0.015349195338785648,0.999661922454834,0.5725672841072083,0.7472783327102661,0.037283964455127716,0.9911903738975525,0.5242365002632141,0.7401362657546997,0.014972126111388206,0.9930257797241211,0.5738459825515747,0.8770623803138733,0.20119771361351013,0.9925566911697388,0.5195660591125488,0.8788694143295288,0.17679935693740845,0.9918080568313599,0.5663929581642151,0.8912213444709778,0.211201012134552,0.9344553351402283,0.5216711163520813,0.8904068470001221,0.18754814565181732,0.8322690725326538,0.5856309533119202,0.9352568984031677,0.1010882779955864,0.9879127740859985,0.5253353714942932,0.9382387399673462,0.0732768252491951,0.9857717156410217
1466.666666666666,0.54551100730896,0.2977730631828308,-0.37294021248817444,0.9999778270721436,0.5506811738014221,0.2830181121826172,-0.36080628633499146,0.999923825263977,0.554466187953949,0.2829091548919678,-0.3607896864414215,0.9999186396598816,0.5570445656776428,0.2828829884529114,-0.36080509424209595,0.999910295009613,0.5401974320411682,0.28350526094436646,-0.3611783981323242,0.9999269247055054,0.5367001295089722,0.2840621769428253,-0.3612583875656128,0.999932587146759,0.5337305068969727,0.2845444083213806,-0.36132586002349854,0.9999335408210754,0.5631803870201111,0.2891297936439514,-0.2606559991836548,0.9997547268867493,0.531915545463562,0.29142388701438904,-0.2629173696041107,0.9999048113822937,0.5529501438140869,0.3132449686527252,-0.33301597833633423,0.9999728202819824,0.5398414731025696,0.31445905566215515,-0.3337830603122711,0.999979555606842,0.5929720401763916,0.3742843568325043,-0.16137145459651947,0.9999220967292786,0.5124902129173279,0.379346638917923,-0.2044050693511963,0.9999174475669861,0.5973912477493286,0.4938419461250305,-0.1265636831521988,0.9842283129692078,0.5092175602912903,0.4990045726299286,-0.19376860558986664,0.9903656244277954,0.566449761390686,0.5748127102851868,-0.20181015133857727,0.9636700749397278,0.5453552603721619,0.585620105266571,-0.24981003999710083,0.9545084834098816,0.5591939687728882,0.6016611456871033,-0.2318601757287979,0.9138427972793579,0.5538919568061829,0.6097314357757568,-0.2809510827064514,0.8986575603485107,0.5532741546630859,0.5914806127548218,-0.2505072057247162,0.9165579080581665,0.5576639771461487,0.601452112197876,-0.29357829689979553,0.8965193629264832,0.554168701171875,0.5820567011833191,-0.21002911031246185,0.896160900592804,0.5566057562828064,0.5925537943840027,-0.2543775737285614,0.867924153804779,0.5723540782928467,0.5794618129730225,0.01561656966805458,0.9996854662895203,0.5258957743644714,0.5806607007980347,-0.01573372632265091,0.9996658563613892,0.572575032711029,0.7473891377449036,0.04024072736501694,0.9911270141601562,0.5242429375648499,0.7401167154312134,0.014986041001975536,0.9930576682090759,0.5738467574119568,0.8770759701728821,0.2011590451002121,0.9925792813301086,0.5195277333259583,0.8788580894470215,0.17593783140182495,0.9918726086616516,0.5663912892341614,0.8912323117256165,0.2111906260251999,0.9349799752235413,0.5215980410575867,0.89044189453125,0.18651436269283295,0.8328405022621155,0.5856388211250305,0.9352710247039795,0.10138300806283951,0.9879581332206726,0.5253344178199768,0.9381586909294128,0.07283291220664978,0.9858628511428833
1499.9999999999993,0.5455104112625122,0.29781219363212585,-0.3727763593196869,0.999977707862854,0.5506877303123474,0.283042311668396,-0.36072951555252075,0.9999233484268188,0.5544759035110474,0.2829412817955017,-0.36071476340293884,0.9999180436134338,0.5570747256278992,0.28291597962379456,-0.3607320785522461,0.9999096393585205,0.5402011871337891,0.28352054953575134,-0.36095330119132996,0.9999266862869263,0.536703884601593,0.28407201170921326,-0.3610338270664215,0.9999323487281799,0.5337397456169128,0.28454625606536865,-0.36110150814056396,0.9999333024024963,0.5631940364837646,0.2891835868358612,-0.2604213058948517,0.9997520446777344,0.5319536328315735,0.29140838980674744,-0.26283085346221924,0.9999043345451355,0.5529528260231018,0.31327706575393677,-0.33283936977386475,0.9999725222587585,0.5398240685462952,0.31447064876556396,-0.3337227404117584,0.9999793171882629,0.593018651008606,0.37432223558425903,-0.16181951761245728,0.9999209642410278,0.5125687718391418,0.3792650103569031,-0.20399583876132965,0.9999182224273682,0.5973945260047913,0.49393948912620544,-0.12751007080078125,0.9842777848243713,0.5092218518257141,0.4987802505493164,-0.1932799071073532,0.9903734922409058,0.5663637518882751,0.5748003721237183,-0.20185455679893494,0.9638364911079407,0.5452251434326172,0.585424542427063,-0.24965259432792664,0.9547514915466309,0.5591344833374023,0.6016607880592346,-0.23188453912734985,0.9141083359718323,0.5537925362586975,0.6095412969589233,-0.2806142568588257,0.8991691470146179,0.5532227158546448,0.5914991497993469,-0.2504173815250397,0.9167978167533875,0.5575132966041565,0.6013329029083252,-0.2930406630039215,0.8970114588737488,0.554099977016449,0.5820688605308533,-0.21005837619304657,0.8964716196060181,0.5564593076705933,0.5924530625343323,-0.25414443016052246,0.8685382604598999,0.5723579525947571,0.5794185996055603,0.015615483745932579,0.9996832013130188,0.525958776473999,0.5803179144859314,-0.01573255844414234,0.999666690826416,0.5725418329238892,0.747291088104248,0.04118367284536362,0.9909462928771973,0.5242302417755127,0.739902138710022,0.01501852460205555,0.9930405020713806,0.5737453699111938,0.8768730163574219,0.199534073472023,0.9924894571304321,0.5195322632789612,0.878941535949707,0.17251966893672943,0.9918531179428101,0.5662127137184143,0.8911402821540833,0.20910029113292694,0.9349325895309448,0.5216097235679626,0.8906989693641663,0.18252545595169067,0.8327677249908447,0.5856000781059265,0.9351698160171509,0.10070805251598358,0.9878575205802917,0.5253921747207642,0.9380239248275757,0.06944267451763153,0.9857951402664185
1533.3333333333326,0.545512318611145,0.29781389236450195,-0.37263983488082886,0.9999775290489197,0.5507020950317383,0.28304317593574524,-0.3606872856616974,0.9999225735664368,0.5544959306716919,0.28294241428375244,-0.36067208647727966,0.999917209148407,0.5571095943450928,0.28291749954223633,-0.36068853735923767,0.9999087452888489,0.5402042865753174,0.28351712226867676,-0.36073368787765503,0.9999260902404785,0.5367071032524109,0.2840627431869507,-0.36081328988075256,0.9999317526817322,0.5337492227554321,0.28452634811401367,-0.360880583524704,0.9999327063560486,0.5632131695747375,0.2891930937767029,-0.26024171710014343,0.9997491240501404,0.5319712162017822,0.2913569211959839,-0.26243555545806885,0.9999033808708191,0.5529552102088928,0.3132797181606293,-0.3327593207359314,0.9999721646308899,0.5398101806640625,0.3144701421260834,-0.33355575799942017,0.9999790191650391,0.5930648446083069,0.3743533492088318,-0.16195042431354523,0.9999199509620667,0.5125740170478821,0.3792552053928375,-0.20349086821079254,0.9999183416366577,0.597396969795227,0.4940304160118103,-0.12785589694976807,0.9842473864555359,0.5092262625694275,0.4987391233444214,-0.19257593154907227,0.9903289079666138,0.5662966370582581,0.5747599601745605,-0.20205789804458618,0.9637442827224731,0.5450994968414307,0.5853295922279358,-0.24948428571224213,0.9547176361083984,0.5590972304344177,0.6016567945480347,-0.2320278137922287,0.9139150381088257,0.5537278652191162,0.6094710230827332,-0.2804330587387085,0.8991703987121582,0.5531861782073975,0.591502845287323,-0.25051069259643555,0.9165998697280884,0.5574520826339722,0.601248025894165,-0.29292723536491394,0.8970049023628235,0.5540504455566406,0.5820690989494324,-0.21021156013011932,0.8962416648864746,0.5563978552818298,0.5923607349395752,-0.25401976704597473,0.8685310482978821,0.5723584294319153,0.5794188976287842,0.015562604181468487,0.9996813535690308,0.52596116065979,0.5802770256996155,-0.015679456293582916,0.9996663331985474,0.5725405812263489,0.7472509145736694,0.0408785417675972,0.9908970594406128,0.5241976976394653,0.7398709058761597,0.015063977800309658,0.9930424094200134,0.5735722780227661,0.8768850564956665,0.19853448867797852,0.9924783110618591,0.5195264220237732,0.879138171672821,0.17255379259586334,0.9918567538261414,0.5659569501876831,0.8911462426185608,0.2080371081829071,0.9349409341812134,0.5216246843338013,0.891056478023529,0.1825873851776123,0.8328359723091125,0.5855549573898315,0.9352231025695801,0.09940990805625916,0.9878395199775696,0.5253904461860657,0.9379810094833374,0.06923369318246841,0.9857807755470276
1566.6666666666658,0.5455150008201599,0.29781490564346313,-0.3724491000175476,0.999977171421051,0.5507218837738037,0.28304409980773926,-0.36043816804885864,0.9999212026596069,0.5545166730880737,0.28294360637664795,-0.3604232966899872,0.9999156594276428,0.5571410655975342,0.2829200327396393,-0.3604392409324646,0.9999070167541504,0.5402169823646545,0.283513605594635,-0.3604680895805359,0.9999249577522278,0.5367128252983093,0.28405335545539856,-0.3605467975139618,0.999930739402771,0.5337657332420349,0.28450658917427063,-0.36061349511146545,0.9999316930770874,0.5632246732711792,0.28919997811317444,-0.2604086995124817,0.9997428059577942,0.5319878458976746,0.29128438234329224,-0.2620992064476013,0.9999013543128967,0.5529575943946838,0.31328126788139343,-0.3327201008796692,0.9999714493751526,0.5398045182228088,0.3144671320915222,-0.3333427608013153,0.9999785423278809,0.5930874347686768,0.37437182664871216,-0.1630181521177292,0.999918520450592,0.5125845670700073,0.3792313039302826,-0.2033826857805252,0.9999178647994995,0.597399890422821,0.49408525228500366,-0.1295524388551712,0.9841739535331726,0.5092313885688782,0.498703271150589,-0.19244644045829773,0.990268349647522,0.5662209391593933,0.5747537612915039,-0.20503473281860352,0.9636924266815186,0.5449492335319519,0.5852193236351013,-0.2501906752586365,0.9548805356025696,0.5590887665748596,0.6016766428947449,-0.23547779023647308,0.9138942956924438,0.5536648631095886,0.6093761920928955,-0.2816144526004791,0.8996983170509338,0.5531777739524841,0.5915795564651489,-0.2542499601840973,0.9165832996368408,0.557405412197113,0.6011148691177368,-0.2942745089530945,0.897550642490387,0.5540192723274231,0.5821141600608826,-0.213290736079216,0.8962087631225586,0.5563374161720276,0.5922178626060486,-0.2548436224460602,0.8690862655639648,0.5724261999130249,0.5794154405593872,0.015376448631286621,0.9996795654296875,0.5259760022163391,0.5802544951438904,-0.015492905862629414,0.9996654987335205,0.5725517868995667,0.7470875382423401,0.04084159806370735,0.9908156394958496,0.5241925120353699,0.7398663759231567,0.015814561396837234,0.9930108189582825,0.5735713243484497,0.8768660426139832,0.19880487024784088,0.9924329519271851,0.5195897817611694,0.8791517019271851,0.1741742342710495,0.9918243885040283,0.5659576058387756,0.8911444544792175,0.20832769572734833,0.9348851442337036,0.5217278003692627,0.891105592250824,0.1843593865633011,0.8327770829200745,0.5855597853660583,0.9353331923484802,0.09978828579187393,0.9877974987030029,0.5254120826721191,0.9379622340202332,0.07108579576015472,0.9857128858566284
1599.999999999999,0.5455177426338196,0.29779428243637085,-0.369133859872818,0.9999772906303406,0.5507402420043945,0.28304243087768555,-0.35686302185058594,0.9999215602874756,0.5545371174812317,0.28294453024864197,-0.3568486273288727,0.9999160766601562,0.5571709871292114,0.28292316198349,-0.35685995221138,0.9999074339866638,0.5402319431304932,0.2834914028644562,-0.35696539282798767,0.9999253749847412,0.5367220640182495,0.28401118516921997,-0.3570411503314972,0.9999310970306396,0.5337854027748108,0.2844475507736206,-0.35710713267326355,0.9999319314956665,0.5632303357124329,0.2892213463783264,-0.2572796046733856,0.9997431039810181,0.5319973826408386,0.2911991775035858,-0.2588682472705841,0.9999018907546997,0.5529597401618958,0.31327781081199646,-0.32969579100608826,0.9999715685844421,0.5398003458976746,0.3144277036190033,-0.3302662968635559,0.9999786615371704,0.5930764675140381,0.37438255548477173,-0.16024073958396912,0.9999191761016846,0.5125881433486938,0.3792220652103424,-0.20118851959705353,0.9999186992645264,0.5974017381668091,0.4941120147705078,-0.126768097281456,0.9843056201934814,0.5092356204986572,0.4986857771873474,-0.19089896976947784,0.9903353452682495,0.5661688446998596,0.574586033821106,-0.20390330255031586,0.9644249677658081,0.5448681116104126,0.585009753704071,-0.24993681907653809,0.955581784248352,0.5590860843658447,0.6015766859054565,-0.23463888466358185,0.9155075550079346,0.5536323189735413,0.6091089248657227,-0.28155794739723206,0.9011757373809814,0.5531700253486633,0.591522753238678,-0.2535495162010193,0.9181526899337769,0.5573835372924805,0.6007559299468994,-0.2942490577697754,0.8990396857261658,0.5539891719818115,0.5820301175117493,-0.21221508085727692,0.8980208039283752,0.5563129186630249,0.5918224453926086,-0.2546035051345825,0.8708145618438721,0.5723733901977539,0.5794142484664917,0.01576990634202957,0.9996803998947144,0.5259710550308228,0.5802389979362488,-0.015885885804891586,0.999667763710022,0.5725439786911011,0.7467303276062012,0.04124157503247261,0.990770697593689,0.5241830348968506,0.7398812770843506,0.014756975695490837,0.9930621981620789,0.5735055208206177,0.8768984079360962,0.1986679881811142,0.9924581050872803,0.5195631384849548,0.8792526721954346,0.17033568024635315,0.9918967485427856,0.5658186674118042,0.8911821246147156,0.208124577999115,0.9354555010795593,0.5216392874717712,0.8911681175231934,0.18016287684440613,0.8336952328681946,0.5854900479316711,0.9353340268135071,0.09975424408912659,0.9878596067428589,0.5254637002944946,0.9379057288169861,0.06632038205862045,0.9858199954032898
1633.3333333333323,0.5455194711685181,0.29778239130973816,-0.36203593015670776,0.9999774694442749,0.5507566928863525,0.28304100036621094,-0.34975510835647583,0.9999222159385681,0.5545562505722046,0.28294533491134644,-0.3497411012649536,0.9999167323112488,0.5571978688240051,0.28292587399482727,-0.3497498333454132,0.9999082088470459,0.5402417778968811,0.2834722697734833,-0.349870890378952,0.9999259114265442,0.5367270708084106,0.28397470712661743,-0.349943608045578,0.9999315738677979,0.5337997078895569,0.2843954861164093,-0.3500080406665802,0.9999323487281799,0.5632340312004089,0.28924593329429626,-0.25132229924201965,0.9997446537017822,0.5320020914077759,0.2911268174648285,-0.2526455521583557,0.9999025464057922,0.552960991859436,0.3132750391960144,-0.3230723440647125,0.9999717473983765,0.5397911071777344,0.3143993020057678,-0.3235599100589752,0.99997878074646,0.5930766463279724,0.3744313418865204,-0.15588118135929108,0.9999196529388428,0.5125911235809326,0.3792165219783783,-0.1954762488603592,0.9999192357063293,0.5973766446113586,0.49416375160217285,-0.1213478147983551,0.984360933303833,0.5092403888702393,0.4986364245414734,-0.1845378279685974,0.99030601978302,0.5661020278930664,0.5745051503181458,-0.1969173550605774,0.964904248714447,0.5447938442230225,0.5848263502120972,-0.24369794130325317,0.9557885527610779,0.5590845346450806,0.6015478372573853,-0.22718119621276855,0.9165748953819275,0.5535857677459717,0.6089855432510376,-0.2747296988964081,0.9017052054405212,0.5531673431396484,0.591518759727478,-0.24571506679058075,0.9191959500312805,0.5573629140853882,0.6006261706352234,-0.2876647114753723,0.8995769619941711,0.5539792776107788,0.5820204019546509,-0.20503821969032288,0.8992137312889099,0.5562828183174133,0.5916531682014465,-0.2484477311372757,0.8714921474456787,0.5723569393157959,0.5794515609741211,0.01578335277736187,0.999680757522583,0.5259730219841003,0.5802417993545532,-0.015899494290351868,0.9996684789657593,0.5725511312484741,0.746753454208374,0.04038376361131668,0.9907519817352295,0.5241937041282654,0.7399763464927673,0.013975946232676506,0.9930719137191772,0.573504626750946,0.8769334554672241,0.19572153687477112,0.9924691319465637,0.5195279717445374,0.8794070482254028,0.1681629717350006,0.9918959736824036,0.565820574760437,0.8912177085876465,0.20500895380973816,0.9357081055641174,0.5214828252792358,0.8911993503570557,0.17788934707641602,0.8333950638771057,0.585476279258728,0.935342013835907,0.09687887877225876,0.9878726005554199,0.5254575610160828,0.937789797782898,0.06432996690273285,0.9858143925666809
1666.6666666666656,0.5455179810523987,0.29774776101112366,-0.3630276620388031,0.9999776482582092,0.5507606863975525,0.2830183207988739,-0.3507553040981293,0.999923050403595,0.5545593500137329,0.2829219698905945,-0.35074129700660706,0.9999175667762756,0.5572088956832886,0.28290778398513794,-0.35075125098228455,0.9999091625213623,0.5402448773384094,0.28343990445137024,-0.35084646940231323,0.9999268054962158,0.5367239713668823,0.28392741084098816,-0.3509198725223541,0.9999323487281799,0.5338059067726135,0.28434059023857117,-0.3509841561317444,0.9999330639839172,0.5632361769676208,0.28923994302749634,-0.2520732581615448,0.9997460842132568,0.5320066213607788,0.29107579588890076,-0.25315654277801514,0.999903678894043,0.5529598593711853,0.31325918436050415,-0.3239380121231079,0.999971866607666,0.5397759079933167,0.3143653869628906,-0.3243647813796997,0.9999788999557495,0.5930836200714111,0.3744616210460663,-0.15612581372261047,0.9999195337295532,0.5125933289527893,0.37920820713043213,-0.19577781856060028,0.9999201893806458,0.5973283648490906,0.49424946308135986,-0.12198175489902496,0.9843047857284546,0.5092445611953735,0.4986286759376526,-0.18497075140476227,0.9903124570846558,0.5660771727561951,0.5744082927703857,-0.19767190515995026,0.9650551080703735,0.5447008609771729,0.5847142934799194,-0.24408398568630219,0.9561236500740051,0.5590828657150269,0.6015123128890991,-0.22791022062301636,0.9170153737068176,0.5535193681716919,0.6088906526565552,-0.2750812768936157,0.9024694561958313,0.5531660914421082,0.5915223956108093,-0.24623849987983704,0.9196351766586304,0.5573316216468811,0.6005620360374451,-0.2879241704940796,0.9003511071205139,0.553971529006958,0.5820220708847046,-0.2057320475578308,0.8996952176094055,0.5562417507171631,0.591590166091919,-0.24880138039588928,0.8723504543304443,0.5723488330841064,0.5794604420661926,0.015970714390277863,0.9996825456619263,0.5259782075881958,0.5802406668663025,-0.016086788848042488,0.9996716976165771,0.572588324546814,0.7467678189277649,0.040478114038705826,0.9907405376434326,0.5241943001747131,0.7399781942367554,0.013819553889334202,0.993147611618042,0.5735008716583252,0.8772209286689758,0.19503600895404816,0.9925300478935242,0.5194451212882996,0.8795281648635864,0.16749654710292816,0.9920047521591187,0.5658085942268372,0.8916645050048828,0.20418402552604675,0.9365151524543762,0.5212547779083252,0.8915237784385681,0.1771589070558548,0.8347609043121338,0.5854832530021667,0.9354515671730042,0.09606926143169403,0.9879722595214844,0.5254552960395813,0.9376324415206909,0.06363386660814285,0.9859643578529358
1699.9999999999989,0.5455204844474792,0.2977195680141449,-0.3636327385902405,0.9999778270721436,0.5507664084434509,0.2829967737197876,-0.3513701856136322,0.9999236464500427,0.5545663237571716,0.28289690613746643,-0.35135617852211,0.9999181628227234,0.5572222471237183,0.28288570046424866,-0.35136720538139343,0.9999098181724548,0.5402475595474243,0.283416748046875,-0.3514541685581207,0.9999274015426636,0.5367259979248047,0.28389838337898254,-0.3515278995037079,0.9999329447746277,0.5338090658187866,0.28431087732315063,-0.35159268975257874,0.9999335408210754,0.5632380247116089,0.28921669721603394,-0.25253915786743164,0.9997469782829285,0.5320104956626892,0.29105350375175476,-0.2535147964954376,0.999904453754425,0.5529622435569763,0.3132432699203491,-0.32446494698524475,0.9999719262123108,0.5397757887840271,0.3143463730812073,-0.3248688876628876,0.9999790191650391,0.5930854678153992,0.3744760751724243,-0.156423881649971,0.9999197721481323,0.512593150138855,0.37924402952194214,-0.19584517180919647,0.9999207854270935,0.5973013043403625,0.49428898096084595,-0.12242577224969864,0.9842721223831177,0.5092486143112183,0.49861958622932434,-0.18514181673526764,0.9903111457824707,0.5660597681999207,0.5743864178657532,-0.1982060968875885,0.9652084112167358,0.5446916222572327,0.5846489071846008,-0.24435774981975555,0.9563032984733582,0.559080183506012,0.6015100479125977,-0.2284705638885498,0.9174036979675293,0.553510308265686,0.6088128089904785,-0.2754330635070801,0.9028921127319336,0.5531643629074097,0.5915422439575195,-0.24685703217983246,0.9200253486633301,0.5573275685310364,0.6005139350891113,-0.2882663607597351,0.9007847905158997,0.5539632439613342,0.5820400714874268,-0.2062908262014389,0.9001609086990356,0.556236207485199,0.5915473103523254,-0.2490827739238739,0.8728674650192261,0.5723584294319153,0.5795011520385742,0.016068441793322563,0.9996839761734009,0.5259935259819031,0.5802597999572754,-0.01618608646094799,0.9996734261512756,0.5725905895233154,0.7467811107635498,0.04046115651726723,0.9906385540962219,0.5241954326629639,0.7400255799293518,0.013738017529249191,0.9931349158287048,0.5735135674476624,0.8772681355476379,0.19530953466892242,0.9925026297569275,0.519321084022522,0.8795455098152161,0.1680789440870285,0.992000937461853,0.5658490657806396,0.8918421268463135,0.2045588344335556,0.9366415739059448,0.5209329128265381,0.8915267586708069,0.17787130177021027,0.8346543312072754,0.5855066776275635,0.9355189800262451,0.09610993415117264,0.9879441857337952,0.5254107713699341,0.9375764727592468,0.06432277709245682,0.9859407544136047
1733.3333333333321,0.5455247759819031,0.2976888120174408,-0.363395094871521,0.9999781250953674,0.5507747530937195,0.28297215700149536,-0.35096269845962524,0.9999248385429382,0.5545762181282043,0.28286635875701904,-0.35094907879829407,0.9999193549156189,0.557237446308136,0.28285765647888184,-0.35095930099487305,0.9999111294746399,0.540249764919281,0.2833928167819977,-0.35116320848464966,0.9999284148216248,0.5367279052734375,0.2838713526725769,-0.3512369394302368,0.9999338984489441,0.5338132381439209,0.2842855453491211,-0.3513011336326599,0.9999344944953918,0.5632394552230835,0.289191871881485,-0.251274049282074,0.999750554561615,0.5320136547088623,0.2910408675670624,-0.2528170645236969,0.9999058842658997,0.5529670715332031,0.31322401762008667,-0.3239388167858124,0.9999723434448242,0.5397757887840271,0.3143244981765747,-0.32447904348373413,0.9999793767929077,0.593087911605835,0.3745196759700775,-0.15469413995742798,0.9999205470085144,0.5125948786735535,0.3792990744113922,-0.19526270031929016,0.9999211430549622,0.5972528457641602,0.4943433403968811,-0.12035975605249405,0.9842402935028076,0.5092508792877197,0.49861398339271545,-0.18475796282291412,0.9903175234794617,0.5660062432289124,0.5743774175643921,-0.19783414900302887,0.9654129147529602,0.5446616411209106,0.584626317024231,-0.24451491236686707,0.9565085172653198,0.5590599775314331,0.6015080213546753,-0.22837910056114197,0.9179408550262451,0.5534734725952148,0.6087504625320435,-0.2756882905960083,0.9033523797988892,0.5531505346298218,0.5915558934211731,-0.24682044982910156,0.9205588102340698,0.5573037266731262,0.600450873374939,-0.2885032296180725,0.9012759327888489,0.5539287328720093,0.5820513367652893,-0.20599311590194702,0.9007635712623596,0.5562143921852112,0.5914928317070007,-0.24923446774482727,0.8734012246131897,0.5723596215248108,0.5802879333496094,0.016300925984978676,0.9996864199638367,0.5259906649589539,0.5807859301567078,-0.016421183943748474,0.9996740818023682,0.572597086429596,0.7476332187652588,0.039757080376148224,0.9906030297279358,0.5241847634315491,0.7406129240989685,0.013263481669127941,0.993130087852478,0.5735344290733337,0.8773680925369263,0.20047053694725037,0.9924876093864441,0.5188871622085571,0.8798178434371948,0.1705925017595291,0.9919915795326233,0.5658665895462036,0.8919268250465393,0.21072229743003845,0.9366295337677002,0.5202287435531616,0.8915367722511292,0.18105371296405792,0.8343855142593384,0.585495114326477,0.9355706572532654,0.10208181291818619,0.9879438281059265,0.525355875492096,0.9376595616340637,0.0667065903544426,0.985943615436554
1766.6666666666654,0.5455393195152283,0.2976873517036438,-0.3633555471897125,0.9999781847000122,0.550790548324585,0.28296732902526855,-0.3509140908718109,0.9999250173568726,0.5545924305915833,0.2828572690486908,-0.35090115666389465,0.9999196529388428,0.5572563409805298,0.2828478515148163,-0.3509112000465393,0.9999114274978638,0.5402595400810242,0.2833910584449768,-0.3511700928211212,0.9999284744262695,0.5367336273193359,0.28386980295181274,-0.35124409198760986,0.9999339580535889,0.5338259339332581,0.2842840850353241,-0.3513079285621643,0.9999344944953918,0.5632405877113342,0.28917592763900757,-0.2513461709022522,0.9997506737709045,0.5320156812667847,0.291035920381546,-0.2530323266983032,0.9999059438705444,0.5529771447181702,0.3132220208644867,-0.32392826676368713,0.999972403049469,0.5397862195968628,0.3143233060836792,-0.32452312111854553,0.9999793767929077,0.5930999517440796,0.3746049702167511,-0.15486672520637512,0.9999215602874756,0.512595534324646,0.37936699390411377,-0.1955067664384842,0.9999213814735413,0.5971965789794922,0.49444031715393066,-0.12064448744058609,0.9842665195465088,0.509253203868866,0.4986089766025543,-0.18497760593891144,0.9902971386909485,0.5659129619598389,0.574436604976654,-0.19810611009597778,0.9656915664672852,0.5446560978889465,0.5846225023269653,-0.24466603994369507,0.9565635919570923,0.5590172410011292,0.6015329360961914,-0.22864550352096558,0.9185929298400879,0.553465723991394,0.6087430715560913,-0.27584782242774963,0.9035110473632812,0.5531103014945984,0.5916354656219482,-0.2471035122871399,0.9212205410003662,0.5572980642318726,0.6004521250724792,-0.28862208127975464,0.9014654159545898,0.5538669228553772,0.5821968913078308,-0.20626841485500336,0.9014989733695984,0.5562079548835754,0.5915092825889587,-0.24937549233436584,0.8736250996589661,0.5722668766975403,0.5803883671760559,0.01644984260201454,0.9996891021728516,0.52596515417099,0.5808570981025696,-0.016571886837482452,0.9996750950813293,0.5725823044776917,0.7477265000343323,0.040056951344013214,0.9905173778533936,0.5241731405258179,0.7406136989593506,0.013275681994855404,0.9930896759033203,0.573596179485321,0.8776856660842896,0.2003350555896759,0.9924762845039368,0.5188183188438416,0.8797776699066162,0.17060936987400055,0.9919367432594299,0.5659934282302856,0.8923239707946777,0.21058598160743713,0.9363927245140076,0.520139753818512,0.8913280963897705,0.18107707798480988,0.8335309624671936,0.5855061411857605,0.9356576204299927,0.10203900933265686,0.9879207611083984,0.5253135561943054,0.937654435634613,0.06690914928913116,0.9858767986297607
1799.9999999999986,0.545547604560852,0.29767918586730957,-0.36359894275665283,0.9999781847000122,0.550794780254364,0.2829463481903076,-0.3511931300163269,0.9999251365661621,0.5545981526374817,0.2828253209590912,-0.35117992758750916,0.9999197721481323,0.5572682619094849,0.2828095555305481,-0.3511902391910553,0.9999114871025085,0.5402629971504211,0.2833808362483978,-0.3514256775379181,0.9999285340309143,0.5367347598075867,0.283860445022583,-0.35149991512298584,0.9999340176582336,0.5338293313980103,0.284275084733963,-0.3515639007091522,0.9999345541000366,0.5632377862930298,0.28909486532211304,-0.2516334354877472,0.9997502565383911,0.532017171382904,0.29102855920791626,-0.25328654050827026,0.9999059438705444,0.5529877543449402,0.31319135427474976,-0.32419541478157043,0.999972403049469,0.5397945642471313,0.31431278586387634,-0.32476621866226196,0.9999793767929077,0.5931283831596375,0.3746185600757599,-0.15515702962875366,0.9999221563339233,0.5125969052314758,0.37943053245544434,-0.19566024839878082,0.9999215006828308,0.5971866250038147,0.4944690763950348,-0.12098261713981628,0.9841518998146057,0.5092540979385376,0.4986046254634857,-0.18513397872447968,0.9902859330177307,0.5658994317054749,0.5744348764419556,-0.19880340993404388,0.9655733108520508,0.5446532964706421,0.5845550298690796,-0.24529817700386047,0.9565850496292114,0.5590019226074219,0.6015399694442749,-0.22975243628025055,0.9184739589691162,0.5534613728523254,0.6086092591285706,-0.2769167721271515,0.9036205410957336,0.5530955791473389,0.5916555523872375,-0.24838468432426453,0.9211398363113403,0.5572928786277771,0.6002970933914185,-0.28961190581321716,0.9016001224517822,0.5538507699966431,0.5822198390960693,-0.20710177719593048,0.9013656973838806,0.5562021732330322,0.591369092464447,-0.25000590085983276,0.8736819624900818,0.5722803473472595,0.5805191993713379,0.01644599810242653,0.9996914863586426,0.52597576379776,0.5809996724128723,-0.016567911952733994,0.9996759295463562,0.5725921988487244,0.7477405667304993,0.04045569524168968,0.9904564023017883,0.5241510272026062,0.7406121492385864,0.01396007277071476,0.9930675029754639,0.5736046433448792,0.8776952028274536,0.20258823037147522,0.992473840713501,0.5188168883323669,0.8797531723976135,0.1749897599220276,0.9919095039367676,0.5660082101821899,0.8923368453979492,0.21287283301353455,0.9363095760345459,0.5201479196548462,0.8913496136665344,0.1857873648405075,0.8332576155662537,0.5855342149734497,0.9356591105461121,0.10410478711128235,0.9879438877105713,0.5252997875213623,0.9376513957977295,0.07191237807273865,0.9858562350273132
1833.333333333332,0.5455620288848877,0.29767900705337524,-0.36161136627197266,0.9999783039093018,0.5507983565330505,0.2829420566558838,-0.34905415773391724,0.9999256730079651,0.5546013116836548,0.28281524777412415,-0.3490432798862457,0.9999204277992249,0.5572765469551086,0.282794713973999,-0.34905216097831726,0.9999121427536011,0.5402657985687256,0.2833811342716217,-0.3493223488330841,0.9999289512634277,0.5367360711097717,0.2838643789291382,-0.3493958115577698,0.9999343752861023,0.5338378548622131,0.2842799425125122,-0.3494584858417511,0.9999348521232605,0.5632290244102478,0.28905898332595825,-0.24967771768569946,0.9997518658638,0.532019317150116,0.2910301983356476,-0.2513982057571411,0.9999063611030579,0.5530054569244385,0.3131846487522125,-0.32232773303985596,0.9999725818634033,0.539819598197937,0.31431061029434204,-0.3229216933250427,0.9999794960021973,0.5931403040885925,0.3746320605278015,-0.1541268676519394,0.9999229311943054,0.5125973224639893,0.37953147292137146,-0.19424797594547272,0.9999215602874756,0.5971790552139282,0.4944792091846466,-0.12040259689092636,0.9842413067817688,0.5092554688453674,0.49859681725502014,-0.18393883109092712,0.9903011322021484,0.5658813118934631,0.574353814125061,-0.19858919084072113,0.9659873843193054,0.5446499586105347,0.5845019221305847,-0.24476321041584015,0.9568020105361938,0.55899977684021,0.6014335751533508,-0.22954511642456055,0.9194057583808899,0.5534620881080627,0.6083977818489075,-0.2764310836791992,0.9040794372558594,0.5530855655670166,0.5916175842285156,-0.24806874990463257,0.9220582246780396,0.5572898387908936,0.600066602230072,-0.2890984117984772,0.9020878076553345,0.5538316965103149,0.582192063331604,-0.20683199167251587,0.9024180173873901,0.5561987161636353,0.5912161469459534,-0.24946488440036774,0.8742619156837463,0.572271466255188,0.5805193781852722,0.016467493027448654,0.9996911883354187,0.525976836681366,0.5810141563415527,-0.016588980332016945,0.9996747374534607,0.5725945234298706,0.7473963499069214,0.04043787717819214,0.9903203845024109,0.5241525769233704,0.7405746579170227,0.013658496551215649,0.9930007457733154,0.573604941368103,0.8773639798164368,0.20243386924266815,0.9923891425132751,0.5188219547271729,0.8797446489334106,0.17338767647743225,0.9918244481086731,0.5660106539726257,0.8920132517814636,0.21266795694828033,0.9358900189399719,0.5201531648635864,0.8913387060165405,0.18395468592643738,0.8323987126350403,0.5855351090431213,0.9352929592132568,0.10372043401002884,0.9878374338150024,0.5252943634986877,0.9376558661460876,0.07036245614290237,0.9857147932052612
1866.6666666666652,0.5455688238143921,0.297700971364975,-0.3614733815193176,0.9999785423278809,0.5508027672767639,0.28294122219085693,-0.34888407588005066,0.9999266266822815,0.5546060800552368,0.2828134596347809,-0.34887340664863586,0.9999215006828308,0.5572800040245056,0.2827887237071991,-0.34888309240341187,0.9999133348464966,0.5402688384056091,0.28340041637420654,-0.3491693437099457,0.9999297857284546,0.5367371439933777,0.28389355540275574,-0.34924331307411194,0.9999351501464844,0.5338425040245056,0.2843063771724701,-0.34930554032325745,0.9999355673789978,0.5632123351097107,0.2890174686908722,-0.24939367175102234,0.9997552633285522,0.5320211052894592,0.2910386025905609,-0.25115740299224854,0.9999076724052429,0.5530180335044861,0.3131829798221588,-0.3221374452114105,0.9999728202819824,0.5398387312889099,0.31431442499160767,-0.3227417767047882,0.9999796748161316,0.5931558609008789,0.37465718388557434,-0.1535155475139618,0.9999237060546875,0.51259845495224,0.3795801103115082,-0.19394537806510925,0.9999220967292786,0.5971328616142273,0.4944869875907898,-0.12003999203443527,0.9842880964279175,0.5092543363571167,0.49857860803604126,-0.18359555304050446,0.9903366565704346,0.5658417344093323,0.5743104219436646,-0.19859646260738373,0.9661984443664551,0.544619619846344,0.5844085812568665,-0.2444257140159607,0.9569985866546631,0.558989942073822,0.6013771891593933,-0.22952039539813995,0.9198534488677979,0.5534467697143555,0.6082265377044678,-0.27609074115753174,0.9044440984725952,0.5530763268470764,0.5915947556495667,-0.2480403631925583,0.9224972128868103,0.5572763681411743,0.5997899174690247,-0.288667768239975,0.9024602770805359,0.5538148283958435,0.5821717381477356,-0.20683671534061432,0.9029138088226318,0.556187629699707,0.5909551978111267,-0.24908819794654846,0.874676525592804,0.5722609162330627,0.5805355310440063,0.016557367518544197,0.999691903591156,0.5259742140769958,0.5810152888298035,-0.01667824387550354,0.9996753931045532,0.5725678205490112,0.7473715543746948,0.040430665016174316,0.9902697205543518,0.5241119861602783,0.7405204772949219,0.013389145955443382,0.9930204749107361,0.5736060738563538,0.8773866891860962,0.201650470495224,0.9923917055130005,0.5187729001045227,0.8798470497131348,0.1715986728668213,0.991841197013855,0.566013753414154,0.8920199871063232,0.2116544395685196,0.9360849261283875,0.520148754119873,0.8914209008216858,0.1818944364786148,0.832602322101593,0.5855373740196228,0.9352998733520508,0.10299468040466309,0.9878312945365906,0.5252728462219238,0.937621533870697,0.06826484203338623,0.9857134222984314
1899.9999999999984,0.5455756783485413,0.2977059483528137,-0.3611370623111725,0.9999787211418152,0.5508064031600952,0.28294017910957336,-0.3484307527542114,0.999927282333374,0.5546097159385681,0.28281161189079285,-0.3484214246273041,0.9999222755432129,0.5572844743728638,0.2827848792076111,-0.34843119978904724,0.9999141693115234,0.5402714610099792,0.28341150283813477,-0.34876635670661926,0.9999303817749023,0.5367383360862732,0.28391119837760925,-0.3488400876522064,0.9999356865882874,0.5338500142097473,0.2843230962753296,-0.3489021360874176,0.999936044216156,0.5631784796714783,0.28898826241493225,-0.24854618310928345,0.9997572898864746,0.5320213437080383,0.29104945063591003,-0.25052610039711,0.999908447265625,0.5530258417129517,0.3131750226020813,-0.321689248085022,0.9999729990959167,0.5398526787757874,0.31431251764297485,-0.3223443031311035,0.9999797940254211,0.5931753516197205,0.37467172741889954,-0.1526719182729721,0.99992436170578,0.5125977993011475,0.37975844740867615,-0.1933184117078781,0.9999222755432129,0.597103476524353,0.4944975674152374,-0.11969251185655594,0.9842722415924072,0.5092552900314331,0.4985746145248413,-0.18320241570472717,0.990355372428894,0.5658355355262756,0.5742417573928833,-0.1989106684923172,0.9663125872612,0.5445935130119324,0.5842971205711365,-0.24449361860752106,0.9571803212165833,0.5589869022369385,0.6013127565383911,-0.23018929362297058,0.9201450943946838,0.5534419417381287,0.6080447435379028,-0.27614954113960266,0.9048536419868469,0.553072988986969,0.5915278792381287,-0.24881355464458466,0.922804594039917,0.5572720766067505,0.5995455980300903,-0.28871795535087585,0.9028936624526978,0.5538097023963928,0.5820871591567993,-0.20724894106388092,0.9032387733459473,0.5561824440956116,0.5906863808631897,-0.24915511906147003,0.8751049041748047,0.5722611546516418,0.5806177258491516,0.01659836247563362,0.9996922016143799,0.5259829163551331,0.581052303314209,-0.0167185477912426,0.9996756911277771,0.5725299715995789,0.7473422288894653,0.04120246320962906,0.9901918172836304,0.5240879654884338,0.7405256032943726,0.013393006287515163,0.9930118322372437,0.5735973715782166,0.8773869276046753,0.20278067886829376,0.9923807978630066,0.5187724828720093,0.8799624443054199,0.1716279685497284,0.9918276071548462,0.5660006999969482,0.8920066952705383,0.2128097414970398,0.9362033605575562,0.5201529264450073,0.8915920257568359,0.1819293051958084,0.83241206407547,0.5854343771934509,0.9352747797966003,0.10438963770866394,0.9878360033035278,0.5252833366394043,0.9376546144485474,0.06826768815517426,0.9856860041618347
1933.3333333333317,0.5455780029296875,0.29772812128067017,-0.356989324092865,0.9999788403511047,0.5508095026016235,0.2829442620277405,-0.3443061113357544,0.9999279379844666,0.5546128153800964,0.282815545797348,-0.34429919719696045,0.999923050403595,0.5572878122329712,0.28278622031211853,-0.344309538602829,0.9999150037765503,0.5402737259864807,0.28342410922050476,-0.3445156514644623,0.9999309182167053,0.5367388129234314,0.28392454981803894,-0.34458744525909424,0.9999361038208008,0.5338533520698547,0.28433215618133545,-0.344648540019989,0.9999364614486694,0.56315678358078,0.28898516297340393,-0.24478234350681305,0.9997605085372925,0.5320184230804443,0.29105573892593384,-0.24610748887062073,0.9999091029167175,0.5530277490615845,0.3131769597530365,-0.31766781210899353,0.9999732375144958,0.5398551225662231,0.31431466341018677,-0.3181408643722534,0.9999799132347107,0.5931805968284607,0.3746751546859741,-0.14995980262756348,0.9999246001243591,0.5125952959060669,0.3798232674598694,-0.18817046284675598,0.9999220371246338,0.5970840454101562,0.4945046901702881,-0.1173500269651413,0.9843690395355225,0.5092542171478271,0.4985090494155884,-0.1771693378686905,0.990320086479187,0.5658061504364014,0.5741849541664124,-0.19663561880588531,0.9664994478225708,0.5445206761360168,0.5841755270957947,-0.23957882821559906,0.9571417570114136,0.5589450597763062,0.6012073755264282,-0.22773857414722443,0.9204576015472412,0.553382933139801,0.6079151630401611,-0.2711253762245178,0.9048482775688171,0.5530315041542053,0.5914226770401001,-0.2460322380065918,0.9230992794036865,0.5572282075881958,0.5993903279304504,-0.28379881381988525,0.9028951525688171,0.5537740588188171,0.5819801688194275,-0.20481036603450775,0.9035770893096924,0.5561402440071106,0.5905211567878723,-0.24431420862674713,0.8750900626182556,0.5722545981407166,0.5808541774749756,0.016452211886644363,0.9996882677078247,0.5259818434715271,0.5812024474143982,-0.016569038853049278,0.9996717572212219,0.5724815726280212,0.7477433085441589,0.04039764404296875,0.990148663520813,0.524087131023407,0.7409722805023193,0.013372198678553104,0.9929932355880737,0.5736151337623596,0.8774372935295105,0.2008509337902069,0.9923396110534668,0.5189359188079834,0.8803228139877319,0.17063690721988678,0.9917745590209961,0.5660105347633362,0.892044723033905,0.21072521805763245,0.9362025856971741,0.5208069086074829,0.8917697072029114,0.18074923753738403,0.8320059180259705,0.5854079127311707,0.9352633953094482,0.10197648406028748,0.9877795577049255,0.5253069996833801,0.9378089308738708,0.06656839698553085,0.9855848550796509
1966.666666666665,0.5455796718597412,0.2977555990219116,-0.3569336533546448,0.9999789595603943,0.5508104562759399,0.2829511761665344,-0.34429648518562317,0.9999284744262695,0.5546132922172546,0.282822847366333,-0.34428852796554565,0.9999236464500427,0.5572925806045532,0.2827897369861603,-0.3442985713481903,0.9999156594276428,0.5402727723121643,0.283437579870224,-0.34449467062950134,0.9999313354492188,0.5367351174354553,0.28393471240997314,-0.3445664644241333,0.9999364018440247,0.5338585376739502,0.28433698415756226,-0.34462717175483704,0.9999366998672485,0.5631402730941772,0.2889822721481323,-0.24481530487537384,0.9997627139091492,0.5320160388946533,0.29105672240257263,-0.24608904123306274,0.999909520149231,0.5530294179916382,0.31318357586860657,-0.3176038861274719,0.9999733567237854,0.5398540496826172,0.3143182396888733,-0.3180641829967499,0.9999799728393555,0.5931885242462158,0.3746732473373413,-0.14990107715129852,0.9999250769615173,0.5125951170921326,0.3798294961452484,-0.18794551491737366,0.9999216794967651,0.5970615148544312,0.4944922626018524,-0.1168290227651596,0.9844331741333008,0.5092499852180481,0.49847695231437683,-0.17676717042922974,0.9902859926223755,0.5657868981361389,0.574137806892395,-0.19601383805274963,0.9667080640792847,0.5444993376731873,0.5840591192245483,-0.2389829009771347,0.9571152329444885,0.5589330196380615,0.6011741161346436,-0.22701476514339447,0.9208747744560242,0.5533723831176758,0.6077697277069092,-0.27047455310821533,0.9048237204551697,0.5530199408531189,0.5913863778114319,-0.24530106782913208,0.9235013127326965,0.5572210550308228,0.5992141962051392,-0.28316017985343933,0.9028801918029785,0.55376136302948,0.5819236636161804,-0.20416313409805298,0.9040164947509766,0.5561314225196838,0.5903265476226807,-0.24370750784873962,0.8750531673431396,0.5722594857215881,0.5809091329574585,0.016403429210186005,0.9996874928474426,0.5259928107261658,0.581217348575592,-0.016519811004400253,0.9996694922447205,0.5724848508834839,0.7482356429100037,0.03942776843905449,0.9901082515716553,0.5240864157676697,0.7408958077430725,0.013340604491531849,0.9929514527320862,0.5735465288162231,0.8774856925010681,0.20024476945400238,0.9923005700111389,0.5189914703369141,0.8802148699760437,0.17065997421741486,0.9917134046554565,0.565966784954071,0.8920597434043884,0.21014417707920074,0.9360281825065613,0.5209585428237915,0.8915524482727051,0.18077225983142853,0.8315379619598389,0.5853903889656067,0.935264527797699,0.10133104771375656,0.9877145290374756,0.5253036022186279,0.9377591609954834,0.06660554558038712,0.9854893088340759
1999.9999999999982,0.5455769896507263,0.2977868616580963,-0.3574342727661133,0.9999790787696838,0.5508115291595459,0.2829677164554596,-0.3447674810886383,0.999928891658783,0.5546140670776367,0.2828468978404999,-0.3447602391242981,0.9999240636825562,0.5572963953018188,0.2828100919723511,-0.34477007389068604,0.999916136264801,0.5402714014053345,0.2834542691707611,-0.34504005312919617,0.9999316930770874,0.5367324948310852,0.28394633531570435,-0.34511324763298035,0.9999366998672485,0.5338631272315979,0.28434157371520996,-0.34517592191696167,0.9999369978904724,0.5631232857704163,0.2889869809150696,-0.2449703812599182,0.9997645616531372,0.5320153832435608,0.2910557985305786,-0.2466200888156891,0.9999098181724548,0.5530257821083069,0.31320229172706604,-0.3179490864276886,0.9999733567237854,0.5398456454277039,0.3143204152584076,-0.3185393214225769,0.9999799132347107,0.5931841135025024,0.3746757209300995,-0.15087094902992249,0.9999250769615173,0.5125834941864014,0.3798612356185913,-0.18875858187675476,0.9999210834503174,0.5970579385757446,0.49443405866622925,-0.11740096658468246,0.9844993948936462,0.5092462301254272,0.49850085377693176,-0.17768971621990204,0.9902269244194031,0.5658010244369507,0.5741073489189148,-0.19624832272529602,0.9667609333992004,0.5444949865341187,0.5840423107147217,-0.239253968000412,0.9569841027259827,0.5589463114738464,0.6011462807655334,-0.22716335952281952,0.9208536148071289,0.5533778071403503,0.607731282711029,-0.27065661549568176,0.9045435190200806,0.5530171990394592,0.5913148522377014,-0.245487242937088,0.9234557151794434,0.5572171807289124,0.5991867184638977,-0.2833351790904999,0.9025704860687256,0.5537563562393188,0.581827700138092,-0.20440459251403809,0.9039128422737122,0.556127667427063,0.5902906656265259,-0.24397985637187958,0.874667763710022,0.5722598433494568,0.5808901190757751,0.01573050022125244,0.9996895790100098,0.5259825587272644,0.5812143683433533,-0.015844132751226425,0.9996715784072876,0.5724790692329407,0.7482459545135498,0.03867212310433388,0.9902825951576233,0.5240857005119324,0.7406861782073975,0.014822619035840034,0.9930176734924316,0.5734705328941345,0.877585232257843,0.19833317399024963,0.9924021363258362,0.5189933776855469,0.8799889087677002,0.17253050208091736,0.9918045401573181,0.5659106373786926,0.8921557068824768,0.20799846947193146,0.9364389181137085,0.5210095643997192,0.8914854526519775,0.1825943887233734,0.8327066898345947,0.5853753685951233,0.9352970719337463,0.09844169020652771,0.9878222346305847,0.5250585079193115,0.9372648000717163,0.06886712461709976,0.9856426119804382
2033.3333333333314,0.5455763936042786,0.29784709215164185,-0.35866498947143555,0.9999791383743286,0.5508130192756653,0.2830011248588562,-0.34607309103012085,0.9999290108680725,0.5546156167984009,0.28289154171943665,-0.3460654318332672,0.9999241828918457,0.5573035478591919,0.2828492522239685,-0.3460758328437805,0.9999162554740906,0.5402711033821106,0.2834892272949219,-0.3462713658809662,0.999931812286377,0.5367308855056763,0.283974289894104,-0.3463438153266907,0.9999368190765381,0.5338672995567322,0.28435665369033813,-0.34640464186668396,0.9999370574951172,0.5631119608879089,0.2890017032623291,-0.24667109549045563,0.9997644424438477,0.5320117473602295,0.29105982184410095,-0.24803981184959412,0.9999098181724548,0.5530238747596741,0.31325870752334595,-0.3193444013595581,0.9999732971191406,0.5398346781730652,0.3143434226512909,-0.31984636187553406,0.9999798536300659,0.5931729674339294,0.37469545006752014,-0.1525285691022873,0.9999249577522278,0.5125611424446106,0.3799450695514679,-0.1898605078458786,0.9999208450317383,0.5970374941825867,0.4944264590740204,-0.1195455938577652,0.9845403432846069,0.5092425346374512,0.49855837225914,-0.1790744960308075,0.9902238845825195,0.5657994151115417,0.57408207654953,-0.19789105653762817,0.9668530225753784,0.5445000529289246,0.5840328931808472,-0.24030470848083496,0.9570898413658142,0.5589468479156494,0.6011420488357544,-0.22879688441753387,0.9209306836128235,0.5533820390701294,0.6077241897583008,-0.2718174159526825,0.9047622084617615,0.5530170798301697,0.5912992358207703,-0.24713002145290375,0.9235360026359558,0.5572143197059631,0.5991873741149902,-0.28427112102508545,0.902786910533905,0.5537567734718323,0.5817911028862,-0.2060554027557373,0.9039958119392395,0.5561231970787048,0.5902910828590393,-0.24495235085487366,0.8748872876167297,0.5722482204437256,0.5808650255203247,0.015613648109138012,0.9996899366378784,0.525957465171814,0.5812190771102905,-0.015726758167147636,0.9996724724769592,0.5723913908004761,0.74778813123703,0.040184322744607925,0.9903435707092285,0.5241200923919678,0.7407486438751221,0.016034075990319252,0.9930409789085388,0.5735312104225159,0.877608060836792,0.19834987819194794,0.9924624562263489,0.5190589427947998,0.8802739381790161,0.17349067330360413,0.9918361306190491,0.5659640431404114,0.8921976089477539,0.20802484452724457,0.9368937015533447,0.521173357963562,0.8918901681900024,0.18354712426662445,0.8328949809074402,0.5854027271270752,0.9353548884391785,0.09855953603982925,0.9879056811332703,0.5250554084777832,0.9372645020484924,0.06987408548593521,0.9856911301612854
2066.6666666666647,0.5455741286277771,0.29792869091033936,-0.36497512459754944,0.9999791383743286,0.5508142113685608,0.28306305408477783,-0.3526500463485718,0.9999291300773621,0.5546159148216248,0.28297117352485657,-0.3526378273963928,0.99992436170578,0.5573066473007202,0.2829171419143677,-0.35265234112739563,0.9999164342880249,0.5402696132659912,0.28356635570526123,-0.3526357114315033,0.999931812286377,0.5367305278778076,0.2840465009212494,-0.35270845890045166,0.9999368190765381,0.533870279788971,0.2844083905220032,-0.3527674973011017,0.9999370574951172,0.5631023049354553,0.289050817489624,-0.25341323018074036,0.9997649192810059,0.5320117473602295,0.2910882234573364,-0.2538760006427765,0.9999098777770996,0.5530200600624084,0.31330448389053345,-0.32564491033554077,0.9999732375144958,0.5398204922676086,0.3143685460090637,-0.3258753716945648,0.9999797344207764,0.593174397945404,0.37473264336586,-0.15715156495571136,0.9999250769615173,0.51256263256073,0.3799877166748047,-0.19404925405979156,0.9999203681945801,0.5970036387443542,0.49442821741104126,-0.12400945276021957,0.9845719933509827,0.5092374086380005,0.4985995292663574,-0.18318019807338715,0.9901873469352722,0.565804123878479,0.5740751028060913,-0.2010602205991745,0.9667655229568481,0.5444971919059753,0.5840252041816711,-0.243065744638443,0.9568911790847778,0.558941662311554,0.601151704788208,-0.23167940974235535,0.9205079078674316,0.5533848404884338,0.6077548265457153,-0.27458128333091736,0.904281735420227,0.5529943108558655,0.5912970304489136,-0.2501499056816101,0.923099160194397,0.5572109222412109,0.5992322564125061,-0.2867645025253296,0.902264416217804,0.553749144077301,0.5817888379096985,-0.20923836529254913,0.9034560322761536,0.5561151504516602,0.5903110504150391,-0.2476082593202591,0.8742321729660034,0.5722360014915466,0.5803972482681274,0.015419700182974339,0.9996923208236694,0.525938868522644,0.5808398127555847,-0.0155323576182127,0.9996746182441711,0.572384774684906,0.7477383613586426,0.040177635848522186,0.9905033707618713,0.5241164565086365,0.7407349944114685,0.01643292047083378,0.993111252784729,0.5735093355178833,0.8779494166374207,0.19742125272750854,0.9925913214683533,0.5190843343734741,0.880276083946228,0.17370428144931793,0.991940438747406,0.5659008026123047,0.8926181197166443,0.2068469226360321,0.9375107288360596,0.5213910937309265,0.8919385671615601,0.18373815715312958,0.8337200284004211,0.5854004621505737,0.9356421828269958,0.09664293378591537,0.9880498051643372,0.5250308513641357,0.9372640252113342,0.06991144269704819,0.985852837562561
2099.999999999998,0.5455577969551086,0.29793763160705566,-0.3652573823928833,0.9999791383743286,0.5507972836494446,0.28306981921195984,-0.352865606546402,0.9999290704727173,0.5545943975448608,0.2829802930355072,-0.3528543710708618,0.9999244213104248,0.557311475276947,0.28292128443717957,-0.35286837816238403,0.9999164938926697,0.5402441024780273,0.2835870385169983,-0.35283586382865906,0.9999317526817322,0.5367082357406616,0.2840622067451477,-0.3529089093208313,0.9999367594718933,0.5338736772537231,0.2844201326370239,-0.3529687225818634,0.9999369978904724,0.5630676746368408,0.28905120491981506,-0.25344210863113403,0.999765157699585,0.5320032238960266,0.2910984456539154,-0.25381186604499817,0.9999096393585205,0.5530053377151489,0.31330406665802,-0.3258662521839142,0.9999732375144958,0.5397819876670837,0.3143666088581085,-0.3260504901409149,0.9999797344207764,0.5931746959686279,0.37473538517951965,-0.15735724568367004,0.9999250769615173,0.512556254863739,0.38008302450180054,-0.194135382771492,0.9999199509620667,0.5969752669334412,0.49441295862197876,-0.1250646710395813,0.9846543669700623,0.5092390775680542,0.49874794483184814,-0.18356922268867493,0.9902360439300537,0.5657832026481628,0.5740695595741272,-0.203908309340477,0.966864824295044,0.5445107221603394,0.5841010212898254,-0.2446662336587906,0.957121729850769,0.5589224100112915,0.6011868715286255,-0.23529402911663055,0.9205846786499023,0.5534121990203857,0.6078388094902039,-0.2768250107765198,0.904690682888031,0.5529602766036987,0.5913030505180359,-0.25399523973464966,0.9231842756271362,0.5572172403335571,0.5992862582206726,-0.28906992077827454,0.9026830196380615,0.553712785243988,0.5817868113517761,-0.21226339042186737,0.9035357236862183,0.5561174154281616,0.5903701782226562,-0.24927712976932526,0.8746616244316101,0.572233259677887,0.5804221630096436,0.015221476554870605,0.9996920824050903,0.5259302258491516,0.5808863043785095,-0.015332460403442383,0.9996747374534607,0.5723778009414673,0.747754693031311,0.04061039164662361,0.99064701795578,0.5241281390190125,0.741034209728241,0.017376024276018143,0.9931785464286804,0.5735276341438293,0.877953290939331,0.1993238478899002,0.9926940202713013,0.5191319584846497,0.880492091178894,0.17583304643630981,0.9920181035995483,0.565954327583313,0.8926138281822205,0.20894458889961243,0.9379389882087708,0.5214961767196655,0.8923629522323608,0.18599294126033783,0.834338903427124,0.5853975415229797,0.9356497526168823,0.0978052094578743,0.9881964325904846,0.5250920057296753,0.9374672174453735,0.07110508531332016,0.9859861135482788
2133.3333333333317,0.5455495715141296,0.2979390621185303,-0.3655553460121155,0.9999791383743286,0.550790011882782,0.28307273983955383,-0.3531910479068756,0.9999290108680725,0.5545833706855774,0.28298643231391907,-0.3531799912452698,0.9999244213104248,0.5573158860206604,0.2829248905181885,-0.3531932234764099,0.9999164342880249,0.5402381420135498,0.2835938334465027,-0.35318711400032043,0.9999316930770874,0.5367034077644348,0.28406742215156555,-0.3532603979110718,0.9999367594718933,0.5338770747184753,0.28442323207855225,-0.35331982374191284,0.9999369382858276,0.5630354285240173,0.28905123472213745,-0.2540856599807739,0.9997636675834656,0.532000720500946,0.29109880328178406,-0.25460463762283325,0.9999095797538757,0.5529940724372864,0.3132864832878113,-0.32629865407943726,0.9999731183052063,0.5397583842277527,0.3143286108970642,-0.3265284597873688,0.9999796152114868,0.5931634902954102,0.3747330605983734,-0.15775203704833984,0.9999251365661621,0.5125561356544495,0.3801245391368866,-0.19576744735240936,0.9999201893806458,0.5969590544700623,0.4943734109401703,-0.12500318884849548,0.9845965504646301,0.5092431306838989,0.49884259700775146,-0.18516334891319275,0.9902468323707581,0.5657880902290344,0.5740230083465576,-0.20355939865112305,0.9667199850082397,0.5445258021354675,0.584117591381073,-0.2455151528120041,0.95711350440979,0.5589245557785034,0.6011756658554077,-0.23476600646972656,0.9202466011047363,0.5534471273422241,0.6078612208366394,-0.2774723470211029,0.9046466946601868,0.5529620051383972,0.59126877784729,-0.253431499004364,0.922874927520752,0.5572346448898315,0.5993301272392273,-0.2896452248096466,0.9026221036911011,0.5537146925926208,0.5817211866378784,-0.2118869125843048,0.9031562805175781,0.5561286211013794,0.5904137492179871,-0.2500562369823456,0.8745438456535339,0.5722247362136841,0.5800493955612183,0.015432815067470074,0.9996935725212097,0.5259392857551575,0.5806058049201965,-0.015546049922704697,0.9996764659881592,0.5723562240600586,0.7472051382064819,0.04226767644286156,0.9905681014060974,0.5242152810096741,0.7401440143585205,0.0168436449021101,0.9931724667549133,0.5735397934913635,0.8779186606407166,0.1982768326997757,0.9927058815956116,0.5191309452056885,0.8801719546318054,0.1724829226732254,0.9920226335525513,0.5659974217414856,0.8926010727882385,0.20749880373477936,0.938137412071228,0.5214611291885376,0.8922245502471924,0.1823480874300003,0.8341748714447021,0.5854578018188477,0.9356714487075806,0.09755215793848038,0.9882135987281799,0.5251014232635498,0.9374571442604065,0.06854937225580215,0.9859886765480042
2166.666666666665,0.5455302596092224,0.2978361248970032,-0.3636676073074341,0.9999790191650391,0.5507604479789734,0.28302061557769775,-0.35130342841148376,0.9999285936355591,0.5545437335968018,0.28293168544769287,-0.3512926399707794,0.9999240636825562,0.5573146343231201,0.2828599214553833,-0.35130470991134644,0.9999160766601562,0.5402190685272217,0.2835504710674286,-0.3512972891330719,0.9999313354492188,0.5366831421852112,0.284016489982605,-0.3513701260089874,0.9999364614486694,0.533879816532135,0.2843782305717468,-0.351429283618927,0.9999366402626038,0.5629633069038391,0.2889533042907715,-0.2529909312725067,0.9997614622116089,0.5319942831993103,0.29106250405311584,-0.25346478819847107,0.9999087452888489,0.5529677271842957,0.3131265938282013,-0.32479047775268555,0.9999728202819824,0.5397310256958008,0.31415069103240967,-0.32501623034477234,0.9999794363975525,0.5931415557861328,0.37471258640289307,-0.15772674977779388,0.9999246597290039,0.5125542283058167,0.3801361918449402,-0.19494152069091797,0.9999192953109741,0.5969547033309937,0.49430879950523376,-0.12479767948389053,0.9845641851425171,0.5092438459396362,0.4988730549812317,-0.1844794601202011,0.990207314491272,0.5657861828804016,0.5740180611610413,-0.20348092913627625,0.9666959047317505,0.5445197820663452,0.5841419100761414,-0.24482540786266327,0.9569700360298157,0.5589222311973572,0.601207971572876,-0.23454783856868744,0.9202218651771545,0.5534441471099854,0.6078948974609375,-0.2766067683696747,0.9044040441513062,0.5529614686965942,0.5912871956825256,-0.2532184422016144,0.922860324382782,0.5572304129600525,0.5993419885635376,-0.2886441648006439,0.9023867249488831,0.5537173748016357,0.5817205309867859,-0.21178120374679565,0.9031146764755249,0.5561262965202332,0.5904330611228943,-0.24930977821350098,0.8742647171020508,0.5722726583480835,0.5798527002334595,0.015385877341032028,0.9996904134750366,0.5260114073753357,0.5805046558380127,-0.015499665401875973,0.9996736645698547,0.5723560452461243,0.7469503283500671,0.04221084341406822,0.9905330538749695,0.5243183970451355,0.7398541569709778,0.016680428758263588,0.9931331276893616,0.5737138390541077,0.8778082132339478,0.19622620940208435,0.9927023649215698,0.5191894173622131,0.8801855444908142,0.16950446367263794,0.9919864535331726,0.5662679672241211,0.8924611210823059,0.205243319272995,0.937944233417511,0.5214794874191284,0.8923008441925049,0.17909128963947296,0.8334421515464783,0.5854586958885193,0.9356639385223389,0.09614594280719757,0.9882007837295532,0.5252101421356201,0.9374651312828064,0.06583692133426666,0.9859111309051514
2199.9999999999986,0.5455134510993958,0.2977357506752014,-0.36053216457366943,0.9999790191650391,0.5507307052612305,0.2829661965370178,-0.34811365604400635,0.99992835521698,0.5545018911361694,0.28288203477859497,-0.3481031656265259,0.9999239444732666,0.5573123693466187,0.2828044593334198,-0.3481113016605377,0.9999158978462219,0.5402044057846069,0.28350475430488586,-0.347986102104187,0.9999309778213501,0.5366705656051636,0.28396373987197876,-0.34805628657341003,0.9999361634254456,0.5338824391365051,0.2843325734138489,-0.34811505675315857,0.9999363422393799,0.5629063248634338,0.2888866662979126,-0.2500665485858917,0.999761164188385,0.5319902896881104,0.2910442650318146,-0.24979697167873383,0.9999077916145325,0.5529413819313049,0.3129937946796417,-0.32181316614151,0.9999727606773376,0.5397113561630249,0.3140043616294861,-0.32184186577796936,0.9999793767929077,0.5931277871131897,0.3746914267539978,-0.15659601986408234,0.9999247789382935,0.5125496983528137,0.38013729453086853,-0.1916670799255371,0.999918520450592,0.5969460010528564,0.49423906207084656,-0.12391889840364456,0.9846207499504089,0.5092421174049377,0.49887821078300476,-0.18127070367336273,0.9901857376098633,0.5657845139503479,0.5739514231681824,-0.2020064890384674,0.9668607115745544,0.5445152521133423,0.5841402411460876,-0.24315451085567474,0.9570650458335876,0.5589114427566528,0.6012075543403625,-0.2331680804491043,0.9205998182296753,0.5534375309944153,0.6078966856002808,-0.2750340402126312,0.9046633839607239,0.5529552698135376,0.5912910103797913,-0.2517465651035309,0.9232205748558044,0.557229220867157,0.5993489623069763,-0.28739720582962036,0.9026532173156738,0.5537128448486328,0.5817140936851501,-0.2102682739496231,0.9035369753837585,0.5561246275901794,0.5904413461685181,-0.24781258404254913,0.8745768070220947,0.5722838640213013,0.5798912644386292,0.015053280629217625,0.999689519405365,0.526006281375885,0.5807831883430481,-0.01516757532954216,0.9996711611747742,0.5723909735679626,0.7469457983970642,0.04130642116069794,0.9906122088432312,0.5244354009628296,0.7401621341705322,0.01672922447323799,0.9931363463401794,0.5739302039146423,0.8777592182159424,0.19633419811725616,0.992745578289032,0.51944500207901,0.8803704977035522,0.1711297631263733,0.9919615387916565,0.5664842128753662,0.8923589587211609,0.20543186366558075,0.937686562538147,0.5217807292938232,0.8923137187957764,0.18093076348304749,0.8330150842666626,0.585475504398346,0.9356670379638672,0.09606333076953888,0.9882625341415405,0.5252810716629028,0.9375659823417664,0.06704152375459671,0.9859028458595276
2233.333333333332,0.5454933047294617,0.2975939214229584,-0.35464543104171753,0.9999791383743286,0.5507028102874756,0.28290292620658875,-0.34201422333717346,0.9999289512634277,0.5544662475585938,0.2828214466571808,-0.3420014977455139,0.9999246001243591,0.5573100447654724,0.2827398180961609,-0.342007577419281,0.9999166131019592,0.5401901602745056,0.2834387719631195,-0.3420194089412689,0.9999315142631531,0.5366613268852234,0.2838898003101349,-0.3420880138874054,0.9999366402626038,0.5338847041130066,0.2842707931995392,-0.34214678406715393,0.9999368190765381,0.5628670454025269,0.28880199790000916,-0.243745356798172,0.9997636675834656,0.5319899320602417,0.29101794958114624,-0.24400587379932404,0.9999083876609802,0.5529183149337769,0.3128131926059723,-0.31592634320259094,0.9999729990959167,0.5396817922592163,0.3137989938259125,-0.3160926401615143,0.9999794960021973,0.5931249260902405,0.3746909499168396,-0.15063150227069855,0.9999247193336487,0.5125486850738525,0.3801414966583252,-0.18705447018146515,0.9999182820320129,0.5969417691230774,0.4941502809524536,-0.11690078675746918,0.9845539927482605,0.509245753288269,0.4988783597946167,-0.17619265615940094,0.9901313781738281,0.5657960772514343,0.5738948583602905,-0.1937606930732727,0.9667623043060303,0.5444585084915161,0.5841403007507324,-0.23725546896457672,0.9569966793060303,0.5589109659194946,0.6012053489685059,-0.2244419902563095,0.9204557538032532,0.5533803701400757,0.6078994274139404,-0.26868894696235657,0.9046050906181335,0.552963137626648,0.591277539730072,-0.2431323528289795,0.9230695366859436,0.557188093662262,0.5993514657020569,-0.2816220819950104,0.9025891423225403,0.553726315498352,0.5816696286201477,-0.20209196209907532,0.9033628702163696,0.5560829043388367,0.5904458165168762,-0.24213823676109314,0.8745236992835999,0.5723543763160706,0.580094039440155,0.015055461786687374,0.9996901154518127,0.5260198712348938,0.5810022354125977,-0.015169770456850529,0.9996716976165771,0.572472333908081,0.7474748492240906,0.037906017154455185,0.9907843470573425,0.5244750380516052,0.7403793931007385,0.015463710762560368,0.9932236671447754,0.5738836526870728,0.8780683875083923,0.19515687227249146,0.9928558468818665,0.5194448232650757,0.8805594444274902,0.17015458643436432,0.9920695424079895,0.5663326978683472,0.8925431370735168,0.20443837344646454,0.9381446242332458,0.521787703037262,0.8925356268882751,0.1799122393131256,0.8340429663658142,0.5853566527366638,0.9359098672866821,0.09453988820314407,0.9884137511253357,0.5252748131752014,0.9375486969947815,0.06567391753196716,0.9861000180244446
2266.6666666666656,0.5454707741737366,0.2972548007965088,-0.3557499051094055,0.9999791979789734,0.5506718754768372,0.2827334702014923,-0.3431514501571655,0.9999291896820068,0.5544256567955017,0.28263989090919495,-0.34313902258872986,0.9999249577522278,0.557304322719574,0.28254207968711853,-0.3431464731693268,0.9999170303344727,0.5401748418807983,0.28326013684272766,-0.34314829111099243,0.9999316930770874,0.5366478562355042,0.2837086021900177,-0.34321773052215576,0.9999368190765381,0.5338868498802185,0.28412002325057983,-0.34327659010887146,0.9999369978904724,0.5628231167793274,0.2885693907737732,-0.24471783638000488,0.9997650384902954,0.5319902300834656,0.29094529151916504,-0.24497090280056,0.9999082088470459,0.5528914332389832,0.3124670088291168,-0.3169323801994324,0.9999731183052063,0.5396518707275391,0.3134745657444,-0.31711724400520325,0.999979555606842,0.5931228399276733,0.37470120191574097,-0.15105031430721283,0.9999244213104248,0.5125495791435242,0.3801445960998535,-0.18773415684700012,0.9999173283576965,0.5969215631484985,0.49408483505249023,-0.11712127178907394,0.9845307469367981,0.5092571377754211,0.4988819360733032,-0.17700554430484772,0.9900910258293152,0.5658165216445923,0.5738300085067749,-0.19463658332824707,0.9666440486907959,0.54445481300354,0.584136426448822,-0.23798969388008118,0.9569122195243835,0.558912456035614,0.6011852025985718,-0.2253730297088623,0.9201343059539795,0.5533792972564697,0.6078932881355286,-0.2694958746433258,0.9044626951217651,0.5529760122299194,0.5912488698959351,-0.24402424693107605,0.9227431416511536,0.5571863651275635,0.5993379950523376,-0.2822871804237366,0.9024327993392944,0.5537478923797607,0.5816179513931274,-0.20294097065925598,0.9029944539070129,0.5560807585716248,0.5904396176338196,-0.2428169548511505,0.8743442893028259,0.5723674297332764,0.5800639390945435,0.014802136458456516,0.999691903591156,0.5260230898857117,0.5809855461120605,-0.014916005544364452,0.9996731281280518,0.5724830031394958,0.7474238276481628,0.03649967536330223,0.9909414649009705,0.5244923830032349,0.7405125498771667,0.015483624301850796,0.9932790398597717,0.573858380317688,0.8780651688575745,0.19528526067733765,0.9929473400115967,0.5196153521537781,0.8805283308029175,0.17181020975112915,0.9921566247940063,0.5662227869033813,0.8925090432167053,0.20448999106884003,0.9383885860443115,0.522102952003479,0.8925163745880127,0.18176241219043732,0.8347299098968506,0.5852144360542297,0.9359169006347656,0.09480844438076019,0.9885435700416565,0.525277316570282,0.9374738335609436,0.06704073399305344,0.9862715601921082
2299.999999999999,0.5454679131507874,0.29702088236808777,-0.3536375164985657,0.9999793767929077,0.5506423711776733,0.28258177638053894,-0.340750515460968,0.9999298453330994,0.554379403591156,0.28246980905532837,-0.3407398462295532,0.9999256730079651,0.5572928190231323,0.2823478579521179,-0.3407461941242218,0.9999178051948547,0.5401684045791626,0.2831445038318634,-0.3407982885837555,0.9999321103096008,0.5366426110267639,0.28360676765441895,-0.34086570143699646,0.9999372363090515,0.5338889360427856,0.2840476632118225,-0.3409234881401062,0.9999373555183411,0.5627580881118774,0.28831157088279724,-0.24182718992233276,0.999767541885376,0.5319896936416626,0.2909005284309387,-0.24224837124347687,0.9999085664749146,0.5528867244720459,0.31218910217285156,-0.3147680163383484,0.9999734163284302,0.5396499633789062,0.31327134370803833,-0.3149767220020294,0.9999797344207764,0.5931240916252136,0.37471526861190796,-0.14870670437812805,0.9999250173568726,0.5125491619110107,0.38015472888946533,-0.18617749214172363,0.9999169707298279,0.5969190001487732,0.4940319359302521,-0.11570749431848526,0.9845099449157715,0.5092553496360779,0.4988791048526764,-0.17596249282360077,0.9900522232055664,0.565835177898407,0.5737676024436951,-0.19432410597801208,0.9666857123374939,0.5444098711013794,0.5840441584587097,-0.2376491278409958,0.9569356441497803,0.5589136481285095,0.6011233329772949,-0.22534863650798798,0.9203038811683655,0.5533498525619507,0.6077252626419067,-0.269386887550354,0.9045952558517456,0.5529859066009521,0.5911783576011658,-0.24397927522659302,0.9229132533073425,0.5571723580360413,0.5991075038909912,-0.2822171151638031,0.9025701284408569,0.55376136302948,0.5815163254737854,-0.20268557965755463,0.9032048583030701,0.5560614466667175,0.5902150869369507,-0.24252916872501373,0.8744695782661438,0.5723677277565002,0.5803399682044983,0.014887839555740356,0.9996946454048157,0.5260085463523865,0.5812066197395325,-0.015001903288066387,0.9996743202209473,0.5724833011627197,0.7476373314857483,0.03660847619175911,0.9910017848014832,0.5244978070259094,0.7408044338226318,0.015293467789888382,0.9933025240898132,0.573820173740387,0.8780626058578491,0.19766069948673248,0.9929888844490051,0.5195552706718445,0.8805490732192993,0.17320138216018677,0.9921827912330627,0.5661386847496033,0.8925079703330994,0.20747166872024536,0.9384644627571106,0.521976888179779,0.8925168514251709,0.18345707654953003,0.834857702255249,0.5851468443870544,0.9359078407287598,0.09759555757045746,0.9886196255683899,0.5252792835235596,0.9374556541442871,0.06884273141622543,0.9863618612289429
2333.3333333333326,0.5454668402671814,0.29686516523361206,-0.3519989550113678,0.9999794960021973,0.5506314635276794,0.2824699282646179,-0.33904457092285156,0.9999306201934814,0.5543601512908936,0.28234848380088806,-0.3390346169471741,0.9999265670776367,0.5572894811630249,0.2822182774543762,-0.33904173970222473,0.9999188184738159,0.5401663184165955,0.28305232524871826,-0.3391799032688141,0.9999327063560486,0.5366409420967102,0.2835231125354767,-0.3392474949359894,0.9999377727508545,0.5338926315307617,0.2839871942996979,-0.3393053710460663,0.9999378323554993,0.5627205967903137,0.2881593108177185,-0.2402069866657257,0.9997707009315491,0.5319884419441223,0.29086244106292725,-0.24099703133106232,0.9999094009399414,0.5528858304023743,0.3120194375514984,-0.31318071484565735,0.9999736547470093,0.5396482348442078,0.31314098834991455,-0.31349116563796997,0.9999798536300659,0.5931237936019897,0.37473732233047485,-0.14675754308700562,0.9999256134033203,0.5125436782836914,0.38018983602523804,-0.18549664318561554,0.9999169707298279,0.5968953371047974,0.494026243686676,-0.11425837129354477,0.984568178653717,0.5092557072639465,0.49888643622398376,-0.17522984743118286,0.9900376200675964,0.5658352375030518,0.573684811592102,-0.1931959092617035,0.9668743014335632,0.5443841814994812,0.5839558243751526,-0.236540287733078,0.9570229649543762,0.5589096546173096,0.601058304309845,-0.22414977848529816,0.9207266569137573,0.5533421635627747,0.6076120138168335,-0.268167108297348,0.9048040509223938,0.5529847741127014,0.5910875201225281,-0.24258501827716827,0.9233193397521973,0.5571673512458801,0.5989590883255005,-0.28103694319725037,0.9027766585350037,0.5537607669830322,0.5813849568367004,-0.20147792994976044,0.9036844968795776,0.5560548901557922,0.5900717973709106,-0.24141398072242737,0.8746957778930664,0.5722826719284058,0.5803482532501221,0.015239523723721504,0.9996969103813171,0.5258947014808655,0.5812272429466248,-0.01535340677946806,0.9996758103370667,0.5724788904190063,0.7476434707641602,0.036411311477422714,0.991001546382904,0.5244823694229126,0.7407811284065247,0.013567883521318436,0.993324339389801,0.5736995339393616,0.8780761361122131,0.19509093463420868,0.9930130243301392,0.5193116068840027,0.8805647492408752,0.1691601425409317,0.992216944694519,0.5659360885620117,0.892518162727356,0.2045580893754959,0.9386174082756042,0.5216116309165955,0.8925288915634155,0.17902342975139618,0.835105299949646,0.5851426720619202,0.9358640313148499,0.09506954252719879,0.9886416792869568,0.5252359509468079,0.9373128414154053,0.0649692639708519,0.9864213466644287
2366.666666666666,0.545470118522644,0.29682546854019165,-0.352865606546402,0.9999794960021973,0.5506297945976257,0.28242745995521545,-0.34001997113227844,0.9999307990074158,0.5543571710586548,0.28230056166648865,-0.3400086760520935,0.9999268651008606,0.5572899580001831,0.28216761350631714,-0.3400155305862427,0.9999191164970398,0.5401659607887268,0.283037006855011,-0.3401242196559906,0.9999328255653381,0.5366412401199341,0.2835136950016022,-0.34019213914871216,0.9999378323554993,0.533903956413269,0.28398317098617554,-0.3402497172355652,0.9999378323554993,0.5627114176750183,0.2880902886390686,-0.24124321341514587,0.9997719526290894,0.5319898128509521,0.29085835814476013,-0.24194081127643585,0.999909520149231,0.5528916120529175,0.3119616210460663,-0.3140281140804291,0.9999736547470093,0.539654016494751,0.31311434507369995,-0.3143109083175659,0.9999798536300659,0.5931474566459656,0.37480324506759644,-0.14759382605552673,0.9999253153800964,0.5125485062599182,0.3801945149898529,-0.18568871915340424,0.9999168515205383,0.5968716144561768,0.4940294623374939,-0.11448923498392105,0.984607994556427,0.5092543959617615,0.49887874722480774,-0.17580927908420563,0.9900746941566467,0.5658352375030518,0.5735929012298584,-0.1949705332517624,0.9670121669769287,0.54435133934021,0.5839110612869263,-0.23777617514133453,0.9572182297706604,0.5589084029197693,0.6009820103645325,-0.22605395317077637,0.9209977388381958,0.5533121824264526,0.607584536075592,-0.26958006620407104,0.9052227139472961,0.5529850721359253,0.5910226106643677,-0.2443045675754547,0.9235783219337463,0.5571497082710266,0.5989118814468384,-0.28247782588005066,0.9031990766525269,0.553761899471283,0.581289529800415,-0.20320485532283783,0.9039914608001709,0.5560405254364014,0.5900184512138367,-0.24268728494644165,0.8751702308654785,0.5722378492355347,0.5802574157714844,0.015429318882524967,0.999695897102356,0.5257976055145264,0.5812094807624817,-0.015540311112999916,0.9996753931045532,0.5724753737449646,0.7475859522819519,0.03649512305855751,0.9909012913703918,0.524477481842041,0.7407331466674805,0.013325599953532219,0.9933152794837952,0.5736636519432068,0.8780469298362732,0.19509640336036682,0.9929540157318115,0.5193700790405273,0.8806735277175903,0.1686539500951767,0.9922153353691101,0.5659072995185852,0.8925184607505798,0.20457723736763,0.9386808276176453,0.521694540977478,0.8925794363021851,0.17845755815505981,0.8354019522666931,0.5851391553878784,0.9357003569602966,0.0951918512582779,0.9885782599449158,0.5253265500068665,0.9371600151062012,0.06412339210510254,0.9864047169685364
2399.9999999999995,0.5454890727996826,0.29679471254348755,-0.35843610763549805,0.9999794960021973,0.5506294965744019,0.2823880910873413,-0.3455956280231476,0.9999306201934814,0.5543550848960876,0.28225094079971313,-0.34558603167533875,0.9999266862869263,0.5572918653488159,0.28210797905921936,-0.34559565782546997,0.9999189376831055,0.5401697754859924,0.2830314636230469,-0.3458649516105652,0.9999327063560486,0.5366448760032654,0.28351154923439026,-0.3459368944168091,0.9999377131462097,0.5339184999465942,0.28398287296295166,-0.3459985554218292,0.9999377727508545,0.562705934047699,0.28795096278190613,-0.24558618664741516,0.999770998954773,0.5319896936416626,0.2908557057380676,-0.24700485169887543,0.9999092221260071,0.552920937538147,0.31190353631973267,-0.3189917504787445,0.9999736547470093,0.5396863222122192,0.31309589743614197,-0.31948918104171753,0.9999797940254211,0.5931821465492249,0.37480562925338745,-0.1502019613981247,0.9999256730079651,0.5125855803489685,0.3801942467689514,-0.19048751890659332,0.9999171495437622,0.5968634486198425,0.4940928816795349,-0.11787179112434387,0.9845668077468872,0.5092746019363403,0.49889475107192993,-0.18134194612503052,0.9901472926139832,0.565734326839447,0.5735916495323181,-0.1997813582420349,0.9671159982681274,0.5443491339683533,0.5839742422103882,-0.24401479959487915,0.9576661586761475,0.5588582754135132,0.6011257171630859,-0.23155097663402557,0.921282172203064,0.5532811880111694,0.6076797842979431,-0.2765158414840698,0.9061189293861389,0.5529527068138123,0.5912476778030396,-0.2504674792289734,0.923879086971283,0.5571473836898804,0.5989751219749451,-0.28943517804145813,0.9041355848312378,0.5537023544311523,0.5814306139945984,-0.2083301991224289,0.9043003916740417,0.5560376048088074,0.5900992155075073,-0.24894002079963684,0.8762096166610718,0.57232266664505,0.5805438756942749,0.01552954688668251,0.999696671962738,0.5258883833885193,0.5814294815063477,-0.015641052275896072,0.9996770024299622,0.572475790977478,0.747774600982666,0.03997877612709999,0.9909372329711914,0.5245169997215271,0.7407729625701904,0.013813523575663567,0.9933507442474365,0.5736628770828247,0.8780658841133118,0.2015644758939743,0.9929959774017334,0.5193888545036316,0.8806630969047546,0.17192895710468292,0.9922600388526917,0.5659052133560181,0.8925119638442993,0.2114545702934265,0.9390085935592651,0.5217007994651794,0.8925796151161194,0.18216317892074585,0.8359929323196411,0.5851343274116516,0.9357254505157471,0.10190452635288239,0.9886603951454163,0.5253474712371826,0.9374232888221741,0.06745090335607529,0.9864951372146606
2433.333333333333,0.5454901456832886,0.29678788781166077,-0.36419782042503357,0.9999793767929077,0.5506177544593811,0.28235504031181335,-0.3516899347305298,0.9999303817749023,0.5543298125267029,0.28220462799072266,-0.3516808748245239,0.9999264478683472,0.5572879314422607,0.2820381820201874,-0.3516961932182312,0.9999187588691711,0.5401683449745178,0.28303512930870056,-0.3517698049545288,0.9999325275421143,0.5366448760032654,0.2835313081741333,-0.3518448770046234,0.9999374747276306,0.5339268445968628,0.2840229868888855,-0.3519099950790405,0.9999375939369202,0.562674880027771,0.28778380155563354,-0.2518264353275299,0.9997707009315491,0.531991720199585,0.2908764183521271,-0.2523805797100067,0.9999088644981384,0.5529311299324036,0.3118675649166107,-0.32465559244155884,0.9999735355377197,0.5397114157676697,0.31309279799461365,-0.32492005825042725,0.9999796748161316,0.5932291746139526,0.37481027841567993,-0.15521229803562164,0.9999250173568726,0.5126863121986389,0.380156934261322,-0.19462046027183533,0.9999170899391174,0.5968322157859802,0.4942057728767395,-0.12473589926958084,0.9844794869422913,0.5092889666557312,0.4988948106765747,-0.18562671542167664,0.9902070760726929,0.5656899809837341,0.5735931992530823,-0.20601505041122437,0.9670217633247375,0.5442745685577393,0.5839818716049194,-0.24843519926071167,0.9580304622650146,0.5588150024414062,0.6011712551116943,-0.23765529692173004,0.9210889935493469,0.5531387329101562,0.6077485084533691,-0.2809745669364929,0.9068416953086853,0.5529261231422424,0.591308057308197,-0.25678226351737976,0.9236957430839539,0.5570990443229675,0.59905606508255,-0.2939673960208893,0.9048813581466675,0.5536816716194153,0.5814696550369263,-0.214632049202919,0.904041051864624,0.5560027360916138,0.5901767015457153,-0.2534243166446686,0.87704998254776,0.572353184223175,0.5805357694625854,0.015431572683155537,0.9996960163116455,0.52590411901474,0.5814222693443298,-0.01554052997380495,0.9996786713600159,0.5725417733192444,0.7477796673774719,0.0399496890604496,0.9910498261451721,0.5245261788368225,0.7407722473144531,0.014458322897553444,0.9934406280517578,0.5736783742904663,0.8781446814537048,0.20150451362133026,0.9930720329284668,0.5194138288497925,0.8809366226196289,0.17220169305801392,0.9923875331878662,0.5659447312355042,0.892540454864502,0.21138033270835876,0.9396470189094543,0.5217915177345276,0.893131673336029,0.1823652684688568,0.8377430438995361,0.585137665271759,0.9357397556304932,0.10129933804273605,0.9887714385986328,0.5253420472145081,0.9378209114074707,0.06746729463338852,0.9866804480552673
2466.6666666666665,0.5454931259155273,0.2967860698699951,-0.3663698732852936,0.9999792575836182,0.5506098866462708,0.2823416292667389,-0.353973925113678,0.9999301433563232,0.5543085336685181,0.2821830213069916,-0.35396426916122437,0.9999262690544128,0.5572856664657593,0.2820006310939789,-0.3539806604385376,0.9999186396598816,0.5401675701141357,0.28304803371429443,-0.35395678877830505,0.9999322295188904,0.5366459488868713,0.28355637192726135,-0.35403284430503845,0.9999371767044067,0.5339366793632507,0.28405988216400146,-0.35409656167030334,0.9999373555183411,0.5626333355903625,0.28765881061553955,-0.2543734908103943,0.9997707009315491,0.5319929718971252,0.2908848226070404,-0.2544638216495514,0.9999083280563354,0.5529413223266602,0.3118528723716736,-0.32688844203948975,0.9999734163284302,0.5397352576255798,0.3130905032157898,-0.32701826095581055,0.9999794960021973,0.5932896137237549,0.37482085824012756,-0.1579379439353943,0.9999249577522278,0.5127962231636047,0.3801048696041107,-0.19610077142715454,0.9999167323112488,0.5967414975166321,0.4944760501384735,-0.1271468549966812,0.9844912886619568,0.5093330144882202,0.4989018738269806,-0.18648149073123932,0.9902328252792358,0.5655199885368347,0.5737761855125427,-0.2068738043308258,0.9670588374137878,0.5442192554473877,0.584065318107605,-0.24849261343479156,0.9582111239433289,0.5587285757064819,0.6014503240585327,-0.23838232457637787,0.9211447238922119,0.5530115365982056,0.6079625487327576,-0.28084561228752136,0.9071773290634155,0.5528526902198792,0.591810405254364,-0.2575022876262665,0.9237619042396545,0.557061493396759,0.5992740392684937,-0.2937913239002228,0.905251145362854,0.5535816550254822,0.581996738910675,-0.2154417484998703,0.9041163325309753,0.5559847354888916,0.5903953313827515,-0.25345122814178467,0.8774999380111694,0.5723711252212524,0.5805355310440063,0.015331263653934002,0.9996960759162903,0.5259326696395874,0.5814164280891418,-0.015439774841070175,0.9996790885925293,0.5726178288459778,0.7478151321411133,0.039518263190984726,0.991107702255249,0.5245218276977539,0.7407605051994324,0.014717651531100273,0.9934594631195068,0.5737069249153137,0.8782013654708862,0.20120024681091309,0.9930949211120605,0.5193754434585571,0.8809612989425659,0.1727692037820816,0.9924172163009644,0.5659782886505127,0.8925768733024597,0.21097466349601746,0.9397113919258118,0.5217264294624329,0.8932365775108337,0.182984858751297,0.8380656838417053,0.5851385593414307,0.9358147978782654,0.1011374294757843,0.9887785911560059,0.5253053307533264,0.9379591941833496,0.06812846660614014,0.9867084622383118
2500.0,0.5455113649368286,0.29678723216056824,-0.3665815591812134,0.9999788999557495,0.5506085157394409,0.28233271837234497,-0.35405510663986206,0.9999287724494934,0.5543062686920166,0.28216758370399475,-0.35404643416404724,0.999924898147583,0.5572872757911682,0.2819749414920807,-0.35406190156936646,0.9999170899391174,0.5401690602302551,0.28305870294570923,-0.35401609539985657,0.9999309182167053,0.536651074886322,0.2835780084133148,-0.35409146547317505,0.9999359846115112,0.5339499711990356,0.28409260511398315,-0.3541547656059265,0.9999361634254456,0.5625956654548645,0.2875784933567047,-0.25435900688171387,0.9997671842575073,0.5319892168045044,0.29089057445526123,-0.25431814789772034,0.9999063611030579,0.5529664158821106,0.3118477463722229,-0.3271147310733795,0.999972939491272,0.5397678017616272,0.31309255957603455,-0.3271993100643158,0.9999790787696838,0.593315064907074,0.3748231530189514,-0.1589346081018448,0.9999243021011353,0.5128717422485352,0.3800547420978546,-0.19643712043762207,0.9999158978462219,0.596677839756012,0.4948045015335083,-0.12836426496505737,0.9844042062759399,0.5093481540679932,0.4989204704761505,-0.18731127679347992,0.99024897813797,0.5652605295181274,0.5740546584129333,-0.20757120847702026,0.9667191505432129,0.5441961288452148,0.5842157602310181,-0.24947503209114075,0.9582142233848572,0.5586055517196655,0.6017314791679382,-0.23922058939933777,0.9204573035240173,0.5529277324676514,0.608220636844635,-0.2819720208644867,0.9071781039237976,0.552738606929779,0.5922471284866333,-0.258031964302063,0.9230905175209045,0.5570369958877563,0.5995280742645264,-0.29475879669189453,0.9052589535713196,0.553428053855896,0.5824949741363525,-0.21603873372077942,0.903365433216095,0.5559672117233276,0.5906598567962646,-0.25439730286598206,0.8774729371070862,0.5723715424537659,0.5811675190925598,0.015214351005852222,0.9996964335441589,0.5259287357330322,0.581893265247345,-0.015322023071348667,0.9996787309646606,0.5727043747901917,0.7478348016738892,0.03945765644311905,0.9911302924156189,0.524522602558136,0.7408931255340576,0.015995755791664124,0.9934508204460144,0.573706865310669,0.8780220150947571,0.20507441461086273,0.9930623769760132,0.5193763375282288,0.8807819485664368,0.18043354153633118,0.9923771619796753,0.565972626209259,0.892387330532074,0.2156335711479187,0.9394791126251221,0.5217288732528687,0.8929509520530701,0.19146999716758728,0.837836503982544,0.5851355195045471,0.9357370734214783,0.10630563646554947,0.9887366890907288,0.5252842307090759,0.9380043148994446,0.07729175686836243,0.9866542816162109
2533.3333333333335,0.5455196499824524,0.296794056892395,-0.36697548627853394,0.9999786019325256,0.5505896210670471,0.28232240676879883,-0.35434359312057495,0.999927818775177,0.5542619824409485,0.2821495532989502,-0.3543342649936676,0.9999239444732666,0.5572764873504639,0.2819402813911438,-0.35434913635253906,0.9999160170555115,0.5401584506034851,0.2830731272697449,-0.3544367551803589,0.9999298453330994,0.5366507768630981,0.28360360860824585,-0.3545127511024475,0.9999350309371948,0.5339521765708923,0.2841392457485199,-0.35457614064216614,0.9999352097511292,0.5624496936798096,0.28744155168533325,-0.2544471025466919,0.9997648596763611,0.5319657921791077,0.2909212112426758,-0.25491127371788025,0.9999047517776489,0.5529791116714478,0.3118448853492737,-0.3274443447589874,0.9999726414680481,0.5398022532463074,0.3131052553653717,-0.32768526673316956,0.9999787211418152,0.5933298468589783,0.37484467029571533,-0.15920236706733704,0.9999243021011353,0.5129188299179077,0.3800552785396576,-0.19757220149040222,0.9999149441719055,0.5966262817382812,0.4949953556060791,-0.1286592036485672,0.984380304813385,0.5093921422958374,0.4989885091781616,-0.18857795000076294,0.9902775883674622,0.5651065111160278,0.5742365717887878,-0.20769722759723663,0.9666256904602051,0.5441862344741821,0.5844604969024658,-0.2497682124376297,0.9582759737968445,0.5584883093833923,0.6019400358200073,-0.23932655155658722,0.9202394485473633,0.5528968572616577,0.6085286736488342,-0.2821209132671356,0.9072558283805847,0.5526018142700195,0.592514157295227,-0.25795143842697144,0.9228865504264832,0.5570260882377625,0.5998275876045227,-0.29493218660354614,0.9053614735603333,0.5532763004302979,0.5828045606613159,-0.21608568727970123,0.903118908405304,0.555959939956665,0.5910302400588989,-0.25467532873153687,0.8775970339775085,0.5724380016326904,0.581356406211853,0.015202421694993973,0.9996976256370544,0.5259480476379395,0.5821157097816467,-0.015310164541006088,0.9996789693832397,0.5727417469024658,0.7480236291885376,0.0387297198176384,0.9911468625068665,0.5245837569236755,0.7409672737121582,0.01612713187932968,0.9934101700782776,0.5736786127090454,0.8780224323272705,0.20498307049274445,0.9930299520492554,0.5193765163421631,0.8807058930397034,0.1811460703611374,0.992338240146637,0.5659573078155518,0.8923895359039307,0.21557752788066864,0.9391260147094727,0.5217292308807373,0.8928870558738708,0.1921759694814682,0.8374883532524109,0.5851200222969055,0.935753583908081,0.10621616989374161,0.9886805415153503,0.5252677798271179,0.9380099773406982,0.07814137637615204,0.986611008644104
2566.666666666667,0.5454574227333069,0.29678845405578613,-0.366461843252182,0.9999787211418152,0.5503756403923035,0.28228381276130676,-0.3538258373737335,0.9999281764030457,0.5540008544921875,0.2820911705493927,-0.35381582379341125,0.9999244213104248,0.5571429133415222,0.2818358838558197,-0.35382983088493347,0.9999165534973145,0.5399723052978516,0.2830771803855896,-0.35387155413627625,0.9999300837516785,0.5365695357322693,0.28361570835113525,-0.35394710302352905,0.9999352693557739,0.5339232683181763,0.28418320417404175,-0.3540099263191223,0.9999354481697083,0.5621771216392517,0.28713685274124146,-0.254215806722641,0.9997667670249939,0.5319212079048157,0.29097047448158264,-0.25445520877838135,0.9999049305915833,0.552952766418457,0.3117832541465759,-0.32707276940345764,0.9999728202819824,0.5397922396659851,0.31310272216796875,-0.3272421956062317,0.9999787211418152,0.5933786034584045,0.37486517429351807,-0.15945690870285034,0.9999247193336487,0.5129842758178711,0.38005539774894714,-0.19760842621326447,0.9999149441719055,0.596588671207428,0.4952874779701233,-0.1296977549791336,0.9844475984573364,0.5094174146652222,0.4990372955799103,-0.18901260197162628,0.9903408288955688,0.5647867918014526,0.57449871301651,-0.20755831897258759,0.9667406678199768,0.5441885590553284,0.584631085395813,-0.249256893992424,0.958416759967804,0.5582341551780701,0.6023049354553223,-0.23901985585689545,0.920380175113678,0.5528908967971802,0.6087348461151123,-0.2815013527870178,0.9074066281318665,0.5523184537887573,0.5929397344589233,-0.25742456316947937,0.9230236411094666,0.5570221543312073,0.5999515652656555,-0.2943127453327179,0.9055011868476868,0.5529657602310181,0.5832509994506836,-0.21580377221107483,0.9033165574073792,0.5559565424919128,0.5911903381347656,-0.25410574674606323,0.8778005242347717,0.5724475383758545,0.5814525485038757,0.015197924338281155,0.9996997117996216,0.525958776473999,0.5821495056152344,-0.015306083485484123,0.9996809959411621,0.5727787017822266,0.7482527494430542,0.038721419870853424,0.9911428093910217,0.5245910882949829,0.7411584854125977,0.01611696183681488,0.9934157729148865,0.5735463500022888,0.8780298829078674,0.20475836098194122,0.9930225014686584,0.519299328327179,0.880707323551178,0.1801052689552307,0.9923403263092041,0.565855085849762,0.8923897743225098,0.21530938148498535,0.939041256904602,0.5216377377510071,0.8928954005241394,0.19089585542678833,0.8371619582176208,0.5850568413734436,0.9358664155006409,0.10657822340726852,0.9886666536331177,0.525251567363739,0.9380289912223816,0.07680130749940872,0.9866045713424683
2600.0000000000005,0.5452373027801514,0.29678258299827576,-0.36743244528770447,0.9999790191650391,0.5500185489654541,0.2822507917881012,-0.3549771010875702,0.9999291300773621,0.5536033511161804,0.28204068541526794,-0.35496342182159424,0.999925434589386,0.5568845868110657,0.2817516624927521,-0.35497671365737915,0.9999176859855652,0.5396978855133057,0.2830853760242462,-0.3546008765697479,0.9999310374259949,0.5364446043968201,0.2836332619190216,-0.3546770513057709,0.9999361634254456,0.5338602662086487,0.28423866629600525,-0.35473906993865967,0.9999364018440247,0.561894953250885,0.2869316339492798,-0.2566301226615906,0.9997698068618774,0.5318994522094727,0.2910253703594208,-0.25490111112594604,0.9999059438705444,0.5527910590171814,0.3117307126522064,-0.3285476863384247,0.9999731183052063,0.5396944284439087,0.3131014108657837,-0.3281523883342743,0.9999788999557495,0.593451738357544,0.37502095103263855,-0.1628451943397522,0.9999244809150696,0.5130826234817505,0.380058616399765,-0.19818221032619476,0.9999154806137085,0.5965458154678345,0.4957253336906433,-0.13377472758293152,0.984478235244751,0.5094282627105713,0.49907174706459045,-0.1897251009941101,0.9904381036758423,0.5645431876182556,0.5747950077056885,-0.20889602601528168,0.9667134881019592,0.5441955327987671,0.5847314596176147,-0.2490404099225998,0.9587840437889099,0.558070957660675,0.6027694940567017,-0.24009554088115692,0.9201561808586121,0.5528887510299683,0.6088300943374634,-0.28117430210113525,0.9079439043998718,0.5521753430366516,0.5935259461402893,-0.25834229588508606,0.9228067398071289,0.5570189356803894,0.5999897122383118,-0.29393088817596436,0.9060116410255432,0.5527979135513306,0.5838006734848022,-0.2169993370771408,0.9031139016151428,0.5559559464454651,0.591238260269165,-0.2537755072116852,0.8784506320953369,0.5725757479667664,0.5814995765686035,0.014620976522564888,0.9997020959854126,0.5260928869247437,0.5821412205696106,-0.014734421856701374,0.9996852874755859,0.5728251338005066,0.7489003539085388,0.03881983458995819,0.9912720918655396,0.5246608257293701,0.7412183284759521,0.01693744584918022,0.9935064911842346,0.5735456943511963,0.8782381415367126,0.20490698516368866,0.9931138753890991,0.5192579627037048,0.8807997107505798,0.17942209541797638,0.9924398064613342,0.5658517479896545,0.892497181892395,0.21544767916202545,0.9393953084945679,0.521529495716095,0.8930673599243164,0.19011177122592926,0.837639570236206,0.5849964618682861,0.9359643459320068,0.10676053166389465,0.9887775182723999,0.5252209901809692,0.9380791783332825,0.07614628970623016,0.9867389798164368
2633.333333333334,0.5449072122573853,0.29673880338668823,-0.3647947609424591,0.9999791979789734,0.5496037006378174,0.28217288851737976,-0.35253822803497314,0.999929666519165,0.553165853023529,0.2819337844848633,-0.3525238335132599,0.9999260902404785,0.5565609335899353,0.2816106081008911,-0.35253623127937317,0.999918520450592,0.5393718481063843,0.2830830514431,-0.35154837369918823,0.9999315142631531,0.5362721681594849,0.2836345434188843,-0.35162389278411865,0.999936580657959,0.5337506532669067,0.28425660729408264,-0.3516843020915985,0.9999367594718933,0.5616438984870911,0.2867535948753357,-0.2565309405326843,0.9997721314430237,0.5318614840507507,0.29106444120407104,-0.25199437141418457,0.9999060034751892,0.5525347590446472,0.31164130568504333,-0.32696202397346497,0.9999732971191406,0.5395241379737854,0.3130800724029541,-0.3257591426372528,0.9999788403511047,0.5935129523277283,0.37523114681243896,-0.1622346043586731,0.9999236464500427,0.513124406337738,0.38011765480041504,-0.1969759613275528,0.9999151825904846,0.5964338779449463,0.4959224462509155,-0.13353705406188965,0.9845510125160217,0.5094600915908813,0.4990888833999634,-0.18870700895786285,0.9904354810714722,0.5644205808639526,0.5749233961105347,-0.20848794281482697,0.9667563438415527,0.544193685054779,0.584841787815094,-0.24581226706504822,0.9587546586990356,0.558008074760437,0.6029467582702637,-0.23995226621627808,0.9201000928878784,0.5528714060783386,0.6090078353881836,-0.2773366868495941,0.9077878594398499,0.5521211624145508,0.5938552021980286,-0.25794270634651184,0.9227726459503174,0.5570163130760193,0.6001855731010437,-0.2891765832901001,0.905819296836853,0.5527257919311523,0.5841405987739563,-0.2167917937040329,0.9031578898429871,0.5559536218643188,0.5914563536643982,-0.2502991259098053,0.8783614039421082,0.5725771188735962,0.5814995169639587,0.014333520084619522,0.9997017979621887,0.5261347889900208,0.5821341276168823,-0.014448129571974277,0.9996863007545471,0.5728451013565063,0.7488991618156433,0.03841553255915642,0.9912926554679871,0.5246623158454895,0.7412965893745422,0.017059624195098877,0.9935470223426819,0.573562502861023,0.878243088722229,0.20119179785251617,0.9931354522705078,0.5191551446914673,0.8808872699737549,0.17696888744831085,0.9924710392951965,0.5659332871437073,0.8924981355667114,0.21138237416744232,0.9394664168357849,0.5212932229042053,0.8931857347488403,0.18732613325119019,0.8371626138687134,0.5849994421005249,0.9359589219093323,0.10401653498411179,0.9887779951095581,0.525180995464325,0.9381222724914551,0.07508663088083267,0.9867426156997681
2666.6666666666674,0.5446954369544983,0.2966935634613037,-0.36481258273124695,0.9999794960021973,0.5493024587631226,0.28204160928726196,-0.3525146245956421,0.9999303817749023,0.5528348088264465,0.281747430562973,-0.35250017046928406,0.9999269843101501,0.5562809705734253,0.28135377168655396,-0.3525122404098511,0.9999195337295532,0.5390936732292175,0.2830812335014343,-0.35154715180397034,0.9999321103096008,0.5361024141311646,0.2836417257785797,-0.35162243247032166,0.9999371767044067,0.5336236357688904,0.28431129455566406,-0.35168272256851196,0.9999372363090515,0.5613741278648376,0.28643420338630676,-0.2561497688293457,0.9997750520706177,0.5317732095718384,0.29117298126220703,-0.251979261636734,0.9999061822891235,0.5523778200149536,0.31154030561447144,-0.3269186317920685,0.9999736547470093,0.5394238233566284,0.3130757808685303,-0.32575979828834534,0.9999789595603943,0.5935644507408142,0.3754251301288605,-0.16337576508522034,0.9999240040779114,0.5131495594978333,0.38020268082618713,-0.19684197008609772,0.9999150037765503,0.5963487029075623,0.49614664912223816,-0.13480213284492493,0.9846518039703369,0.5094864964485168,0.4991442561149597,-0.1884598284959793,0.9904426336288452,0.5643063187599182,0.5750963091850281,-0.20874424278736115,0.96688312292099,0.5441985726356506,0.5850273370742798,-0.2458377629518509,0.9586983323097229,0.5579264760017395,0.6031517386436462,-0.2400820106267929,0.9202183485031128,0.5528678297996521,0.6092245578765869,-0.27735838294029236,0.9075508713722229,0.5520603656768799,0.5941844582557678,-0.25795140862464905,0.9229013919830322,0.5570192933082581,0.6004214882850647,-0.28923043608665466,0.9055389761924744,0.5526581406593323,0.5844759941101074,-0.21684369444847107,0.9033591747283936,0.5559607744216919,0.591721773147583,-0.2503136396408081,0.878128707408905,0.5726344585418701,0.5816423892974854,0.013975922018289566,0.9997056722640991,0.5261550545692444,0.582205593585968,-0.014093942008912563,0.9996894598007202,0.5728510618209839,0.7489301562309265,0.03837147727608681,0.9913830757141113,0.5246636271476746,0.741266667842865,0.018437767401337624,0.993591845035553,0.5735820531845093,0.8782491087913513,0.20404468476772308,0.9931862354278564,0.5191468596458435,0.8805078268051147,0.1813773363828659,0.9924917817115784,0.5659853219985962,0.8925186991691589,0.21474288403987885,0.9393873810768127,0.5212772488594055,0.8927549719810486,0.1922987848520279,0.8366212248802185,0.5849869847297668,0.9359742403030396,0.10670948028564453,0.9888425469398499,0.5251009464263916,0.9381034970283508,0.08003966510295868,0.9867894649505615
2700.000000000001,0.5443228483200073,0.29667383432388306,-0.36283501982688904,0.9999797344207764,0.5488840937614441,0.28198614716529846,-0.3506506383419037,0.9999309778213501,0.5524083375930786,0.28166335821151733,-0.35063350200653076,0.9999276399612427,0.5558842420578003,0.2812393307685852,-0.3506425619125366,0.9999203681945801,0.5387552380561829,0.2830882668495178,-0.3494528830051422,0.9999326467514038,0.5358933210372925,0.2836718261241913,-0.34952670335769653,0.9999376535415649,0.5334441065788269,0.2844032645225525,-0.34958741068840027,0.9999376535415649,0.5610821843147278,0.28630533814430237,-0.25541380047798157,0.9997777342796326,0.5316964983940125,0.29127511382102966,-0.24987450242042542,0.9999062418937683,0.5520209074020386,0.31148046255111694,-0.32535111904144287,0.9999740123748779,0.5392046570777893,0.3130745589733124,-0.32384759187698364,0.9999790787696838,0.5935806632041931,0.37556546926498413,-0.16281703114509583,0.9999237656593323,0.5132169127464294,0.38024014234542847,-0.19504527747631073,0.9999151825904846,0.5962991714477539,0.4962940216064453,-0.13385780155658722,0.9847615361213684,0.5095317363739014,0.49916088581085205,-0.18580125272274017,0.9904018044471741,0.5642474889755249,0.575379490852356,-0.2063109278678894,0.967094898223877,0.5441835522651672,0.5852288007736206,-0.24286867678165436,0.9587052464485168,0.5579107403755188,0.6035314202308655,-0.23704597353935242,0.9205483198165894,0.5528208613395691,0.6095625162124634,-0.27405697107315063,0.9075630903244019,0.5520593523979187,0.5947038531303406,-0.25465112924575806,0.9232317805290222,0.5570108890533447,0.600744366645813,-0.28602927923202515,0.9055229425430298,0.5526557564735413,0.5850204825401306,-0.21410734951496124,0.9038199782371521,0.5559564232826233,0.5920756459236145,-0.24742643535137177,0.8782565593719482,0.5727137923240662,0.581916868686676,0.013778815977275372,0.9997064471244812,0.5262023210525513,0.5823097825050354,-0.013899254612624645,0.9996915459632874,0.572891116142273,0.7496687769889832,0.03737882897257805,0.991498589515686,0.5246269106864929,0.7413956522941589,0.018402356654405594,0.9936789274215698,0.5736395716667175,0.8783594369888306,0.20366130769252777,0.9932606220245361,0.5191335082054138,0.8808830976486206,0.18081556260585785,0.992575466632843,0.5660191178321838,0.8925890922546387,0.21445044875144958,0.9396572709083557,0.5212765336036682,0.8931480646133423,0.19165906310081482,0.8369317054748535,0.5849952101707458,0.936059296131134,0.10657112300395966,0.9889408946037292,0.5250533223152161,0.9382543563842773,0.07889796793460846,0.9869144558906555
2733.3333333333344,0.5436453223228455,0.2964771091938019,-0.36387407779693604,0.999980092048645,0.5482457280158997,0.28182387351989746,-0.35176435112953186,0.999932050704956,0.5518074631690979,0.2814714312553406,-0.3517460823059082,0.9999288320541382,0.5553020238876343,0.2810206115245819,-0.35175636410713196,0.9999217987060547,0.5381723642349243,0.28304538130760193,-0.3503185212612152,0.9999335408210754,0.5354745388031006,0.28366002440452576,-0.35039252042770386,0.9999384880065918,0.5329271554946899,0.28440752625465393,-0.3504522144794464,0.999938428401947,0.5607048273086548,0.28607067465782166,-0.2568974196910858,0.9997811913490295,0.5313469767570496,0.29132080078125,-0.2505762279033661,0.9999066591262817,0.5514219999313354,0.3113146424293518,-0.3266613185405731,0.9999744296073914,0.5387048125267029,0.31302356719970703,-0.3248994052410126,0.9999792575836182,0.5935760140419006,0.37562817335128784,-0.1649358570575714,0.9999236464500427,0.5132536292076111,0.3804453909397125,-0.19575637578964233,0.9999149441719055,0.5962101817131042,0.4964853823184967,-0.136195570230484,0.98487788438797,0.5096313953399658,0.49928802251815796,-0.18620514869689941,0.9903101921081543,0.5641975402832031,0.5756458640098572,-0.20738239586353302,0.9672552347183228,0.5441820621490479,0.5854976773262024,-0.24293194711208344,0.9585445523262024,0.5578861236572266,0.6039445996284485,-0.23796217143535614,0.9206264615058899,0.5528138279914856,0.610015332698822,-0.2742825150489807,0.9072282910346985,0.55205237865448,0.595130205154419,-0.25533244013786316,0.9233331084251404,0.5570089221000671,0.601173996925354,-0.28635862469673157,0.905163586139679,0.5526449680328369,0.5854833722114563,-0.21500568091869354,0.90399169921875,0.5559549331665039,0.5925375819206238,-0.24745982885360718,0.8779640197753906,0.5727608799934387,0.5817281603813171,0.013613337650895119,0.999708890914917,0.5262608528137207,0.5821208357810974,-0.013739059679210186,0.9996939897537231,0.5728874802589417,0.7495225667953491,0.03665526956319809,0.991491436958313,0.5246284008026123,0.7411088347434998,0.018192430958151817,0.9936671853065491,0.5736339092254639,0.8783939480781555,0.20184512436389923,0.9932752847671509,0.519123375415802,0.8808673620223999,0.1795368492603302,0.9925757050514221,0.5660180449485779,0.8926103711128235,0.21248561143875122,0.9395061731338501,0.5212671160697937,0.8931491374969482,0.19031700491905212,0.8359559178352356,0.584993302822113,0.9361158609390259,0.10495129972696304,0.9889494180679321,0.525050938129425,0.9382603168487549,0.07837093621492386,0.9869223237037659
2766.666666666668,0.5430975556373596,0.2963942587375641,-0.3632400929927826,0.9999805092811584,0.5476675629615784,0.2817266285419464,-0.35119229555130005,0.9999335408210754,0.5512852072715759,0.28134074807167053,-0.35117295384407043,0.9999304413795471,0.554757833480835,0.2808714807033539,-0.3511814773082733,0.9999236464500427,0.5375942587852478,0.28303593397140503,-0.3494773209095001,0.999934732913971,0.5350104570388794,0.2836635410785675,-0.3495497703552246,0.9999396204948425,0.5323219895362854,0.28445374965667725,-0.34960922598838806,0.999939501285553,0.5603277087211609,0.2857968211174011,-0.2565547823905945,0.9997865557670593,0.5309184193611145,0.2914462983608246,-0.24914342164993286,0.9999076128005981,0.5510298609733582,0.3112412393093109,-0.3263261616230011,0.9999750852584839,0.5382984280586243,0.313019722700119,-0.3241284489631653,0.9999796152114868,0.5935786962509155,0.37567341327667236,-0.16434158384799957,0.9999241232872009,0.5132933259010315,0.38068076968193054,-0.19414106011390686,0.999914824962616,0.5961597561836243,0.49663153290748596,-0.13534854352474213,0.9850621819496155,0.5096883177757263,0.49940016865730286,-0.18398256599903107,0.9902286529541016,0.5641060471534729,0.57578444480896,-0.20691345632076263,0.967664361000061,0.5442273020744324,0.5856940746307373,-0.2416551411151886,0.9585889577865601,0.5578640699386597,0.6041070818901062,-0.2373691350221634,0.9212587475776672,0.5528185367584229,0.6102928519248962,-0.2727791368961334,0.9072778820991516,0.5520479083061218,0.5953505635261536,-0.25431936979293823,0.9239508509635925,0.5570148825645447,0.6014232039451599,-0.28469958901405334,0.9051722288131714,0.5526313781738281,0.5857210159301758,-0.21427342295646667,0.904759407043457,0.5559601187705994,0.5927791595458984,-0.2461651712656021,0.8781120181083679,0.5727811455726624,0.5817269086837769,0.01338196825236082,0.999711275100708,0.5263015031814575,0.582116961479187,-0.013512122444808483,0.9996953010559082,0.5728891491889954,0.7495952248573303,0.03512748330831528,0.9915620684623718,0.5246279835700989,0.7414295673370361,0.018137015402317047,0.9937123656272888,0.5735775232315063,0.8786138892173767,0.20086714625358582,0.9933379292488098,0.5189505219459534,0.8809414505958557,0.17934244871139526,0.99261873960495,0.5659111738204956,0.8927541375160217,0.211501806974411,0.9395328760147095,0.5211930871009827,0.8931705355644226,0.19010944664478302,0.8356844186782837,0.5849465727806091,0.9363270401954651,0.10344624519348145,0.9890229105949402,0.5250439643859863,0.9382937550544739,0.07821467518806458,0.9870099425315857
2800.0000000000014,0.5422467589378357,0.29637807607650757,-0.3615395128726959,0.9999807476997375,0.5468241572380066,0.281709760427475,-0.3499198853969574,0.9999340772628784,0.5504955053329468,0.2813012897968292,-0.34989938139915466,0.9999311566352844,0.5539595484733582,0.28083229064941406,-0.34990739822387695,0.9999245405197144,0.5369030237197876,0.2830355763435364,-0.3476557731628418,0.9999350905418396,0.5343937277793884,0.2836739718914032,-0.3477272391319275,0.9999399185180664,0.5315660238265991,0.2844955027103424,-0.3477856516838074,0.9999396800994873,0.5598939061164856,0.28570008277893066,-0.25638347864151,0.9997894167900085,0.5305161476135254,0.29156020283699036,-0.24764719605445862,0.9999066591262817,0.5502902269363403,0.3112304210662842,-0.3255090117454529,0.9999753832817078,0.5376908779144287,0.3130175769329071,-0.32258063554763794,0.999979555606842,0.5936043858528137,0.3758520483970642,-0.16647322475910187,0.9999234080314636,0.5132973790168762,0.3809925317764282,-0.19242888689041138,0.9999141693115234,0.5960890054702759,0.4969590902328491,-0.13742491602897644,0.9852325916290283,0.5098727345466614,0.49952074885368347,-0.18077512085437775,0.9900149703025818,0.5640239119529724,0.5762178897857666,-0.205335333943367,0.967877984046936,0.5442588925361633,0.5860063433647156,-0.23688486218452454,0.9582992792129517,0.5577992796897888,0.6046006083488464,-0.2351580262184143,0.9214079976081848,0.552829384803772,0.6107754111289978,-0.26711931824684143,0.9068416357040405,0.5520188212394714,0.595680296421051,-0.251618355512619,0.9241045713424683,0.5570144057273865,0.6017765402793884,-0.27897873520851135,0.9046671390533447,0.5526043176651001,0.5860505700111389,-0.21230340003967285,0.9050685167312622,0.5559598803520203,0.5932137966156006,-0.2414223998785019,0.8777437210083008,0.5727996826171875,0.5817046165466309,0.011796358041465282,0.9997120499610901,0.5263296961784363,0.5821178555488586,-0.011928188614547253,0.9996962547302246,0.5728574395179749,0.7495929598808289,0.03268444165587425,0.9915542006492615,0.5246285200119019,0.7415381073951721,0.019620301201939583,0.9936973452568054,0.5735467672348022,0.8786013722419739,0.19504208862781525,0.9933098554611206,0.5190025568008423,0.8809477090835571,0.1790926456451416,0.9925758242607117,0.5659134387969971,0.8927723169326782,0.20534072816371918,0.9392258524894714,0.5212844014167786,0.8932039737701416,0.18984168767929077,0.8346190452575684,0.5848868489265442,0.9363901615142822,0.09867490828037262,0.9889593720436096,0.5250417590141296,0.9382530450820923,0.07828100025653839,0.9869512319564819
2833.333333333335,0.5413521528244019,0.2964092493057251,-0.3611733615398407,0.9999810457229614,0.5459487438201904,0.2817049026489258,-0.349662721157074,0.9999349117279053,0.5496982932090759,0.2812916338443756,-0.3496417701244354,0.9999321103096008,0.5532131195068359,0.2808234393596649,-0.34964925050735474,0.9999256730079651,0.536251425743103,0.2830589711666107,-0.34730100631713867,0.9999359250068665,0.5337995886802673,0.28372249007225037,-0.34737294912338257,0.9999406337738037,0.5308853387832642,0.28457319736480713,-0.34743058681488037,0.9999403357505798,0.5594825148582458,0.2856828570365906,-0.25658854842185974,0.9997920989990234,0.5301377773284912,0.2916845679283142,-0.2474985122680664,0.9999066591262817,0.549397349357605,0.3112271726131439,-0.32538339495658875,0.9999756813049316,0.5370270609855652,0.3130309283733368,-0.32228004932403564,0.999979555606842,0.5935957431793213,0.37590035796165466,-0.1675821840763092,0.9999232292175293,0.5132892727851868,0.38123834133148193,-0.19186550378799438,0.9999147653579712,0.5960432887077332,0.4970609247684479,-0.13883940875530243,0.9855015277862549,0.5099951028823853,0.4995960295200348,-0.17979653179645538,0.989932656288147,0.5638387203216553,0.576662540435791,-0.20529532432556152,0.9683214426040649,0.5443114042282104,0.5861840844154358,-0.23571525514125824,0.9585139155387878,0.5576709508895874,0.6053281426429749,-0.23507840931415558,0.9220102429389954,0.5528369545936584,0.6111651659011841,-0.2659890651702881,0.9072890877723694,0.5519480109214783,0.5963674187660217,-0.2516525089740753,0.9246981143951416,0.5570169687271118,0.6020259261131287,-0.27750924229621887,0.9050593972206116,0.5525452494621277,0.5867037773132324,-0.21225041151046753,0.9058550596237183,0.5559659600257874,0.5934609770774841,-0.2401023805141449,0.8783685564994812,0.5728442072868347,0.5816566944122314,0.011037854477763176,0.9997120499610901,0.5264636874198914,0.582111656665802,-0.011169779114425182,0.9996986389160156,0.5727444887161255,0.74955815076828,0.034362707287073135,0.9914708137512207,0.5246228575706482,0.7415119409561157,0.021524207666516304,0.993666410446167,0.5735498666763306,0.8786783218383789,0.1932743638753891,0.9932605028152466,0.519036054611206,0.8808313012123108,0.17776033282279968,0.9925231337547302,0.5659801959991455,0.8929784297943115,0.20298287272453308,0.9389837384223938,0.5213287472724915,0.8932130336761475,0.18797683715820312,0.8337413668632507,0.5848852396011353,0.9364340901374817,0.09690370410680771,0.988866925239563,0.525031328201294,0.937789797782898,0.07794936001300812,0.9868518710136414
2866.6666666666683,0.5409640073776245,0.29668179154396057,-0.3620893657207489,0.9999812841415405,0.5456268787384033,0.28174692392349243,-0.35080090165138245,0.9999354481697083,0.5493908524513245,0.28130194544792175,-0.350779265165329,0.9999327659606934,0.5528992414474487,0.2808297276496887,-0.3507857322692871,0.9999264478683472,0.5359215140342712,0.28324997425079346,-0.3482316732406616,0.9999363422393799,0.5334480404853821,0.2840072512626648,-0.34830302000045776,0.9999409317970276,0.5304697751998901,0.28492480516433716,-0.34835898876190186,0.9999405145645142,0.5592659115791321,0.28566887974739075,-0.2581560015678406,0.9997945427894592,0.5298002362251282,0.2919504642486572,-0.2479279339313507,0.9999061822891235,0.5489776730537415,0.3113193213939667,-0.3261846899986267,0.9999759793281555,0.536683976650238,0.3133039176464081,-0.32294246554374695,0.999979555606842,0.5935917496681213,0.3759025037288666,-0.16902579367160797,0.99992436170578,0.5132585167884827,0.3813655376434326,-0.19197168946266174,0.999915361404419,0.5960075259208679,0.4971444010734558,-0.13908973336219788,0.985715925693512,0.5100999474525452,0.499733030796051,-0.17966030538082123,0.9898355007171631,0.5637423396110535,0.577042281627655,-0.20538082718849182,0.9687512516975403,0.5444278120994568,0.5865839719772339,-0.23617888987064362,0.958522617816925,0.557631254196167,0.6059833765029907,-0.2352576106786728,0.9227567315101624,0.5528916120529175,0.6117863655090332,-0.26667600870132446,0.90733802318573,0.5519462823867798,0.5970855951309204,-0.25194457173347473,0.9254453778266907,0.5570414662361145,0.6025955080986023,-0.278401255607605,0.9050511717796326,0.5525426864624023,0.5873607993125916,-0.2123616486787796,0.9067989587783813,0.5560042858123779,0.5940474271774292,-0.24063782393932343,0.8784719109535217,0.5728832483291626,0.5817319750785828,0.010642725974321365,0.9997161626815796,0.5264903903007507,0.5825073719024658,-0.010773476213216782,0.9997023344039917,0.5726633071899414,0.7495668530464172,0.03445195034146309,0.9914684891700745,0.5246055722236633,0.7415111064910889,0.02374671772122383,0.9936705827713013,0.5734955072402954,0.8788455128669739,0.1950106918811798,0.9932401776313782,0.5189856290817261,0.8802893161773682,0.18406900763511658,0.992485761642456,0.5659739971160889,0.893333375453949,0.20508383214473724,0.9386802315711975,0.5213137865066528,0.8927619457244873,0.19492681324481964,0.8332632184028625,0.5848833918571472,0.9365299940109253,0.0989360585808754,0.9888254404067993,0.5248792171478271,0.937346875667572,0.08555885404348373,0.9868155717849731
2900.000000000002,0.5405168533325195,0.29675593972206116,-0.3576177656650543,0.9999812245368958,0.5452287197113037,0.2817550599575043,-0.34640389680862427,0.9999349117279053,0.5490283370018005,0.28130248188972473,-0.34638503193855286,0.9999323487281799,0.5525601506233215,0.2808319628238678,-0.3463872969150543,0.9999260902404785,0.5355730056762695,0.28328824043273926,-0.34389516711235046,0.9999356865882874,0.5330603122711182,0.28407201170921326,-0.34396475553512573,0.9999402761459351,0.5300187468528748,0.2850129306316376,-0.3440224826335907,0.9999397397041321,0.5590375661849976,0.2856639325618744,-0.25508806109428406,0.9997930526733398,0.5294324159622192,0.2920874059200287,-0.24414554238319397,0.999903678894043,0.5485581755638123,0.31132566928863525,-0.32186225056648254,0.9999759197235107,0.5363094210624695,0.3133341670036316,-0.31866198778152466,0.9999793171882629,0.59353107213974,0.3758784234523773,-0.16791489720344543,0.9999250173568726,0.5131807923316956,0.38156527280807495,-0.1885557472705841,0.999915599822998,0.5960010886192322,0.4971075654029846,-0.13767629861831665,0.9858946204185486,0.5101273059844971,0.4998505115509033,-0.17600247263908386,0.9897062182426453,0.563941240310669,0.5770783424377441,-0.20308171212673187,0.9692749381065369,0.5444559454917908,0.5867284536361694,-0.23375454545021057,0.9584956169128418,0.5577558279037476,0.6059763431549072,-0.23317106068134308,0.9239077568054199,0.5529189705848694,0.6120465993881226,-0.26423701643943787,0.9074473977088928,0.5520771741867065,0.5971153974533081,-0.25033867359161377,0.9265955686569214,0.5570829510688782,0.6030148267745972,-0.27612435817718506,0.905119001865387,0.5526812076568604,0.5873993039131165,-0.2102603167295456,0.908178985118866,0.5560393929481506,0.5944327116012573,-0.23827172815799713,0.8786605000495911,0.5729190111160278,0.5816832780838013,0.01069667749106884,0.9997151494026184,0.5265613198280334,0.5825177431106567,-0.010825825855135918,0.9997016191482544,0.5726051926612854,0.749263346195221,0.03456048294901848,0.9912455677986145,0.5246511697769165,0.7410000562667847,0.02182326652109623,0.9935663342475891,0.5734871029853821,0.8788303732872009,0.1939142495393753,0.993082582950592,0.5190123319625854,0.880075991153717,0.17790398001670837,0.9923157691955566,0.5659872889518738,0.8933279514312744,0.20382042229175568,0.9376221895217896,0.5213056802749634,0.8924921154975891,0.18835772573947906,0.8311713933944702,0.5848711729049683,0.9365338087081909,0.09772945940494537,0.9886170625686646,0.5249059200286865,0.9373538494110107,0.07979562133550644,0.986566424369812
2933.3333333333353,0.5399109125137329,0.29704055190086365,-0.3565835654735565,0.9999808073043823,0.5445201396942139,0.28183233737945557,-0.3455055356025696,0.9999334216117859,0.548352837562561,0.2813587784767151,-0.3454878032207489,0.9999309778213501,0.5520006418228149,0.2808772921562195,-0.34549304842948914,0.9999247789382935,0.5351585745811462,0.283433735370636,-0.3428688943386078,0.9999339580535889,0.5326181650161743,0.2842593193054199,-0.3429379165172577,0.9999386072158813,0.5296056270599365,0.2852277159690857,-0.3429969251155853,0.9999378323554993,0.5587708353996277,0.28568440675735474,-0.25487977266311646,0.9997891783714294,0.5292179584503174,0.29234516620635986,-0.24320463836193085,0.9998990297317505,0.5480076670646667,0.3113975524902344,-0.32101649045944214,0.9999755620956421,0.5359382033348083,0.31350815296173096,-0.3176518678665161,0.9999786615371704,0.5935056805610657,0.37587764859199524,-0.16744552552700043,0.9999247789382935,0.5131099820137024,0.38176459074020386,-0.18776269257068634,0.9999144077301025,0.5959957838058472,0.49691376090049744,-0.13731080293655396,0.9860093593597412,0.5101566314697266,0.499950110912323,-0.17483411729335785,0.9894469380378723,0.564283549785614,0.5770890116691589,-0.20237894356250763,0.9695983529090881,0.5444485545158386,0.58710777759552,-0.23196552693843842,0.9579945206642151,0.557996928691864,0.6059753894805908,-0.23248963057994843,0.9245867729187012,0.5529083013534546,0.6126590371131897,-0.26223716139793396,0.9067032337188721,0.552306592464447,0.5971524715423584,-0.2500022351741791,0.927300751209259,0.5570732355117798,0.6037885546684265,-0.2741149067878723,0.9043012261390686,0.5529019832611084,0.5874722599983215,-0.2096942961215973,0.9090733528137207,0.5560320019721985,0.5951945781707764,-0.23651251196861267,0.8778700828552246,0.5729228258132935,0.5811927318572998,0.010561183094978333,0.9997110366821289,0.5265811085700989,0.5824549198150635,-0.01068695168942213,0.9996970891952515,0.5725048184394836,0.7488664388656616,0.033768296241760254,0.9909341931343079,0.5246508717536926,0.7409644722938538,0.02174464985728264,0.9933753609657288,0.573403537273407,0.878832221031189,0.19107912480831146,0.9928209781646729,0.5190412402153015,0.879789412021637,0.17587094008922577,0.9920342564582825,0.5659606456756592,0.8933494687080383,0.20091590285301208,0.9361642003059387,0.5213989615440369,0.8920475244522095,0.18617670238018036,0.8278277516365051,0.5848451256752014,0.9365718960762024,0.09536763280630112,0.9882299304008484,0.5249048471450806,0.9373564720153809,0.078315868973732,0.9861069917678833
2966.666666666669,0.5389962792396545,0.2973305284976959,-0.35542649030685425,0.9999803900718689,0.5436030030250549,0.28192847967147827,-0.3446025550365448,0.9999317526817322,0.5474949479103088,0.28142932057380676,-0.3445855975151062,0.9999293684959412,0.5512809157371521,0.2809285521507263,-0.34459188580513,0.9999231696128845,0.5345109701156616,0.28364431858062744,-0.3416309058666229,0.9999321699142456,0.5318606495857239,0.28449925780296326,-0.3416994512081146,0.9999368786811829,0.5289439558982849,0.285501629114151,-0.3417605459690094,0.9999359846115112,0.5584601163864136,0.2857249975204468,-0.2548399269580841,0.9997847080230713,0.5289382338523865,0.292557030916214,-0.24182024598121643,0.9998946189880371,0.5472830533981323,0.3114849030971527,-0.3202282786369324,0.9999752044677734,0.535376787185669,0.31370583176612854,-0.3164415955543518,0.9999781250953674,0.5934627056121826,0.3759072721004486,-0.16728447377681732,0.9999241828918457,0.512968897819519,0.38190901279449463,-0.1868096888065338,0.9999141097068787,0.5959901809692383,0.4966777563095093,-0.13724258542060852,0.986142635345459,0.5101610422134399,0.500111997127533,-0.17418089509010315,0.98927903175354,0.5645111799240112,0.5770981907844543,-0.20195609331130981,0.9699786901473999,0.5444563627243042,0.587371289730072,-0.23166054487228394,0.9579465389251709,0.5582576394081116,0.6059802770614624,-0.2320103943347931,0.9254208207130432,0.5529139637947083,0.6131172180175781,-0.2619781196117401,0.9067838191986084,0.5524773001670837,0.5972447991371155,-0.24960990250110626,0.9281339049339294,0.5570775866508484,0.6044856905937195,-0.27361947298049927,0.9043036103248596,0.5530286431312561,0.5876258015632629,-0.20927736163139343,0.9101232886314392,0.556035578250885,0.5958859920501709,-0.23611773550510406,0.8780156373977661,0.5728954076766968,0.5805490016937256,0.010245174169540405,0.9997056722640991,0.5265691876411438,0.582313597202301,-0.010366680100560188,0.999692976474762,0.5723859071731567,0.7483141422271729,0.0332447849214077,0.9906047582626343,0.5245640873908997,0.7407708168029785,0.02012830227613449,0.9932071566581726,0.5734044313430786,0.8787685036659241,0.18804307281970978,0.9925485849380493,0.5192225575447083,0.8797907829284668,0.17017395794391632,0.9917684197425842,0.5659739971160889,0.893347978591919,0.19768500328063965,0.9346762299537659,0.5216209292411804,0.8920314908027649,0.1801224648952484,0.824730634689331,0.5848429799079895,0.9365993738174438,0.09250111132860184,0.9878299236297607,0.5249855518341064,0.9374542236328125,0.07186831533908844,0.9856678247451782
3000.0000000000023,0.5382640361785889,0.29738742113113403,-0.35564979910850525,0.9999803304672241,0.5427637100219727,0.28194621205329895,-0.3448275923728943,0.9999311566352844,0.5466692447662354,0.2814377248287201,-0.3448105454444885,0.999928891658783,0.5505610108375549,0.2809286415576935,-0.3448176085948944,0.9999228119850159,0.5338926911354065,0.28378379344940186,-0.3417644202709198,0.9999314546585083,0.5311430096626282,0.28469225764274597,-0.34183260798454285,0.9999361038208008,0.52834153175354,0.28576961159706116,-0.3418927490711212,0.9999350905418396,0.558121383190155,0.2857230305671692,-0.2551768124103546,0.9997835755348206,0.5285258889198303,0.2927912771701813,-0.24151748418807983,0.9998916387557983,0.5466989874839783,0.31148990988731384,-0.3204260468482971,0.9999750852584839,0.5348742008209229,0.3137549161911011,-0.31654173135757446,0.999977707862854,0.5934078693389893,0.375969797372818,-0.16817933320999146,0.9999237656593323,0.5128469467163086,0.38198238611221313,-0.18660634756088257,0.9999142289161682,0.5959528088569641,0.49655354022979736,-0.13866721093654633,0.9862715005874634,0.5101664662361145,0.5003169178962708,-0.1736142337322235,0.9890793561935425,0.5645696520805359,0.5772050619125366,-0.20201162993907928,0.9701772928237915,0.5444656014442444,0.5878630876541138,-0.23070462048053741,0.9578120708465576,0.5583656430244446,0.6061351895332336,-0.2321273386478424,0.9257831573486328,0.5529107451438904,0.6136829257011414,-0.2610302269458771,0.9067212343215942,0.5525426864624023,0.5976696014404297,-0.24969762563705444,0.9285330772399902,0.5570773482322693,0.6053200960159302,-0.2726435661315918,0.9041648507118225,0.553068995475769,0.5881680250167847,-0.2093316912651062,0.9106882810592651,0.5560357570648193,0.5967521667480469,-0.23518942296504974,0.8779594898223877,0.5727802515029907,0.5804635286331177,0.009899189695715904,0.9997039437294006,0.5264842510223389,0.5823639035224915,-0.010018396191298962,0.9996930360794067,0.5721282362937927,0.7480120062828064,0.03324756771326065,0.9904934167861938,0.5245334506034851,0.7407879829406738,0.02064158394932747,0.9931884407997131,0.5733649730682373,0.8787662386894226,0.18863679468631744,0.9924665689468384,0.519290566444397,0.8797249794006348,0.1707257777452469,0.991706907749176,0.5658894181251526,0.8933793306350708,0.19837164878845215,0.9343726634979248,0.5217565298080444,0.8919935822486877,0.1808282881975174,0.8237633109092712,0.5848105549812317,0.9366668462753296,0.09300027787685394,0.9877041578292847,0.5249863266944885,0.9374438524246216,0.07279505580663681,0.9855499863624573
3033.3333333333358,0.5376109480857849,0.29753029346466064,-0.3544500172138214,0.9999800324440002,0.5418795943260193,0.2820131182670593,-0.3438015282154083,0.9999300837516785,0.5457696318626404,0.28146013617515564,-0.34378698468208313,0.9999279975891113,0.5496779680252075,0.2809290587902069,-0.34379690885543823,0.9999220967292786,0.5332126021385193,0.2841552197933197,-0.34042006731033325,0.9999300241470337,0.5304023623466492,0.28516143560409546,-0.3404865860939026,0.9999345541000366,0.5277573466300964,0.28634002804756165,-0.34054696559906006,0.9999334216117859,0.5575900673866272,0.285719096660614,-0.2548900246620178,0.9997826814651489,0.5280890464782715,0.2932656407356262,-0.23947429656982422,0.9998879432678223,0.5461528897285461,0.31149667501449585,-0.31946465373039246,0.9999749660491943,0.5344430804252625,0.31386950612068176,-0.3150748312473297,0.999977171421051,0.5933546423912048,0.3759731352329254,-0.16794146597385406,0.9999237656593323,0.5127525925636292,0.38223928213119507,-0.18502140045166016,0.9999139308929443,0.5959431529045105,0.49619320034980774,-0.1384628713130951,0.9864348769187927,0.5101761221885681,0.500580370426178,-0.17127779126167297,0.9888255000114441,0.5646207928657532,0.5772529244422913,-0.20180432498455048,0.970381498336792,0.5444494485855103,0.5885322093963623,-0.2282077968120575,0.9575472474098206,0.558412492275238,0.6061886548995972,-0.23197606205940247,0.9261201620101929,0.5528362393379211,0.6145412921905518,-0.2585155665874481,0.9064367413520813,0.5525638461112976,0.5977435111999512,-0.24966676533222198,0.9288913607597351,0.5570245385169983,0.6065230965614319,-0.27027595043182373,0.9037956595420837,0.553087592124939,0.588275134563446,-0.209186390042305,0.9112245440483093,0.5559888482093811,0.597881555557251,-0.2327868938446045,0.8776296377182007,0.5722715854644775,0.5803806185722351,0.009875822812318802,0.9997007250785828,0.526049792766571,0.5824206471443176,-0.00999307818710804,0.9996897578239441,0.5719621181488037,0.7483281493186951,0.0324358195066452,0.9903566241264343,0.5241411924362183,0.7408973574638367,0.020597998052835464,0.9931755065917969,0.5732376575469971,0.8791294693946838,0.18614462018013,0.9923678636550903,0.5192726254463196,0.8799853920936584,0.17006036639213562,0.9916165471076965,0.5657283067703247,0.893738329410553,0.19564391672611237,0.9339560866355896,0.5218155384063721,0.8921507000923157,0.18000245094299316,0.8225434422492981,0.5848044753074646,0.9371252059936523,0.08969072252511978,0.9875087141990662,0.5249797701835632,0.9374461770057678,0.07154762744903564,0.9853726625442505
3066.6666666666692,0.5370761156082153,0.29759353399276733,-0.34821102023124695,0.9999796152114868,0.5411146283149719,0.2820369601249695,-0.3379060626029968,0.9999285936355591,0.5449684262275696,0.28146088123321533,-0.33789438009262085,0.999926745891571,0.5488817691802979,0.28091174364089966,-0.3379037082195282,0.9999209642410278,0.5325502753257751,0.28437861800193787,-0.3340570330619812,0.9999279379844666,0.5296828150749207,0.28547191619873047,-0.33411934971809387,0.9999323487281799,0.527181088924408,0.28674423694610596,-0.33418112993240356,0.9999308586120605,0.5570610761642456,0.2856832444667816,-0.25109782814979553,0.9997814297676086,0.5275219678878784,0.29371440410614014,-0.23334988951683044,0.9998824596405029,0.5456717610359192,0.31148576736450195,-0.3140062391757965,0.9999748468399048,0.5340226888656616,0.31391826272010803,-0.30895549058914185,0.9999765157699585,0.5932319760322571,0.37576940655708313,-0.16529828310012817,0.9999241828918457,0.5126740336418152,0.38232797384262085,-0.17984765768051147,0.9999129772186279,0.595937967300415,0.49565476179122925,-0.13586977124214172,0.9866056442260742,0.5101977586746216,0.5007798075675964,-0.1653394252061844,0.9883733987808228,0.5647090077400208,0.5772818326950073,-0.19709017872810364,0.9707268476486206,0.5444462299346924,0.58912193775177,-0.22163830697536469,0.956823468208313,0.558469831943512,0.6062175631523132,-0.2266991138458252,0.9268304705619812,0.5527929663658142,0.6152465343475342,-0.25106123089790344,0.9054219722747803,0.5526006817817688,0.5977944135665894,-0.2440158575773239,0.9295946955680847,0.5569860339164734,0.6076598167419434,-0.2630358934402466,0.9026640057563782,0.5531290173530579,0.5883547067642212,-0.2041872888803482,0.9121631383895874,0.5559565424919128,0.5990215539932251,-0.22629623115062714,0.8765028715133667,0.5718721151351929,0.5802719593048096,0.009698155336081982,0.999695897102356,0.5257890224456787,0.5824291706085205,-0.009812450036406517,0.9996836185455322,0.5718709826469421,0.7483031153678894,0.028570031747221947,0.990142285823822,0.5240466594696045,0.7413766980171204,0.01921197585761547,0.9931159019470215,0.5732207894325256,0.8790687322616577,0.18145319819450378,0.9921990633010864,0.5193373560905457,0.8805176615715027,0.1670655906200409,0.9914601445198059,0.5657041668891907,0.8937143087387085,0.19093964993953705,0.9332008957862854,0.5221040844917297,0.8923863172531128,0.17683012783527374,0.8209066390991211,0.584801971912384,0.9371342658996582,0.08585777878761292,0.9872205257415771,0.5249847173690796,0.9374984502792358,0.06887037307024002,0.9851006865501404
3100.0000000000027,0.5369199514389038,0.29766008257865906,-0.3476495146751404,0.9999797344207764,0.540883481502533,0.28203991055488586,-0.3373001515865326,0.9999290108680725,0.5446776747703552,0.28145137429237366,-0.33728688955307007,0.9999273419380188,0.548559308052063,0.2808557152748108,-0.3372972905635834,0.9999217391014099,0.5322953462600708,0.28452983498573303,-0.3337312340736389,0.9999278783798218,0.5293570160865784,0.2856954336166382,-0.3337956964969635,0.9999321699142456,0.5268784165382385,0.28705260157585144,-0.3338557779788971,0.9999305009841919,0.5566105246543884,0.28557103872299194,-0.2503634989261627,0.9997851848602295,0.5269597768783569,0.2941080927848816,-0.23387867212295532,0.9998816251754761,0.5454388856887817,0.3114764392375946,-0.31331509351730347,0.9999752044677734,0.5338171720504761,0.31397199630737305,-0.30865830183029175,0.9999764561653137,0.593066394329071,0.375550240278244,-0.16425585746765137,0.9999252557754517,0.5125548839569092,0.3824596405029297,-0.17992304265499115,0.9999127984046936,0.595874011516571,0.4952238202095032,-0.13403283059597015,0.986835777759552,0.5102207064628601,0.5010277628898621,-0.1655215471982956,0.9880894422531128,0.5647035241127014,0.5775572061538696,-0.1930328756570816,0.9711161255836487,0.5444858074188232,0.5900168418884277,-0.2203274518251419,0.9561078548431396,0.558456540107727,0.6066758632659912,-0.22206754982471466,0.9274794459342957,0.5527812838554382,0.6161088943481445,-0.24921360611915588,0.9042338132858276,0.5525782704353333,0.5983100533485413,-0.23875147104263306,0.930225133895874,0.5569650530815125,0.6089642643928528,-0.26097604632377625,0.9013602137565613,0.5531054139137268,0.5888895392417908,-0.19978241622447968,0.9130364656448364,0.5559447407722473,0.6004399061203003,-0.2248067706823349,0.8752413988113403,0.5717141032218933,0.5797864198684692,0.009626958519220352,0.9996934533119202,0.5256642699241638,0.5823299884796143,-0.00973992608487606,0.9996803998947144,0.5716858506202698,0.7482903599739075,0.026126597076654434,0.9898849129676819,0.5240218043327332,0.7416201829910278,0.017316626384854317,0.9930036664009094,0.5731685757637024,0.8792335987091064,0.17511425912380219,0.9919806718826294,0.5193518400192261,0.8811895847320557,0.16093726456165314,0.9912466406822205,0.565611720085144,0.8939676284790039,0.18416069447994232,0.9321919679641724,0.5221497416496277,0.8928719758987427,0.17020449042320251,0.8182902932167053,0.5847997069358826,0.9371793866157532,0.07954797148704529,0.9868302941322327,0.5249732732772827,0.9376302361488342,0.06231652572751045,0.9847042560577393
3133.333333333336,0.536416232585907,0.29804325103759766,-0.34902578592300415,0.9999790787696838,0.5401664972305298,0.28216785192489624,-0.33851757645606995,0.9999266266822815,0.5438693761825562,0.28147393465042114,-0.33850377798080444,0.9999251961708069,0.5476169586181641,0.28085407614707947,-0.33851367235183716,0.9999197125434875,0.5317301750183105,0.2852100431919098,-0.3351512849330902,0.9999250173568726,0.5288172960281372,0.28658485412597656,-0.3352168798446655,0.9999293088912964,0.5264447927474976,0.2879783511161804,-0.3352774679660797,0.9999274015426636,0.5558425784111023,0.2855142056941986,-0.2517942786216736,0.9997818470001221,0.5265462398529053,0.29489123821258545,-0.23520717024803162,0.9998758435249329,0.544748842716217,0.311524897813797,-0.3143256902694702,0.9999746680259705,0.5334923267364502,0.3144722282886505,-0.3099716305732727,0.9999754428863525,0.5928585529327393,0.3754882514476776,-0.1661733239889145,0.9999254941940308,0.5124081969261169,0.3824978172779083,-0.18096362054347992,0.9999122619628906,0.5957656502723694,0.4949786067008972,-0.13732875883579254,0.9870636463165283,0.5102301239967346,0.5012566447257996,-0.16703163087368011,0.9878453612327576,0.5645676255226135,0.5776610374450684,-0.1944119781255722,0.9714985489845276,0.5444908142089844,0.5907585620880127,-0.22090484201908112,0.9555472135543823,0.5582968592643738,0.6069292426109314,-0.22393101453781128,0.9281011819839478,0.5527101755142212,0.6165525317192078,-0.2496529072523117,0.9032207727432251,0.5524224638938904,0.5985029935836792,-0.24084357917308807,0.9308071732521057,0.5568927526473999,0.6093944311141968,-0.26082196831703186,0.9001842141151428,0.5529505610466003,0.5890812873840332,-0.20148710906505585,0.9137729406356812,0.555908739566803,0.6011105179786682,-0.22514203190803528,0.8740094900131226,0.5715805292129517,0.5792828798294067,0.009372260421514511,0.9996894598007202,0.5255820751190186,0.582096517086029,-0.009481241926550865,0.9996777176856995,0.5715521574020386,0.748290479183197,0.026095347478985786,0.9897414445877075,0.5238574147224426,0.7414496541023254,0.017278840765357018,0.9929956197738647,0.572952389717102,0.8794786334037781,0.17398761212825775,0.9918652176856995,0.5193920731544495,0.8812488317489624,0.1603582203388214,0.9911932945251465,0.5653181672096252,0.8941332697868347,0.1829579621553421,0.9317910075187683,0.5223514437675476,0.8929381966590881,0.1695636808872223,0.8174044489860535,0.5847861170768738,0.9372766017913818,0.07870593667030334,0.9865966439247131,0.5249661803245544,0.937747061252594,0.06226949021220207,0.9845470786094666
3166.6666666666697,0.5354198813438416,0.2986084818840027,-0.34901800751686096,0.9999777674674988,0.5391133427619934,0.2824799716472626,-0.3389301300048828,0.9999220967292786,0.5427187085151672,0.2816036343574524,-0.33891505002975464,0.9999209642410278,0.5463992953300476,0.2809114456176758,-0.33892714977264404,0.9999155402183533,0.5308927893638611,0.28598931431770325,-0.3349008858203888,0.999920129776001,0.5281669497489929,0.287386417388916,-0.33496639132499695,0.9999245405197144,0.5258898138999939,0.2886561155319214,-0.3350299596786499,0.9999223947525024,0.5550387501716614,0.2855331003665924,-0.2532311677932739,0.9997720718383789,0.526340126991272,0.2953469455242157,-0.2344740480184555,0.9998657703399658,0.543394923210144,0.31180503964424133,-0.3148954212665558,0.9999734163284302,0.5328493714332581,0.3151431083679199,-0.30982840061187744,0.9999736547470093,0.5926671624183655,0.3755190074443817,-0.16890211403369904,0.9999241828918457,0.5122217535972595,0.3825473189353943,-0.18073326349258423,0.9999116063117981,0.5955268740653992,0.49469125270843506,-0.14262618124485016,0.9872031211853027,0.5101794600486755,0.5012686252593994,-0.16721780598163605,0.9875113368034363,0.5644415020942688,0.5776918530464172,-0.1978345364332199,0.9716136455535889,0.5442779064178467,0.5910043120384216,-0.21987560391426086,0.9549643397331238,0.5582398176193237,0.6069369912147522,-0.22663047909736633,0.9281337857246399,0.5523145794868469,0.6166993975639343,-0.24868585169315338,0.9021881818771362,0.5523658394813538,0.5985048413276672,-0.24332138895988464,0.9308388829231262,0.5565392971038818,0.6094121336936951,-0.2591315805912018,0.8989746570587158,0.5528814792633057,0.5890873670578003,-0.2045212835073471,0.9138340950012207,0.5556091666221619,0.6011549234390259,-0.22390300035476685,0.8726920485496521,0.5711051821708679,0.5783528685569763,0.008723014034330845,0.9996833205223083,0.525385320186615,0.5811755657196045,-0.008829626254737377,0.9996757507324219,0.5712677836418152,0.7478227615356445,0.02643330581486225,0.9896441102027893,0.5233964323997498,0.7414047718048096,0.017333319410681725,0.9930241107940674,0.5727952122688293,0.8795019388198853,0.17252294719219208,0.9917941689491272,0.5193460583686829,0.8813000917434692,0.15941691398620605,0.9911839365959167,0.5652328729629517,0.894219160079956,0.1813434660434723,0.9314585328102112,0.5223605632781982,0.8929678201675415,0.16850115358829498,0.8165366649627686,0.584764301776886,0.93728107213974,0.07736022025346756,0.9863819479942322,0.524929404258728,0.9379649758338928,0.0619950070977211,0.9844365119934082
3200.000000000003,0.5346444845199585,0.29887253046035767,-0.34149736166000366,0.9999759793281555,0.5382474660873413,0.282792329788208,-0.33218565583229065,0.9999154806137085,0.5417203903198242,0.28181222081184387,-0.3321668803691864,0.9999150037765503,0.5453273057937622,0.28105437755584717,-0.33217960596084595,0.9999097585678101,0.5302016139030457,0.28649112582206726,-0.32717713713645935,0.999912440776825,0.5276270508766174,0.28786036372184753,-0.32724064588546753,0.9999173879623413,0.5253825187683105,0.28905370831489563,-0.3273073136806488,0.9999146461486816,0.554133415222168,0.28569644689559937,-0.2505400776863098,0.9997590780258179,0.5260683298110962,0.2958758473396301,-0.22761358320713043,0.999849259853363,0.5424090027809143,0.31197449564933777,-0.3092363774776459,0.9999719262123108,0.532293438911438,0.3154276907444,-0.302729994058609,0.9999712109565735,0.5920546054840088,0.3755362927913666,-0.1686900407075882,0.9999239444732666,0.5119646787643433,0.382684588432312,-0.17539232969284058,0.9999095797538757,0.5952727794647217,0.49410879611968994,-0.14170953631401062,0.9874365925788879,0.5100686550140381,0.50131756067276,-0.1611599624156952,0.9869999289512634,0.5644398331642151,0.5775208473205566,-0.19620265066623688,0.9720191955566406,0.5435478091239929,0.5912081003189087,-0.21067972481250763,0.9539706110954285,0.5582385659217834,0.6065105199813843,-0.2247060388326645,0.9288568496704102,0.5516449213027954,0.616797149181366,-0.2385924607515335,0.9005339741706848,0.5523397922515869,0.5980161428451538,-0.2412434071302414,0.9315412044525146,0.5559418797492981,0.609434187412262,-0.24919936060905457,0.8971413373947144,0.5528544783592224,0.5887271761894226,-0.20270422101020813,0.9146280884742737,0.554998517036438,0.6011642217636108,-0.21480201184749603,0.8707363605499268,0.570513904094696,0.5778298377990723,0.007872289046645164,0.9996793866157532,0.5252165198326111,0.5807244777679443,-0.007980432361364365,0.9996733069419861,0.5710205435752869,0.7473741173744202,0.02077200822532177,0.9896542429924011,0.5233188271522522,0.7413764595985413,0.016608325764536858,0.9930240511894226,0.5727828145027161,0.8795046806335449,0.16704876720905304,0.9917437434196472,0.5193217992782593,0.8806671500205994,0.15758967399597168,0.9911259412765503,0.5652510523796082,0.8942221403121948,0.17596925795078278,0.930450439453125,0.5223020911216736,0.8918836116790771,0.1666632443666458,0.8144408464431763,0.5846875905990601,0.937286376953125,0.07179532945156097,0.9861629009246826,0.5248602628707886,0.9379495978355408,0.06081759184598923,0.9842894077301025
3233.3333333333367,0.534137487411499,0.29904651641845703,-0.32791271805763245,0.9999752640724182,0.5376063585281372,0.28310808539390564,-0.318559855222702,0.9999129772186279,0.5409717559814453,0.2820677161216736,-0.3185428977012634,0.9999129772186279,0.5445331931114197,0.28125327825546265,-0.3185526132583618,0.9999080300331116,0.5296631455421448,0.28689199686050415,-0.3137931227684021,0.9999091029167175,0.5271700024604797,0.28823041915893555,-0.3138524293899536,0.9999140501022339,0.5249110460281372,0.28936848044395447,-0.31391870975494385,0.9999108910560608,0.5533091425895691,0.2859569787979126,-0.2374841868877411,0.9997572302818298,0.5256398916244507,0.29635322093963623,-0.21539120376110077,0.9998412132263184,0.5417396426200867,0.3121049404144287,-0.29584962129592896,0.9999715685844421,0.5318402647972107,0.31562772393226624,-0.28956669569015503,0.9999700784683228,0.5911098718643188,0.3755125403404236,-0.15711556375026703,0.9999250173568726,0.5116345882415771,0.38282617926597595,-0.16313137114048004,0.9999083280563354,0.5948046445846558,0.49388474225997925,-0.12750546634197235,0.9876972436904907,0.5099460482597351,0.5013425350189209,-0.14650629460811615,0.9864464998245239,0.5644330382347107,0.5773587226867676,-0.1816946566104889,0.9726324677467346,0.5421893000602722,0.5915260314941406,-0.19704124331474304,0.9530988931655884,0.5582348704338074,0.6062207818031311,-0.20966272056102753,0.9301979541778564,0.5504332184791565,0.6170801520347595,-0.22439445555210114,0.8992713689804077,0.5522982478141785,0.5976008176803589,-0.22683094441890717,0.9328346848487854,0.5550193786621094,0.6094061136245728,-0.2362465262413025,0.8957673907279968,0.5527828931808472,0.5884231925010681,-0.18837982416152954,0.9161345958709717,0.5539966821670532,0.6011279821395874,-0.20167288184165955,0.8693967461585999,0.5698986649513245,0.5773587226867676,0.007242768071591854,0.9996716380119324,0.5250147581100464,0.5801756381988525,-0.007344989106059074,0.9996675848960876,0.570906937122345,0.7473344802856445,0.015375996008515358,0.9896894693374634,0.5231341123580933,0.7413777709007263,0.013062347657978535,0.9930028319358826,0.5727556347846985,0.8795009255409241,0.1544768214225769,0.9916795492172241,0.5193073749542236,0.8807574510574341,0.14495854079723358,0.991049587726593,0.5652433633804321,0.8941936492919922,0.1624719202518463,0.9296633005142212,0.5223134160041809,0.891929566860199,0.15292148292064667,0.8130858540534973,0.5845617651939392,0.9372616410255432,0.0575999952852726,0.9859107136726379,0.5248206853866577,0.937950849533081,0.04662302881479263,0.9841083288192749
3266.66666666667,0.5336169004440308,0.29908832907676697,-0.33416521549224854,0.999974250793457,0.5370582342147827,0.283250093460083,-0.3246084749698639,0.999909520149231,0.5403705835342407,0.28217241168022156,-0.3245912194252014,0.9999101758003235,0.5439363718032837,0.2813257575035095,-0.32460296154022217,0.9999055862426758,0.5291516184806824,0.28706714510917664,-0.31995436549186707,0.999904453754425,0.5267184972763062,0.2883872091770172,-0.32001617550849915,0.999909520149231,0.5244338512420654,0.2894931733608246,-0.32008153200149536,0.9999058246612549,0.5527530312538147,0.2861153483390808,-0.24098238348960876,0.9997538328170776,0.5252731442451477,0.2965242564678192,-0.2203669548034668,0.9998297095298767,0.5411303043365479,0.3121340870857239,-0.30144864320755005,0.9999709725379944,0.5313453078269958,0.31568244099617004,-0.29537180066108704,0.9999685287475586,0.5906237363815308,0.37545254826545715,-0.15980839729309082,0.9999257922172546,0.5113821625709534,0.38302019238471985,-0.1669963002204895,0.9999055862426758,0.5943862795829773,0.4938877820968628,-0.13345502316951752,0.9879562258720398,0.5098584890365601,0.5016298890113831,-0.15143270790576935,0.9857786297798157,0.5637711882591248,0.577337920665741,-0.18505428731441498,0.9731270670890808,0.5416622161865234,0.5922312140464783,-0.20286718010902405,0.9512927532196045,0.557715117931366,0.6061803102493286,-0.21413655579090118,0.9311447143554688,0.5499582886695862,0.6181793808937073,-0.2308117002248764,0.8962310552597046,0.5516208410263062,0.5975522994995117,-0.2316254824399948,0.933734655380249,0.5545113682746887,0.6098123788833618,-0.24225130677223206,0.8925403952598572,0.5519530177116394,0.5884129405021667,-0.1923258900642395,0.9170929789543152,0.5534131526947021,0.6014229655265808,-0.2074013352394104,0.8659329414367676,0.5697745084762573,0.5765193104743958,0.006473285611718893,0.9996665120124817,0.5249021649360657,0.5795549154281616,-0.00657697906717658,0.9996618628501892,0.5708774328231812,0.7472421526908875,0.015611871145665646,0.9897995591163635,0.5229066610336304,0.7415778040885925,0.013536456041038036,0.9930087327957153,0.5726813673973083,0.8794800639152527,0.15974657237529755,0.9916828274726868,0.5193169713020325,0.8805065155029297,0.15014567971229553,0.9910136461257935,0.5652427077293396,0.8940884470939636,0.16839832067489624,0.9288244247436523,0.5224959254264832,0.8913248181343079,0.15873734652996063,0.8117114901542664,0.5843155980110168,0.937256395816803,0.06277124583721161,0.9857908487319946,0.5247752666473389,0.9379643797874451,0.05173468962311745,0.9839974641799927
3300.0000000000036,0.533064067363739,0.29909974336624146,-0.335509330034256,0.9999737739562988,0.5363913774490356,0.28328830003738403,-0.32645973563194275,0.9999081492424011,0.5396411418914795,0.28218168020248413,-0.32643312215805054,0.9999094605445862,0.5432151556015015,0.281326025724411,-0.3264596164226532,0.9999053478240967,0.52853924036026,0.28718191385269165,-0.32159221172332764,0.999902069568634,0.5261415839195251,0.28849661350250244,-0.3216564953327179,0.9999071359634399,0.5238112807273865,0.2895945608615875,-0.32171863317489624,0.9999030232429504,0.5522316098213196,0.28612586855888367,-0.2501874566078186,0.9997563362121582,0.5248777866363525,0.2965872287750244,-0.22248516976833344,0.9998228549957275,0.5406361818313599,0.31213510036468506,-0.30414879322052,0.9999707937240601,0.5309041142463684,0.3156880736351013,-0.29701143503189087,0.9999674558639526,0.5904924273490906,0.3754400908946991,-0.17033308744430542,0.9999266266822815,0.5112392902374268,0.3831639289855957,-0.1694827824831009,0.9999034404754639,0.5940762758255005,0.49399974942207336,-0.14681178331375122,0.9882636666297913,0.5097423195838928,0.501961886882782,-0.15478870272636414,0.9849491119384766,0.5629295110702515,0.5773378014564514,-0.1967122107744217,0.9736259579658508,0.5411583781242371,0.5927057266235352,-0.20638036727905273,0.9486222267150879,0.5568914413452148,0.6060386896133423,-0.2246253490447998,0.9319626688957214,0.5494233965873718,0.6191886067390442,-0.23412348330020905,0.8915044069290161,0.5506214499473572,0.5972340703010559,-0.2398826628923416,0.934497594833374,0.5539026856422424,0.6104410886764526,-0.2453988939523697,0.8875731229782104,0.5509251356124878,0.5882214307785034,-0.2024998962879181,0.9177952408790588,0.5526823401451111,0.6018357872962952,-0.2108696848154068,0.8605707883834839,0.5693441033363342,0.5754963755607605,0.005841366946697235,0.999661922454834,0.5245301723480225,0.5783724188804626,-0.005952371284365654,0.9996587038040161,0.5706623196601868,0.7467052936553955,0.016284136101603508,0.9900044798851013,0.522622287273407,0.7417442798614502,0.01441294327378273,0.9931074380874634,0.5726720690727234,0.879427969455719,0.15972326695919037,0.9918246865272522,0.519328236579895,0.8805023431777954,0.15188594162464142,0.9911367297172546,0.5652382969856262,0.8940025568008423,0.16833357512950897,0.9287890791893005,0.5226418375968933,0.8913421630859375,0.160490483045578,0.8120002150535583,0.5840223431587219,0.9372271299362183,0.062468644231557846,0.9858924150466919,0.5247770547866821,0.9379271864891052,0.053510911762714386,0.9841375946998596
3333.333333333337,0.5320726633071899,0.2991158366203308,-0.33665984869003296,0.9999727606773376,0.535449206829071,0.28332337737083435,-0.3283604383468628,0.9999053478240967,0.5386683344841003,0.28218361735343933,-0.3283356726169586,0.9999074339866638,0.5422403812408447,0.2813035249710083,-0.32835718989372253,0.9999036192893982,0.5276787281036377,0.2873421609401703,-0.32288748025894165,0.9998980164527893,0.5253794193267822,0.288644939661026,-0.3229515850543976,0.9999033808708191,0.5230475664138794,0.2897627651691437,-0.32301610708236694,0.9998986721038818,0.5516247153282166,0.28612133860588074,-0.25383272767066956,0.9997542500495911,0.524639904499054,0.2966977655887604,-0.22429707646369934,0.9998142719268799,0.5397738218307495,0.3121364116668701,-0.30567243695259094,0.9999698400497437,0.530286967754364,0.3156909644603729,-0.2982100546360016,0.9999654293060303,0.5903423428535461,0.37536361813545227,-0.1740848422050476,0.9999269843101501,0.5112168788909912,0.38319161534309387,-0.1709737330675125,0.9999014139175415,0.5935268998146057,0.494089812040329,-0.14923804998397827,0.9883777499198914,0.5096339583396912,0.5021429657936096,-0.15649032592773438,0.9841636419296265,0.5618008971214294,0.577347457408905,-0.19707344472408295,0.9738965034484863,0.5407617688179016,0.5938037633895874,-0.20606693625450134,0.9461616277694702,0.5558784008026123,0.6060421466827393,-0.22467325627803802,0.9323380589485168,0.5490770936012268,0.6209864616394043,-0.2327575981616974,0.887047529220581,0.5496875047683716,0.5972207188606262,-0.2399957925081253,0.9348292946815491,0.5535005331039429,0.6119359731674194,-0.24370475113391876,0.8828948736190796,0.5498665571212769,0.5882195234298706,-0.20259390771389008,0.9179254770278931,0.5521442890167236,0.6029137969017029,-0.21040569245815277,0.8555551171302795,0.5692535042762756,0.5739707350730896,0.005677227862179279,0.999660849571228,0.524441123008728,0.576205313205719,-0.00579746114090085,0.9996588826179504,0.5705987811088562,0.7461867332458496,0.01657845266163349,0.9901458024978638,0.522445797920227,0.7414523363113403,0.014939283952116966,0.9931945204734802,0.5726340413093567,0.8794439435005188,0.1545065939426422,0.9919605255126953,0.5193135142326355,0.8787672519683838,0.1506439596414566,0.9912666082382202,0.5652225017547607,0.8940095901489258,0.16248926520347595,0.9288835525512695,0.522639811038971,0.8899712562561035,0.15902850031852722,0.8125487565994263,0.583965539932251,0.9372995495796204,0.05736057087779045,0.9859671592712402,0.5247758626937866,0.9372166395187378,0.05364381521940231,0.9843103289604187
3366.6666666666706,0.5316435098648071,0.29925650358200073,-0.34926557540893555,0.9999714493751526,0.5349711179733276,0.2834475338459015,-0.3406817615032196,0.999901294708252,0.5381923317909241,0.2822110652923584,-0.3406570553779602,0.9999040961265564,0.5417733788490295,0.2813014090061188,-0.340676873922348,0.9999002814292908,0.5272132158279419,0.28767040371894836,-0.33477258682250977,0.9998937249183655,0.5249495506286621,0.28895819187164307,-0.3348430395126343,0.9998993277549744,0.5225577354431152,0.2901490032672882,-0.33492088317871094,0.9998942017555237,0.5512397885322571,0.2861216962337494,-0.2616068720817566,0.9997474551200867,0.524281919002533,0.29710742831230164,-0.23320181667804718,0.9998066425323486,0.5393713116645813,0.3122631907463074,-0.31747856736183167,0.9999687671661377,0.5299212336540222,0.31584131717681885,-0.3096325993537903,0.9999639391899109,0.5900518894195557,0.375411719083786,-0.17863936722278595,0.9999272227287292,0.5111097693443298,0.38317519426345825,-0.1813821941614151,0.9999014735221863,0.5926917791366577,0.4952613115310669,-0.15422867238521576,0.9886088371276855,0.5094355344772339,0.5023115277290344,-0.1715230792760849,0.9840964078903198,0.5596333742141724,0.5781482458114624,-0.20174403488636017,0.9744443893432617,0.5408020615577698,0.595522403717041,-0.2174338698387146,0.9460534453392029,0.5542002320289612,0.6065413355827332,-0.22902730107307434,0.9332852959632874,0.5491251349449158,0.62363600730896,-0.24422940611839294,0.8863532543182373,0.5477324724197388,0.597356379032135,-0.24261191487312317,0.9356667399406433,0.5535272359848022,0.6137619018554688,-0.2537485361099243,0.8820006251335144,0.5476511120796204,0.5885704755783081,-0.20655260980129242,0.9187045693397522,0.5520976185798645,0.604286789894104,-0.22104348242282867,0.8545639514923096,0.5684133172035217,0.5739283561706543,0.005724309012293816,0.9996587634086609,0.5236741304397583,0.5761134624481201,-0.0058390069752931595,0.9996587634086609,0.5705149173736572,0.7461232542991638,0.020397650077939034,0.9900994896888733,0.5222181081771851,0.7417598962783813,0.013823967427015305,0.9931879043579102,0.5727161765098572,0.8793053030967712,0.1570313572883606,0.9919140934944153,0.5194243788719177,0.8787923455238342,0.14887340366840363,0.9912278056144714,0.5652498006820679,0.8937847018241882,0.16562025249004364,0.927997887134552,0.5228613018989563,0.8899185061454773,0.15753629803657532,0.8113288283348083,0.5840038061141968,0.9373000264167786,0.060820337384939194,0.9857872724533081,0.5250155925750732,0.9372057914733887,0.05057911202311516,0.9842725992202759
3400.000000000004,0.5311269164085388,0.2996642589569092,-0.3509644567966461,0.9999700784683228,0.5345177054405212,0.2837684452533722,-0.34234222769737244,0.9998970031738281,0.5377388000488281,0.2824244499206543,-0.34231629967689514,0.9999005794525146,0.5413501262664795,0.28141143918037415,-0.3423348367214203,0.9998967051506042,0.5267847776412964,0.2879903018474579,-0.33655083179473877,0.999889075756073,0.5245459675788879,0.2891785502433777,-0.3366226255893707,0.999894917011261,0.5221138596534729,0.29035764932632446,-0.3367023468017578,0.9998892545700073,0.5509765148162842,0.2863636016845703,-0.26209262013435364,0.9997408986091614,0.524013876914978,0.2972721457481384,-0.23493367433547974,0.9997991919517517,0.5387322306632996,0.31275761127471924,-0.3188963234424591,0.9999676942825317,0.5294256806373596,0.31621500849723816,-0.3112652003765106,0.9999624490737915,0.5896047949790955,0.37569743394851685,-0.17805364727973938,0.9999273419380188,0.5107267498970032,0.3831523656845093,-0.18415826559066772,0.9999018311500549,0.5920237898826599,0.49595338106155396,-0.15352295339107513,0.9888647794723511,0.509174644947052,0.5025971531867981,-0.17499661445617676,0.9841262102127075,0.5587294101715088,0.5786320567131042,-0.20194031298160553,0.9750235080718994,0.5408391952514648,0.5966960787773132,-0.21956394612789154,0.9459666013717651,0.5531075596809387,0.6069427132606506,-0.22930297255516052,0.9342888593673706,0.549131453037262,0.625053346157074,-0.24636048078536987,0.8856821060180664,0.5463468432426453,0.5975344181060791,-0.24263715744018555,0.9365769624710083,0.5534957051277161,0.6151306629180908,-0.25562340021133423,0.8811256289482117,0.5462250113487244,0.588932991027832,-0.20669253170490265,0.919617772102356,0.5519912242889404,0.605286717414856,-0.22299499809741974,0.8535811305046082,0.567635715007782,0.574042558670044,0.0062619722448289394,0.9996552467346191,0.5228295922279358,0.5761375427246094,-0.006389189045876265,0.9996577501296997,0.5702748894691467,0.7461385726928711,0.022238077595829964,0.989949643611908,0.5218449234962463,0.7429077625274658,0.013942202553153038,0.9931638240814209,0.5728402733802795,0.8792292475700378,0.15831208229064941,0.9918044209480286,0.5193463563919067,0.8795347213745117,0.14979812502861023,0.991150975227356,0.5653845071792603,0.8937445878982544,0.1671282798051834,0.9271473288536072,0.5227948427200317,0.8905190229415894,0.15858274698257446,0.8097943067550659,0.5841867327690125,0.9373015761375427,0.061852436512708664,0.9855407476425171,0.5250874757766724,0.9374462962150574,0.05133489891886711,0.9841259121894836
3433.3333333333376,0.5307145118713379,0.29969364404678345,-0.35496997833251953,0.9999688863754272,0.5342358946800232,0.2837677597999573,-0.3459509313106537,0.9998936653137207,0.5374649167060852,0.2824091613292694,-0.34592726826667786,0.9998980164527893,0.5411044359207153,0.28136855363845825,-0.345949649810791,0.9998942613601685,0.52640300989151,0.2879924774169922,-0.3403612971305847,0.999885082244873,0.524135947227478,0.2891768217086792,-0.3404322862625122,0.9998910427093506,0.5216524600982666,0.29035595059394836,-0.3405097424983978,0.9998847246170044,0.5507127642631531,0.2863709032535553,-0.264054536819458,0.9997366666793823,0.5235329866409302,0.29726797342300415,-0.23799753189086914,0.9997910857200623,0.5382736325263977,0.31282973289489746,-0.32238444685935974,0.9999667406082153,0.5289815664291382,0.31627196073532104,-0.3150407373905182,0.9999608397483826,0.5891149044036865,0.3762073814868927,-0.17976626753807068,0.9999265670776367,0.5102407932281494,0.3830733001232147,-0.18652978539466858,0.9998995661735535,0.5913869142532349,0.49650484323501587,-0.15616613626480103,0.9890267252922058,0.5089452266693115,0.5029041767120361,-0.17693489789962769,0.9838967323303223,0.5583747029304504,0.578965961933136,-0.20480354130268097,0.975192666053772,0.5408737659454346,0.5975223183631897,-0.2211604118347168,0.9448215365409851,0.5523691773414612,0.6073806881904602,-0.23211301863193512,0.9342727065086365,0.54913729429245,0.6256879568099976,-0.2481013685464859,0.883234441280365,0.5454285144805908,0.597618043422699,-0.24534311890602112,0.9365156292915344,0.5534473657608032,0.6159470081329346,-0.25726479291915894,0.8784223198890686,0.545527994632721,0.5890793800354004,-0.20959216356277466,0.9194257855415344,0.5518483519554138,0.6059358716011047,-0.22458456456661224,0.8505556583404541,0.5667954683303833,0.5740967392921448,0.006312491372227669,0.9996531009674072,0.5219320058822632,0.5762227177619934,-0.006438890937715769,0.9996552467346191,0.5700857639312744,0.7461369633674622,0.022367946803569794,0.9899827241897583,0.5213019251823425,0.7443279027938843,0.01706131361424923,0.9931935667991638,0.5730400681495667,0.8792287707328796,0.15927264094352722,0.9918340444564819,0.5193665623664856,0.8798475861549377,0.15584531426429749,0.9911854863166809,0.5659419298171997,0.8937771916389465,0.16831357777118683,0.9270212650299072,0.5229213237762451,0.8910554647445679,0.16498097777366638,0.8096438050270081,0.5844420790672302,0.9372602701187134,0.0626155212521553,0.9854907989501953,0.5251207947731018,0.9376453161239624,0.05690515786409378,0.9841355681419373
3466.666666666671,0.5302830338478088,0.29969489574432373,-0.3536647856235504,0.9999681115150452,0.5338389277458191,0.28366026282310486,-0.3446316421031952,0.9998911619186401,0.5371031165122986,0.2822296917438507,-0.3446096181869507,0.9998961091041565,0.5407512784004211,0.28112122416496277,-0.34463053941726685,0.9998922348022461,0.5258580446243286,0.28796008229255676,-0.33923450112342834,0.9998819828033447,0.5235065817832947,0.2891371250152588,-0.33930444717407227,0.9998881220817566,0.5209793448448181,0.29032251238822937,-0.3393804430961609,0.9998811483383179,0.5503140091896057,0.2861727178096771,-0.26285117864608765,0.9997336864471436,0.5227057933807373,0.29716455936431885,-0.23785266280174255,0.9997851848602295,0.537870466709137,0.31283077597618103,-0.3211350440979004,0.999966025352478,0.5285645723342896,0.31627336144447327,-0.31407254934310913,0.9999596476554871,0.5885938405990601,0.3765421211719513,-0.1792675107717514,0.9999259114265442,0.5096083879470825,0.38274887204170227,-0.18639497458934784,0.9998980164527893,0.5909531116485596,0.49686697125434875,-0.15482205152511597,0.989189088344574,0.5084571242332458,0.5030354857444763,-0.17645563185214996,0.9837130308151245,0.5582650303840637,0.578964352607727,-0.2047005146741867,0.9753925800323486,0.5408319234848022,0.5976911783218384,-0.22108028829097748,0.9438005089759827,0.5517671704292297,0.6075723767280579,-0.23120035231113434,0.9343334436416626,0.5490738749504089,0.6257167458534241,-0.24791671335697174,0.880951464176178,0.5446704030036926,0.5976195335388184,-0.24336014688014984,0.9365416765213013,0.5532845854759216,0.6162951588630676,-0.2572855055332184,0.8759075999259949,0.5449647307395935,0.5890827178955078,-0.2087201178073883,0.919392466545105,0.5515627264976501,0.6062533855438232,-0.22457869350910187,0.8479575514793396,0.5662500858306885,0.5741297602653503,0.006079586688429117,0.9996442198753357,0.5212779641151428,0.5762349367141724,-0.006204575300216675,0.9996464252471924,0.5698800683021545,0.7448540925979614,0.02229238860309124,0.9898291230201721,0.5211111903190613,0.7443246245384216,0.01739305444061756,0.9930332899093628,0.5733177065849304,0.8790636658668518,0.15810780227184296,0.9917187094688416,0.5197511315345764,0.879887580871582,0.15502676367759705,0.9909564256668091,0.5668440461158752,0.8937482833862305,0.1663263887166977,0.9261964559555054,0.5232756733894348,0.8911564350128174,0.16390851140022278,0.806948721408844,0.5849239230155945,0.9370983839035034,0.06072719395160675,0.9851801991462708,0.5251210927963257,0.9378537535667419,0.056253474205732346,0.9836964011192322
3500.0000000000045,0.5300982594490051,0.29962196946144104,-0.3532426059246063,0.9999680519104004,0.5336930751800537,0.2834008038043976,-0.34433838725090027,0.9998905658721924,0.5369858145713806,0.28195807337760925,-0.34431540966033936,0.9998958706855774,0.5406555533409119,0.2808653712272644,-0.34433624148368835,0.999891996383667,0.5256335735321045,0.2877103090286255,-0.33889323472976685,0.9998810291290283,0.5232296586036682,0.28887447714805603,-0.3389621675014496,0.9998872876167297,0.5206608176231384,0.29007968306541443,-0.33903637528419495,0.9998800158500671,0.5501893758773804,0.2860442101955414,-0.26311543583869934,0.999737024307251,0.5220637917518616,0.2969188094139099,-0.23780009150505066,0.9997844099998474,0.5376529693603516,0.3128206729888916,-0.3208600580692291,0.9999663829803467,0.5282817482948303,0.31621676683425903,-0.3137357532978058,0.9999598860740662,0.5882311463356018,0.3768050968647003,-0.18070922791957855,0.9999269843101501,0.5089452862739563,0.3824390470981598,-0.18575255572795868,0.9998982548713684,0.5906978845596313,0.4970114231109619,-0.15573051571846008,0.9895052313804626,0.5076349973678589,0.5030779242515564,-0.17511463165283203,0.9838727116584778,0.5578305721282959,0.5791260600090027,-0.2040211707353592,0.9759578108787537,0.5406867861747742,0.5979739427566528,-0.22085918486118317,0.944021999835968,0.5512655377388,0.6082473397254944,-0.23084072768688202,0.9352735877037048,0.5490179061889648,0.6262185573577881,-0.24756042659282684,0.880835771560669,0.5438998937606812,0.5978789925575256,-0.2430141717195511,0.9374061822891235,0.5532436370849609,0.617026686668396,-0.2566176652908325,0.8756970167160034,0.5441166162490845,0.5894110202789307,-0.20864318311214447,0.9204055070877075,0.5514427423477173,0.6067852973937988,-0.2244766652584076,0.8480074405670166,0.566015899181366,0.5742312669754028,0.005356070585548878,0.9996405839920044,0.5207879543304443,0.5762770175933838,-0.00548240402713418,0.9996416568756104,0.5697826743125916,0.7450485229492188,0.018395474180579185,0.9899532198905945,0.5206082463264465,0.7454565763473511,0.018746251240372658,0.9929792881011963,0.5733908414840698,0.8788435459136963,0.1597195714712143,0.9916779398918152,0.5199176669120789,0.8800272345542908,0.15864424407482147,0.9907710552215576,0.567206084728241,0.8934066891670227,0.16779235005378723,0.9249338507652283,0.5233758091926575,0.8911257982254028,0.1678951382637024,0.8043864965438843,0.5850884914398193,0.9370197653770447,0.062326330691576004,0.9849750995635986,0.5248429179191589,0.9381021857261658,0.060470741242170334,0.9833643436431885
3533.333333333338,0.530072808265686,0.29950597882270813,-0.35918885469436646,0.9999685883522034,0.5335401892662048,0.28316622972488403,-0.34990552067756653,0.9998925924301147,0.5368738770484924,0.2817157208919525,-0.3498830497264862,0.999897837638855,0.5405576229095459,0.280633807182312,-0.349904328584671,0.9998940825462341,0.5253164768218994,0.28751271963119507,-0.34480828046798706,0.9998831152915955,0.5228142142295837,0.28870171308517456,-0.34487754106521606,0.9998891353607178,0.5201768279075623,0.2899477481842041,-0.3449471890926361,0.9998819828033447,0.5499732494354248,0.28592103719711304,-0.2664465308189392,0.9997443556785583,0.5212158560752869,0.29686370491981506,-0.2426881343126297,0.9997889399528503,0.5377112627029419,0.3127634525299072,-0.325937956571579,0.999967098236084,0.5281729102134705,0.31613191962242126,-0.31926506757736206,0.999960720539093,0.5879372358322144,0.3769185245037079,-0.1825198233127594,0.9999279975891113,0.5084108710289001,0.38235539197921753,-0.18935267627239227,0.9998984932899475,0.590411901473999,0.497146338224411,-0.15748944878578186,0.9896559715270996,0.5066900849342346,0.5033650994300842,-0.17970699071884155,0.9839609861373901,0.5572956800460815,0.5793728828430176,-0.20490321516990662,0.9759716987609863,0.5405317544937134,0.5982463359832764,-0.22584642469882965,0.9433432221412659,0.5506631135940552,0.6090002655982971,-0.23204563558101654,0.9349768161773682,0.5488751530647278,0.6265929937362671,-0.2532775104045868,0.8790239095687866,0.5431338548660278,0.5981177091598511,-0.2446061223745346,0.9370452165603638,0.5531042814254761,0.6174430847167969,-0.26219063997268677,0.8736955523490906,0.5432813167572021,0.5896747708320618,-0.20960696041584015,0.9199634790420532,0.5512085556983948,0.6071532368659973,-0.22927847504615784,0.8458519577980042,0.5657384991645813,0.5743662118911743,0.005296321120113134,0.9996412992477417,0.5201953649520874,0.576318085193634,-0.005420221481472254,0.9996404051780701,0.5697036385536194,0.7453927993774414,0.018671032041311264,0.9901221990585327,0.5202710032463074,0.7454196214675903,0.0193824153393507,0.9930185675621033,0.5733832716941833,0.8786742687225342,0.16405156254768372,0.9917379021644592,0.5196095705032349,0.8803807497024536,0.16102337837219238,0.9907976984977722,0.5671789646148682,0.893284797668457,0.17293627560138702,0.9245977401733398,0.5230880975723267,0.891657292842865,0.17044994235038757,0.8043822050094604,0.5850992798805237,0.9370119571685791,0.0657690167427063,0.9850013256072998,0.5244518518447876,0.9382543563842773,0.06219814345240593,0.9833905100822449
3566.6666666666715,0.5300714373588562,0.2994023263454437,-0.3653446435928345,0.9999700784683228,0.5333988666534424,0.28298401832580566,-0.3560080826282501,0.999897837638855,0.5367611646652222,0.28153422474861145,-0.3559805452823639,0.9999027252197266,0.5404685139656067,0.2804573178291321,-0.35600191354751587,0.9998992681503296,0.5250424146652222,0.28735214471817017,-0.35112810134887695,0.9998889565467834,0.522467315196991,0.28856196999549866,-0.3512010872364044,0.9998946189880371,0.5197744965553284,0.2898379862308502,-0.3512642979621887,0.9998878836631775,0.5497567653656006,0.28586068749427795,-0.27188578248023987,0.9997577667236328,0.5205633044242859,0.2968337833881378,-0.24938051402568817,0.9998000264167786,0.5377829074859619,0.3127223551273346,-0.33187639713287354,0.9999686479568481,0.5281025767326355,0.3160812258720398,-0.32552570104599,0.9999626278877258,0.5876428484916687,0.3770703375339508,-0.18623289465904236,0.9999299645423889,0.5078007578849792,0.38241004943847656,-0.19500266015529633,0.9999009370803833,0.590235710144043,0.49721211194992065,-0.15902282297611237,0.9898425936698914,0.5056124925613403,0.5039255023002625,-0.18510480225086212,0.9842429161071777,0.556560218334198,0.5795431733131409,-0.20448876917362213,0.9761154055595398,0.539772093296051,0.5985609889030457,-0.22910453379154205,0.9432705640792847,0.5499762892723083,0.6096624135971069,-0.23169927299022675,0.9349462389945984,0.5483141541481018,0.6271473169326782,-0.2562476396560669,0.8782487511634827,0.5423955321311951,0.5984612703323364,-0.2445494830608368,0.9369542598724365,0.5526118874549866,0.6180828809738159,-0.26471561193466187,0.8727775812149048,0.5423867106437683,0.5899141430854797,-0.20928238332271576,0.9198532700538635,0.5506125092506409,0.6076356172561646,-0.23222234845161438,0.8448970317840576,0.565500795841217,0.5743723511695862,0.005337997805327177,0.9996476173400879,0.5197926163673401,0.5762811899185181,-0.005461915861815214,0.9996463656425476,0.5696117281913757,0.7459284067153931,0.01895108073949814,0.9903589487075806,0.5201250910758972,0.7453799247741699,0.020064763724803925,0.9931275248527527,0.573370635509491,0.8786743879318237,0.16412967443466187,0.9918572306632996,0.5194392800331116,0.8804829120635986,0.16062785685062408,0.9909198880195618,0.5671592354774475,0.8932820558547974,0.17317567765712738,0.9248967170715332,0.5228028893470764,0.891970694065094,0.16995984315872192,0.8051571249961853,0.585150420665741,0.9369892477989197,0.06690464913845062,0.9851231575012207,0.5242268443107605,0.9382714629173279,0.062178339809179306,0.9835422039031982
3600.000000000005,0.5297728180885315,0.2994078993797302,-0.36413857340812683,0.9999716281890869,0.5329475402832031,0.2829793095588684,-0.3547811210155487,0.9999032616615295,0.5363436341285706,0.28151223063468933,-0.3547540009021759,0.9999078512191772,0.5400835871696472,0.28041595220565796,-0.3547748625278473,0.9999046325683594,0.5244991183280945,0.28734973073005676,-0.34995296597480774,0.9998947381973267,0.5218685865402222,0.288558691740036,-0.35002461075782776,0.9999000430107117,0.519178032875061,0.2898344099521637,-0.35008665919303894,0.9998936057090759,0.549310564994812,0.28584444522857666,-0.2708214819431305,0.9997718930244446,0.5199156999588013,0.2968277931213379,-0.24865111708641052,0.9998111128807068,0.5376613736152649,0.3127223551273346,-0.33075398206710815,0.9999703764915466,0.5278341770172119,0.31608185172080994,-0.32448938488960266,0.9999645948410034,0.5870904922485352,0.37713348865509033,-0.18571776151657104,0.9999327659606934,0.5073553323745728,0.3824409544467926,-0.19431403279304504,0.9999035596847534,0.5898100733757019,0.4972061216831207,-0.15797211229801178,0.9900848269462585,0.5048184990882874,0.5041564702987671,-0.18403567373752594,0.9844793081283569,0.5557796359062195,0.579741358757019,-0.2032938450574875,0.97651606798172,0.538989245891571,0.5988131761550903,-0.22779271006584167,0.943158745765686,0.5495061278343201,0.6103315949440002,-0.23009181022644043,0.9355934262275696,0.5475752353668213,0.6281391978263855,-0.2548160254955292,0.8775349855422974,0.5418593883514404,0.5987697243690491,-0.24267390370368958,0.9375314712524414,0.5519629716873169,0.619422972202301,-0.26364612579345703,0.8719221949577332,0.5418198108673096,0.5900406837463379,-0.20778974890708923,0.9205467700958252,0.5499436855316162,0.6087185144424438,-0.23104268312454224,0.8441015481948853,0.5651689767837524,0.5745498538017273,0.0053642624989151955,0.9996560215950012,0.5193842649459839,0.5763756036758423,-0.005488543305546045,0.9996528625488281,0.5693025588989258,0.7473534941673279,0.018919726833701134,0.9906398057937622,0.519963264465332,0.7460970282554626,0.02103964239358902,0.9932560324668884,0.5729641318321228,0.8787738084793091,0.16527678072452545,0.9920192360877991,0.5193586945533752,0.8804906010627747,0.16203837096691132,0.9910465478897095,0.5668043494224548,0.8932940363883972,0.17465157806873322,0.9257157444953918,0.5227900147438049,0.8919326663017273,0.17145715653896332,0.8062765598297119,0.5850730538368225,0.9372286796569824,0.06946882605552673,0.9853331446647644,0.5240545272827148,0.938266396522522,0.06455691903829575,0.9837380051612854
3633.3333333333385,0.529455304145813,0.29941409826278687,-0.36639198660850525,0.9999731183052063,0.532481849193573,0.2829754650592804,-0.3569852411746979,0.9999082684516907,0.5358935594558716,0.28148865699768066,-0.35695797204971313,0.9999125599861145,0.5396490097045898,0.28037434816360474,-0.35697922110557556,0.9999096393585205,0.5239498019218445,0.2873470187187195,-0.35226285457611084,0.9999001026153564,0.5212777853012085,0.28855642676353455,-0.352334588766098,0.999904990196228,0.5185856223106384,0.28983163833618164,-0.3523939251899719,0.9998988509178162,0.5488001108169556,0.2858198285102844,-0.272286981344223,0.9997848272323608,0.519228994846344,0.29682400822639465,-0.2506640553474426,0.99982088804245,0.5374823212623596,0.3127215504646301,-0.33269089460372925,0.9999719858169556,0.5275545120239258,0.31608277559280396,-0.32657963037490845,0.9999664425849915,0.5864125490188599,0.37713268399238586,-0.1868756115436554,0.9999356865882874,0.5068891048431396,0.38243183493614197,-0.19498379528522491,0.9999060034751892,0.5892887711524963,0.4970681071281433,-0.15815159678459167,0.9903008937835693,0.5040455460548401,0.5042486786842346,-0.1836596429347992,0.9845676422119141,0.5551245212554932,0.5799102187156677,-0.20319555699825287,0.9768619537353516,0.5379327535629272,0.5988506078720093,-0.22794252634048462,0.9426203370094299,0.5489879250526428,0.6107856035232544,-0.23007673025131226,0.9361836910247803,0.5466066598892212,0.6282827854156494,-0.2549819350242615,0.8762351274490356,0.5414556264877319,0.599364697933197,-0.24281056225299835,0.9380683302879333,0.5510888695716858,0.6200948357582092,-0.26414090394973755,0.87053382396698,0.5413314700126648,0.5903016924858093,-0.20778585970401764,0.9211776256561279,0.5490609407424927,0.6093514561653137,-0.23138217628002167,0.8427228331565857,0.5648064017295837,0.5745990872383118,0.005383719224482775,0.999664843082428,0.5188871622085571,0.5764350891113281,-0.005507670342922211,0.9996592402458191,0.5689045190811157,0.7476463913917542,0.019060702994465828,0.9908612966537476,0.5196497440338135,0.7465270757675171,0.02156272530555725,0.993338942527771,0.5726521015167236,0.878741979598999,0.17067363858222961,0.9921345114707947,0.5191290378570557,0.880407989025116,0.1656128615140915,0.9911400675773621,0.5664628744125366,0.8931119441986084,0.18069101870059967,0.9261890053749084,0.5226332545280457,0.8915351629257202,0.17544205486774445,0.8071863055229187,0.5848995447158813,0.937286913394928,0.07603054493665695,0.9854925870895386,0.5237088203430176,0.9383013844490051,0.06878449767827988,0.9838972091674805
3666.666666666672,0.5289143919944763,0.29942697286605835,-0.3663173019886017,0.9999744892120361,0.531908392906189,0.2829659879207611,-0.3572990298271179,0.999912679195404,0.5353248715400696,0.2814408540725708,-0.3572712242603302,0.9999167919158936,0.5390949845314026,0.28028878569602966,-0.3572896122932434,0.9999140501022339,0.5232723355293274,0.28734514117240906,-0.3523417115211487,0.9999048113822937,0.5205358266830444,0.28856104612350464,-0.352413535118103,0.9999094605445862,0.5178611278533936,0.28983357548713684,-0.35247161984443665,0.9999035596847534,0.5482777953147888,0.2857150733470917,-0.2743796408176422,0.9997963309288025,0.5185672640800476,0.2968149483203888,-0.2516750693321228,0.9998294115066528,0.5371273756027222,0.3127240836620331,-0.33322373032569885,0.9999733567237854,0.5270954966545105,0.316092312335968,-0.32682517170906067,0.9999679923057556,0.5857319235801697,0.37709563970565796,-0.1911429613828659,0.9999379515647888,0.5063451528549194,0.3824220299720764,-0.1947750449180603,0.9999075531959534,0.5886954069137573,0.4970093369483948,-0.1603989601135254,0.9904240965843201,0.5034449696540833,0.5044259428977966,-0.18247857689857483,0.9845544695854187,0.5545060038566589,0.5800360441207886,-0.20309366285800934,0.9769394993782043,0.5370721817016602,0.598910927772522,-0.22718004882335663,0.9418604969978333,0.5484746694564819,0.6115216016769409,-0.2298819124698639,0.936233401298523,0.5458032488822937,0.6283586025238037,-0.25428837537765503,0.8746518492698669,0.5410751104354858,0.6005828380584717,-0.24266889691352844,0.9380804896354675,0.5501948595046997,0.6207162141799927,-0.26355037093162537,0.868907630443573,0.5408474802970886,0.5909307599067688,-0.2077587991952896,0.9212555885314941,0.5482355952262878,0.6101324558258057,-0.23068560659885406,0.8412416577339172,0.5645712614059448,0.5744957327842712,0.004302913788706064,0.999670684337616,0.5184996724128723,0.5764685869216919,-0.004428460728377104,0.9996622800827026,0.568450927734375,0.7471494078636169,0.01799798384308815,0.9910785555839539,0.5195578932762146,0.7464319467544556,0.02352921850979328,0.9934166669845581,0.5725096464157104,0.8784556984901428,0.16890530288219452,0.9922478795051575,0.5190648436546326,0.8798452615737915,0.16577307879924774,0.9912049174308777,0.5663673281669617,0.892643928527832,0.1788000464439392,0.9261829853057861,0.5225875377655029,0.8904123902320862,0.1754186451435089,0.8081961870193481,0.5844604969024658,0.9372740983963013,0.0749220922589302,0.985614538192749,0.5233899354934692,0.9382585883140564,0.07012950628995895,0.983991801738739
3700.0000000000055,0.5283086895942688,0.2992996871471405,-0.37149614095687866,0.9999759793281555,0.5312525629997253,0.2827884554862976,-0.36184394359588623,0.9999176859855652,0.5346976518630981,0.28114187717437744,-0.3618137538433075,0.9999215602874756,0.5384783148765564,0.2798931300640106,-0.36183080077171326,0.9999189972877502,0.5224648118019104,0.2873353958129883,-0.35722053050994873,0.9999101758003235,0.519676148891449,0.2885642647743225,-0.35729435086250305,0.9999145269393921,0.5170186758041382,0.2898413836956024,-0.35735321044921875,0.9999089241027832,0.5476828813552856,0.2852059006690979,-0.2765450179576874,0.9998084902763367,0.5177980661392212,0.2968236207962036,-0.2552837133407593,0.9998389482498169,0.5368506908416748,0.3125295639038086,-0.33763736486434937,0.9999749064445496,0.5266324281692505,0.31602412462234497,-0.33166590332984924,0.9999697804450989,0.5849811434745789,0.37711039185523987,-0.1912878304719925,0.9999405741691589,0.5058934092521667,0.382560133934021,-0.19921426475048065,0.9999101758003235,0.5882753133773804,0.49700504541397095,-0.1606394201517105,0.9905459880828857,0.5030117630958557,0.5049225687980652,-0.1870606541633606,0.9846298098564148,0.5540534257888794,0.5801420211791992,-0.20409822463989258,0.9771305322647095,0.5363576412200928,0.5991833209991455,-0.231598898768425,0.9416895508766174,0.5480197668075562,0.6121249198913574,-0.23089832067489624,0.9365522265434265,0.5446447134017944,0.6285915374755859,-0.2587088644504547,0.8742709159851074,0.5408338904380798,0.6016618013381958,-0.24405929446220398,0.938351035118103,0.548978865146637,0.6212518215179443,-0.2687024176120758,0.8684595823287964,0.5406027436256409,0.5916089415550232,-0.20888973772525787,0.9215762615203857,0.5472015142440796,0.6107998490333557,-0.23544922471046448,0.8408427834510803,0.5638945698738098,0.57469242811203,0.0045254407450556755,0.999682605266571,0.5177469849586487,0.5772663950920105,-0.004659411963075399,0.9996720552444458,0.5682293772697449,0.7472583055496216,0.018602265045046806,0.9913751482963562,0.5194104909896851,0.7466177940368652,0.023776428773999214,0.9935756325721741,0.5723302960395813,0.8785796761512756,0.17547550797462463,0.9924773573875427,0.5190845727920532,0.8798615336418152,0.17260867357254028,0.9914003610610962,0.5661899447441101,0.8927369117736816,0.1858178824186325,0.9275059103965759,0.5226405262947083,0.8904409408569336,0.1829969733953476,0.8104011416435242,0.5842991471290588,0.9375166296958923,0.08089563995599747,0.9860063195228577,0.5233386754989624,0.9382680654525757,0.07704363763332367,0.9843654036521912
3733.333333333339,0.5274468064308167,0.29922282695770264,-0.3699832260608673,0.9999768733978271,0.5304602384567261,0.2827658951282501,-0.3602549433708191,0.9999208450317383,0.5338752865791321,0.28107771277427673,-0.3602283298969269,0.9999246597290039,0.5376222729682922,0.279780775308609,-0.3602456748485565,0.9999222755432129,0.5217153429985046,0.28734180331230164,-0.35550937056541443,0.9999133944511414,0.518936038017273,0.2886071801185608,-0.35558176040649414,0.9999175071716309,0.5163317322731018,0.289897084236145,-0.3556424081325531,0.9999120235443115,0.5470096468925476,0.2851656675338745,-0.275247186422348,0.99981689453125,0.5172809362411499,0.2969435751438141,-0.25342288613319397,0.9998437166213989,0.5362322330474854,0.312459260225296,-0.33633047342300415,0.999975860118866,0.5259777903556824,0.31599295139312744,-0.33017250895500183,0.9999707341194153,0.5841687917709351,0.3771103620529175,-0.1907995343208313,0.9999423027038574,0.5055173635482788,0.382870078086853,-0.1975095272064209,0.9999097585678101,0.587884247303009,0.49693721532821655,-0.16154102981090546,0.9906666278839111,0.5024742484092712,0.505033552646637,-0.18549266457557678,0.9844141602516174,0.5538795590400696,0.5801490545272827,-0.20625877380371094,0.9773253202438354,0.5356084108352661,0.599187970161438,-0.2310670167207718,0.9407793879508972,0.5476806163787842,0.6123389601707458,-0.23312494158744812,0.9369489550590515,0.5434318780899048,0.6285938024520874,-0.2585192024707794,0.8727315068244934,0.5406391024589539,0.6023365259170532,-0.24730785191059113,0.9387105107307434,0.5477620959281921,0.621432900428772,-0.26863864064216614,0.8668689131736755,0.5404490828514099,0.5921421647071838,-0.21135888993740082,0.922012984752655,0.5462058186531067,0.6110284328460693,-0.23503533005714417,0.8392190933227539,0.5629257559776306,0.574708878993988,0.004147603642195463,0.9996869564056396,0.5168581604957581,0.5773369073867798,-0.004280381835997105,0.999674916267395,0.5678908228874207,0.7468172311782837,0.02018996886909008,0.9915342330932617,0.5189687609672546,0.7463904023170471,0.025202201679348946,0.9936174154281616,0.5723402500152588,0.8784478306770325,0.17586177587509155,0.992588222026825,0.519126296043396,0.8801931142807007,0.1712927520275116,0.9914820194244385,0.5662497282028198,0.8925414681434631,0.18586106598377228,0.9276322722434998,0.5226700305938721,0.8912650942802429,0.18123586475849152,0.8117625713348389,0.5839477777481079,0.937064528465271,0.08011329174041748,0.9861485958099365,0.5233491659164429,0.9383362531661987,0.0747709646821022,0.9844914674758911
3766.6666666666724,0.5266675353050232,0.2991677224636078,-0.388101190328598,0.9999777674674988,0.5296465754508972,0.2827640473842621,-0.37793099880218506,0.9999240040779114,0.5330260396003723,0.2810513377189636,-0.3779037594795227,0.9999275803565979,0.536699116230011,0.27970626950263977,-0.37791863083839417,0.9999253749847412,0.520970344543457,0.2873832881450653,-0.3732987642288208,0.9999167919158936,0.5181878209114075,0.28870463371276855,-0.3733794391155243,0.9999207258224487,0.5156374573707581,0.2900209426879883,-0.3734435737133026,0.9999155402183533,0.5463434457778931,0.28514260053634644,-0.29009518027305603,0.9998236894607544,0.5166422128677368,0.29730817675590515,-0.26878899335861206,0.999849259853363,0.5356117486953735,0.3124254643917084,-0.35350874066352844,0.9999768137931824,0.5253601670265198,0.3159898817539215,-0.3475097417831421,0.999971866607666,0.583331823348999,0.3770912289619446,-0.20185011625289917,0.999944269657135,0.5048731565475464,0.38344788551330566,-0.20947951078414917,0.9999110102653503,0.5874487161636353,0.49665164947509766,-0.17112737894058228,0.9906811118125916,0.5017327666282654,0.505416989326477,-0.19648821651935577,0.9845035672187805,0.5539731383323669,0.5801408290863037,-0.21953019499778748,0.9772902131080627,0.5348601937294006,0.5992413759231567,-0.24655096232891083,0.9409507513046265,0.547544538974762,0.6125538349151611,-0.24709948897361755,0.9368778467178345,0.5424695611000061,0.6285786628723145,-0.2753022611141205,0.8730132579803467,0.5405541062355042,0.6030181646347046,-0.2625363767147064,0.9385976195335388,0.5466782450675964,0.6216404438018799,-0.2856689691543579,0.8671569228172302,0.5403976440429688,0.592835009098053,-0.22521881759166718,0.9218748807907104,0.5452038645744324,0.6113308072090149,-0.2507266700267792,0.8395111560821533,0.5624948143959045,0.574491024017334,0.004116210155189037,0.9996960163116455,0.5162645578384399,0.577346682548523,-0.0042497520335018635,0.9996820688247681,0.5678040981292725,0.7453365921974182,0.0218873992562294,0.9915809035301208,0.5185501575469971,0.7456526756286621,0.024832816794514656,0.9935224056243896,0.5724211931228638,0.8784437775611877,0.18347078561782837,0.9925615787506104,0.519087016582489,0.8795193433761597,0.17368850111961365,0.9913771152496338,0.5666449069976807,0.8925455212593079,0.19416561722755432,0.9264373183250427,0.5223521590232849,0.8906797766685486,0.18419738113880157,0.8104716539382935,0.5839483141899109,0.9369379878044128,0.08669467270374298,0.9860837459564209,0.5232353806495667,0.9382760524749756,0.07625129818916321,0.9843773245811462
3800.000000000006,0.5260627865791321,0.29915595054626465,-0.3869943618774414,0.99997878074646,0.529038667678833,0.282762348651886,-0.3769538998603821,0.9999274015426636,0.5324220061302185,0.2810431122779846,-0.3769250810146332,0.9999307990074158,0.5360698699951172,0.2796812653541565,-0.3769383132457733,0.9999287724494934,0.5203182101249695,0.287390798330307,-0.3722294867038727,0.9999204277992249,0.5174892544746399,0.28873053193092346,-0.37230727076530457,0.9999241828918457,0.5149461627006531,0.2900485396385193,-0.37236759066581726,0.9999191761016846,0.5458081960678101,0.2851422429084778,-0.2898850739002228,0.9998316168785095,0.5158821940422058,0.2974814176559448,-0.2682493031024933,0.9998552203178406,0.5350002646446228,0.3124324679374695,-0.3527109920978546,0.9999778270721436,0.5247010588645935,0.31600818037986755,-0.346609890460968,0.9999730587005615,0.5827518701553345,0.3771275281906128,-0.20307786762714386,0.9999461770057678,0.5041041374206543,0.38388246297836304,-0.20916254818439484,0.999911904335022,0.5869613885879517,0.4965340495109558,-0.17278194427490234,0.9907354116439819,0.5012391805648804,0.5056682229042053,-0.19606032967567444,0.9844217896461487,0.553638219833374,0.5801357626914978,-0.2197168618440628,0.9773268103599548,0.5343523621559143,0.5992335081100464,-0.24501332640647888,0.9404018521308899,0.5469222664833069,0.6126269698143005,-0.24719053506851196,0.9368911385536194,0.5417187213897705,0.6285527944564819,-0.2732605040073395,0.8720069527626038,0.5399787425994873,0.6031543612480164,-0.26203790307044983,0.9385743141174316,0.5458633899688721,0.6216114163398743,-0.2835105061531067,0.8660978078842163,0.5398455858230591,0.5929784178733826,-0.22514165937900543,0.9218431115150452,0.5444374680519104,0.6113667488098145,-0.24913331866264343,0.8383681178092957,0.5621461868286133,0.5744837522506714,0.004068815615028143,0.9997046589851379,0.5157213807106018,0.5774679780006409,-0.004203657619655132,0.9996882677078247,0.5675070881843567,0.7449216842651367,0.023106491193175316,0.9917033910751343,0.518253743648529,0.7453204989433289,0.025946427136659622,0.9935420155525208,0.5724028944969177,0.8784356713294983,0.18319156765937805,0.9926596879959106,0.5186587572097778,0.8793107271194458,0.17748230695724487,0.9914335012435913,0.5666396021842957,0.8925425410270691,0.19360962510108948,0.9264875054359436,0.5218433141708374,0.8902462720870972,0.18815317749977112,0.8111721277236938,0.5838932394981384,0.9369094371795654,0.08633366227149963,0.9862508773803711,0.5228446125984192,0.9383082985877991,0.08078707009553909,0.984524130821228
3833.3333333333394,0.5255197286605835,0.2991512417793274,-0.3836493492126465,0.9999797940254211,0.5285378098487854,0.2827607989311218,-0.3737525939941406,0.9999307990074158,0.5319546461105347,0.2810294032096863,-0.3737232983112335,0.9999339580535889,0.5356307625770569,0.27963849902153015,-0.37373465299606323,0.9999321103096008,0.5197505950927734,0.2874072194099426,-0.3689045310020447,0.9999240636825562,0.5168924927711487,0.288770467042923,-0.3689802885055542,0.9999276399612427,0.5143543481826782,0.2900923788547516,-0.36903923749923706,0.9999228715896606,0.5453652739524841,0.28512078523635864,-0.28755104541778564,0.9998393654823303,0.5152682662010193,0.2976430058479309,-0.2653959095478058,0.9998612999916077,0.5345173478126526,0.3124479353427887,-0.34971633553504944,0.9999788403511047,0.5241571068763733,0.31604641675949097,-0.3434532582759857,0.999974250793457,0.5823022127151489,0.3771301805973053,-0.20150552690029144,0.9999479651451111,0.5033732652664185,0.3840864896774292,-0.20687614381313324,0.9999128580093384,0.5865522027015686,0.49622204899787903,-0.17111268639564514,0.9908284544944763,0.5006667375564575,0.5060569643974304,-0.19366806745529175,0.9844527244567871,0.5534734725952148,0.5800551176071167,-0.21759416162967682,0.9775118231773376,0.5338640809059143,0.5992306470870972,-0.24202793836593628,0.940321683883667,0.5465480089187622,0.6126191020011902,-0.24494238197803497,0.9372578859329224,0.5412037968635559,0.6285082697868347,-0.26997461915016174,0.8717606067657471,0.5395728945732117,0.6031766533851624,-0.2594830393791199,0.9388906359672546,0.5453314185142517,0.6215594410896301,-0.28005272150039673,0.8658230900764465,0.5394783616065979,0.5930418372154236,-0.22287480533123016,0.9222462177276611,0.5439246892929077,0.6113570332527161,-0.24604693055152893,0.8381550908088684,0.5619639754295349,0.5744398832321167,0.003988598473370075,0.9997110962867737,0.515410304069519,0.5774824023246765,-0.0041236127726733685,0.9996917247772217,0.567062497138977,0.7443047165870667,0.023032523691654205,0.9917852282524109,0.518097996711731,0.7446327209472656,0.02681712433695793,0.9935263395309448,0.5721218585968018,0.878387987613678,0.18123991787433624,0.9926934242248535,0.5184523463249207,0.8792188167572021,0.1775999665260315,0.9914132952690125,0.5664893984794617,0.8925091624259949,0.1914418339729309,0.9261574745178223,0.5217044353485107,0.8898974061012268,0.1881268471479416,0.811058759689331,0.5836912989616394,0.9368918538093567,0.08458266407251358,0.986312985420227,0.522614061832428,0.9383049011230469,0.08126401901245117,0.9845262169837952
3866.666666666673,0.5249214172363281,0.29915404319763184,-0.3851672410964966,0.999980628490448,0.5280037522315979,0.28278353810310364,-0.37547236680984497,0.9999336004257202,0.5314508676528931,0.2810381054878235,-0.3754447102546692,0.999936580657959,0.5351706147193909,0.2796366810798645,-0.37545880675315857,0.9999349117279053,0.5191691517829895,0.28742143511772156,-0.37041112780570984,0.9999269843101501,0.5162839889526367,0.2887977361679077,-0.37048548460006714,0.9999303817749023,0.5137255787849426,0.29012104868888855,-0.3705432116985321,0.9999257922172546,0.5449215173721313,0.2852005958557129,-0.2901095747947693,0.9998456835746765,0.5146231055259705,0.29777297377586365,-0.26703283190727234,0.999865710735321,0.5338934659957886,0.3125455379486084,-0.3515337407588959,0.9999796152114868,0.523483157157898,0.31613418459892273,-0.34503206610679626,0.9999752044677734,0.5816553831100464,0.3774225413799286,-0.20517991483211517,0.9999492764472961,0.5028061866760254,0.3842372000217438,-0.20716851949691772,0.9999130964279175,0.5859938263893127,0.49621108174324036,-0.17500633001327515,0.9908377528190613,0.4999607801437378,0.5060962438583374,-0.19306039810180664,0.9843300580978394,0.553411602973938,0.5798846483230591,-0.2209579199552536,0.9775446057319641,0.5329090356826782,0.5993278622627258,-0.24291887879371643,0.9398918151855469,0.5463677048683167,0.6126093864440918,-0.2478797435760498,0.9374314546585083,0.540411651134491,0.6285529732704163,-0.2709159851074219,0.87107914686203,0.5393152236938477,0.6031578183174133,-0.2627612352371216,0.9390245079994202,0.5445870757102966,0.6216854453086853,-0.2811358869075775,0.865120530128479,0.5392402410507202,0.5930361151695251,-0.22625204920768738,0.9223989844322205,0.543124258518219,0.6114927530288696,-0.24706348776817322,0.8375382423400879,0.5616229772567749,0.5743091702461243,0.0032583181746304035,0.9997180104255676,0.5150091648101807,0.5774489045143127,-0.003393001388758421,0.9996959567070007,0.5668436884880066,0.7439514994621277,0.02204793132841587,0.991865336894989,0.5178482532501221,0.7440231442451477,0.026663240045309067,0.9935219883918762,0.571895182132721,0.8783388137817383,0.18018017709255219,0.9927555322647095,0.5184582471847534,0.8785013556480408,0.1760365068912506,0.9914759993553162,0.5663734078407288,0.8924015164375305,0.1902090609073639,0.9261919260025024,0.5217296481132507,0.8890802264213562,0.18645423650741577,0.8126092553138733,0.5834779143333435,0.9367784261703491,0.08355794847011566,0.9864206910133362,0.5224218368530273,0.9381994605064392,0.08006789535284042,0.9846624732017517
3900.0000000000064,0.5243574976921082,0.29920029640197754,-0.3870276212692261,0.9999816417694092,0.5274109840393066,0.2828325629234314,-0.37754014134407043,0.9999369978904724,0.5308663845062256,0.28106722235679626,-0.37751051783561707,0.9999397397041321,0.5346190929412842,0.27964332699775696,-0.3775271773338318,0.9999381899833679,0.5185351371765137,0.2874560058116913,-0.3725993037223816,0.9999306797981262,0.515623927116394,0.2888436019420624,-0.3726726770401001,0.9999338388442993,0.5130488872528076,0.290168434381485,-0.3727298676967621,0.9999294877052307,0.5444287061691284,0.2852177321910858,-0.2915479838848114,0.9998537302017212,0.5138712525367737,0.2978512644767761,-0.26899898052215576,0.9998722672462463,0.5332233309745789,0.31267839670181274,-0.3529464900493622,0.9999806880950928,0.5228528380393982,0.3162941336631775,-0.3465951979160309,0.9999765157699585,0.5809863805770874,0.3774257302284241,-0.2050275355577469,0.9999513030052185,0.5021033883094788,0.3842231333255768,-0.20842239260673523,0.9999150633811951,0.5850608944892883,0.49606725573539734,-0.17359212040901184,0.990916907787323,0.49891218543052673,0.5063132047653198,-0.19423484802246094,0.9844768047332764,0.5529588460922241,0.5799161195755005,-0.2192266434431076,0.9778570532798767,0.5321633219718933,0.5997348427772522,-0.2434033751487732,0.9405787587165833,0.5458962321281433,0.6128171682357788,-0.24621857702732086,0.9382154941558838,0.5399370789527893,0.6288657784461975,-0.2712043523788452,0.8723000288009644,0.5386490225791931,0.6032902598381042,-0.2609296441078186,0.9397497773170471,0.5441482663154602,0.6223313808441162,-0.281406432390213,0.8664267063140869,0.5385514497756958,0.5932483673095703,-0.22446182370185852,0.9232608079910278,0.5425480604171753,0.6121373176574707,-0.2474573701620102,0.8391384482383728,0.5610830783843994,0.5743066668510437,0.0032359480392187834,0.9997261762619019,0.5144777894020081,0.5774539113044739,-0.003373716026544571,0.999701201915741,0.5667930841445923,0.7447491884231567,0.02093696780502796,0.992011308670044,0.5175920724868774,0.7442075610160828,0.028531083837151527,0.9935316443443298,0.5718293786048889,0.878337562084198,0.18090973794460297,0.99281907081604,0.5186570286750793,0.8785024881362915,0.18100740015506744,0.9915169477462769,0.5663203001022339,0.8923288583755493,0.1915614753961563,0.9263620972633362,0.5219663977622986,0.8890809416770935,0.1919344961643219,0.8138914704322815,0.5833293199539185,0.9367203712463379,0.08587097376585007,0.9865478873252869,0.5224156379699707,0.9383410811424255,0.08670751750469208,0.9847790002822876
3933.33333333334,0.5234412550926208,0.29932671785354614,-0.3844250440597534,0.9999824166297913,0.5266335606575012,0.28293102979660034,-0.37490126490592957,0.9999396800994873,0.5300930142402649,0.2811338007450104,-0.3748722970485687,0.9999422430992126,0.5338646769523621,0.2796710431575775,-0.3748885691165924,0.999940812587738,0.5177200436592102,0.2875423729419708,-0.3699670732021332,0.9999335408210754,0.5148061513900757,0.28893426060676575,-0.37004050612449646,0.9999364614486694,0.5122343301773071,0.2902565598487854,-0.3700990676879883,0.9999322891235352,0.5438392162322998,0.2852681875228882,-0.2894138693809509,0.9998603463172913,0.5131188631057739,0.297938734292984,-0.26671355962753296,0.9998769760131836,0.532268226146698,0.31294113397598267,-0.3505023717880249,0.9999815821647644,0.5219438076019287,0.31653040647506714,-0.34414932131767273,0.9999775886535645,0.5801728963851929,0.3777117133140564,-0.20348253846168518,0.999953031539917,0.5011316537857056,0.38418206572532654,-0.20720651745796204,0.9999164938926697,0.5841163992881775,0.49605345726013184,-0.17222388088703156,0.9909804463386536,0.49791622161865234,0.5064298510551453,-0.19395169615745544,0.9844311475753784,0.5524737238883972,0.5799776315689087,-0.21824686229228973,0.978085994720459,0.5313550233840942,0.5998401045799255,-0.24239934980869293,0.9406656622886658,0.5453985929489136,0.6130822896957397,-0.2456851452589035,0.938793420791626,0.5392250418663025,0.6289475560188293,-0.2704256772994995,0.8725571632385254,0.5381113886833191,0.6035398840904236,-0.26057639718055725,0.9402827024459839,0.5433778762817383,0.6224852800369263,-0.280542254447937,0.866757333278656,0.5380058288574219,0.5936040878295898,-0.22360803186893463,0.9239153861999512,0.5417385697364807,0.6122918725013733,-0.24638967216014862,0.8397419452667236,0.5604946613311768,0.5742475986480713,0.003193092765286565,0.999733030796051,0.5136759877204895,0.5774540901184082,-0.0033343133982270956,0.9997050166130066,0.5665929317474365,0.7450171113014221,0.018080001696944237,0.9921311736106873,0.5173094272613525,0.744257390499115,0.02816169336438179,0.9935492277145386,0.5718299150466919,0.8780100345611572,0.18033629655838013,0.9928659200668335,0.5189421772956848,0.8781771063804626,0.18120741844177246,0.9915385842323303,0.5663167834281921,0.8918696641921997,0.19104744493961334,0.9262734651565552,0.5222687721252441,0.8886087536811829,0.19226156175136566,0.8148989081382751,0.5832785367965698,0.9366166591644287,0.08572851121425629,0.9866377115249634,0.5224130153656006,0.9383833408355713,0.08781956881284714,0.9848560690879822
3966.6666666666733,0.5225489735603333,0.29940423369407654,-0.38646775484085083,0.9999831318855286,0.5259183645248413,0.28299397230148315,-0.37735721468925476,0.9999421834945679,0.5293805003166199,0.28117772936820984,-0.37732261419296265,0.9999444484710693,0.5331801772117615,0.27969080209732056,-0.37733593583106995,0.9999431371688843,0.516993522644043,0.28758504986763,-0.37193888425827026,0.9999362826347351,0.5141041874885559,0.28897684812545776,-0.37201234698295593,0.9999390244483948,0.5115345120429993,0.2902955710887909,-0.372069776058197,0.9999351501464844,0.543334424495697,0.285322368144989,-0.2938978970050812,0.9998656511306763,0.5125643014907837,0.29797714948654175,-0.2691428065299988,0.9998816847801208,0.5313699841499329,0.31315651535987854,-0.3533969223499298,0.9999823570251465,0.5211117267608643,0.31670328974723816,-0.3464471399784088,0.9999785423278809,0.5793147683143616,0.37804529070854187,-0.2086648792028427,0.9999540448188782,0.5003083944320679,0.3841843903064728,-0.21042290329933167,0.9999185800552368,0.5829951763153076,0.49613291025161743,-0.17695705592632294,0.9909113645553589,0.4971615672111511,0.5067362785339355,-0.19662700593471527,0.9845267534255981,0.5515673160552979,0.5801644921302795,-0.21915602684020996,0.9779684543609619,0.5309688448905945,0.5999394059181213,-0.2437991052865982,0.9412320852279663,0.5447359085083008,0.6133511662483215,-0.24547700583934784,0.938561201095581,0.5389350056648254,0.6290957927703857,-0.27114593982696533,0.8735965490341187,0.5374680161476135,0.603699266910553,-0.259832501411438,0.939974844455719,0.5430734753608704,0.6228095293045044,-0.2806840240955353,0.867786705493927,0.5373197793960571,0.5937959551811218,-0.2240673154592514,0.9235942363739014,0.541398286819458,0.6126657724380493,-0.24751371145248413,0.8410446643829346,0.5598382949829102,0.5735794305801392,0.0031747736502438784,0.9997416138648987,0.5129285454750061,0.5769731402397156,-0.0033200117759406567,0.9997124671936035,0.5664055347442627,0.7443749308586121,0.015350847505033016,0.9922126531600952,0.5170279741287231,0.7441427111625671,0.027637053281068802,0.9935959577560425,0.5717397332191467,0.877884566783905,0.17684431374073029,0.9929115176200867,0.5192188620567322,0.878069281578064,0.18032585084438324,0.9916393756866455,0.5662261247634888,0.891848087310791,0.18782666325569153,0.9264340400695801,0.5224743485450745,0.8883603811264038,0.19094793498516083,0.816648006439209,0.5832488536834717,0.9364900588989258,0.08417676389217377,0.9867575168609619,0.5224149823188782,0.9384102821350098,0.08554516732692719,0.985074520111084
4000.000000000007,0.521563708782196,0.2994418740272522,-0.3767267167568207,0.9999839663505554,0.5250846743583679,0.28302001953125,-0.36807981133461,0.9999449253082275,0.5285369157791138,0.2811944782733917,-0.3680439591407776,0.9999470114707947,0.5323025584220886,0.27969345450401306,-0.3680518567562103,0.9999458193778992,0.5162543058395386,0.28758949041366577,-0.3625269830226898,0.9999392032623291,0.5134057402610779,0.2889806926250458,-0.36259788274765015,0.9999417662620544,0.5108688473701477,0.29029783606529236,-0.36265045404434204,0.9999380707740784,0.5426085591316223,0.28533118963241577,-0.28761550784111023,0.9998714327812195,0.5119868516921997,0.29793229699134827,-0.26242032647132874,0.9998865127563477,0.5303635001182556,0.31326422095298767,-0.3447921574115753,0.9999831318855286,0.5202776789665222,0.3167804181575775,-0.3377586901187897,0.9999794960021973,0.5782099366188049,0.3781099319458008,-0.20512981712818146,0.9999551177024841,0.49943017959594727,0.3841848075389862,-0.20603767037391663,0.9999198913574219,0.5819827318191528,0.49623897671699524,-0.1701018363237381,0.9908643960952759,0.4964638948440552,0.5068103671073914,-0.19098542630672455,0.9844207167625427,0.5511381030082703,0.5802151560783386,-0.2092597335577011,0.9780088663101196,0.530526876449585,0.5999493598937988,-0.23712244629859924,0.9409776329994202,0.5442686676979065,0.6134112477302551,-0.23420333862304688,0.9387182593345642,0.5384737849235535,0.6290619969367981,-0.26317298412323,0.8731982707977295,0.5370147824287415,0.6037149429321289,-0.24810263514518738,0.9401304125785828,0.5425264239311218,0.6227924823760986,-0.2725425064563751,0.8674174547195435,0.536918580532074,0.5938761830329895,-0.21389342844486237,0.9238303899765015,0.5409061312675476,0.6126490235328674,-0.24073484539985657,0.8409250378608704,0.5589558482170105,0.5730727910995483,0.003195315133780241,0.9997473955154419,0.5122386813163757,0.5765351057052612,-0.0033429977484047413,0.9997162818908691,0.5660719275474548,0.7438573837280273,0.014918669126927853,0.9921904802322388,0.517021656036377,0.742775022983551,0.025035079568624496,0.9935934543609619,0.5716909170150757,0.877871572971344,0.16734792292118073,0.9929205179214478,0.5191676616668701,0.8771299719810486,0.1703311800956726,0.991660475730896,0.5661531686782837,0.8918473124504089,0.17717678844928741,0.9263823628425598,0.5221593379974365,0.8879395723342896,0.18045000731945038,0.8168929219245911,0.5832521915435791,0.9362009167671204,0.0741334781050682,0.9867608547210693,0.5224611759185791,0.9371132254600525,0.07781113684177399,0.9851107001304626
4033.3333333333403,0.5209216475486755,0.2994754910469055,-0.37972211837768555,0.9999848008155823,0.5245651602745056,0.28308796882629395,-0.3709634840488434,0.9999476075172424,0.5279857516288757,0.2812625467777252,-0.3709234297275543,0.9999495148658752,0.5317468047142029,0.27974140644073486,-0.370932936668396,0.9999484419822693,0.5158425569534302,0.28759709000587463,-0.36559221148490906,0.9999422430992126,0.5130124688148499,0.28898435831069946,-0.3656669855117798,0.9999445676803589,0.5104812383651733,0.2902950346469879,-0.3657218813896179,0.9999411702156067,0.5421323776245117,0.28539901971817017,-0.2888632118701935,0.999877393245697,0.5115684270858765,0.2978488802909851,-0.2647618055343628,0.9998919367790222,0.5295428037643433,0.3133627474308014,-0.34722286462783813,0.9999839663505554,0.5196077227592468,0.3168014585971832,-0.3404489755630493,0.9999805688858032,0.5774383544921875,0.3783535063266754,-0.2044820487499237,0.9999562501907349,0.4987295866012573,0.38418224453926086,-0.20857270061969757,0.9999224543571472,0.5811038613319397,0.497171014547348,-0.17023774981498718,0.9908597469329834,0.4961594045162201,0.5070667862892151,-0.19464777410030365,0.9845848083496094,0.5504342317581177,0.5804604887962341,-0.20978005230426788,0.9780759811401367,0.5301436185836792,0.6000973582267761,-0.2391374260187149,0.941411554813385,0.5434654951095581,0.6134886145591736,-0.2351056933403015,0.9388076066970825,0.5380634069442749,0.6291568279266357,-0.26526811718940735,0.8739519715309143,0.5361508727073669,0.6037096381187439,-0.24899712204933167,0.9402031898498535,0.5419557094573975,0.6228904724121094,-0.2744801938533783,0.8682309985160828,0.536126971244812,0.593891978263855,-0.2144913673400879,0.9239736199378967,0.5403129458427429,0.6127878427505493,-0.24268551170825958,0.8420369029045105,0.5579761862754822,0.5731185078620911,0.0038734516128897667,0.9997556805610657,0.5112152695655823,0.5765992999076843,-0.004036851692944765,0.9997251033782959,0.5659404397010803,0.745111346244812,0.015471733175218105,0.9923078417778015,0.5167553424835205,0.7429489493370056,0.025058740749955177,0.9937072992324829,0.5716831088066101,0.8779039978981018,0.17437544465065002,0.9929975867271423,0.5191011428833008,0.87794429063797,0.1737878918647766,0.9917998313903809,0.5661373138427734,0.8918463587760925,0.18529711663722992,0.9266172647476196,0.5220454931259155,0.8887003660202026,0.18449850380420685,0.8179507851600647,0.5832546353340149,0.9360690712928772,0.08259204030036926,0.9869346022605896,0.5226305723190308,0.9371389150619507,0.08090528845787048,0.9853852987289429
4066.666666666674,0.5202735662460327,0.2996065020561218,-0.37553727626800537,0.9999856352806091,0.5239270925521851,0.2832230031490326,-0.36667829751968384,0.9999504685401917,0.5273067355155945,0.28137487173080444,-0.36663684248924255,0.9999521374702454,0.5310286283493042,0.2798120677471161,-0.3666427731513977,0.999951183795929,0.5153082609176636,0.28770095109939575,-0.3613143861293793,0.9999454021453857,0.5125218629837036,0.28907352685928345,-0.361389696598053,0.9999475479125977,0.5100290775299072,0.2903777062892914,-0.36144575476646423,0.9999443292617798,0.5414289236068726,0.28549814224243164,-0.2852683663368225,0.9998837113380432,0.5111912488937378,0.29787933826446533,-0.26123133301734924,0.9998974800109863,0.5289233326911926,0.3135245144367218,-0.343377947807312,0.999984860420227,0.5190672874450684,0.31691205501556396,-0.33661216497421265,0.9999816417694092,0.5769290924072266,0.3792169690132141,-0.20098569989204407,0.9999576210975647,0.4986986815929413,0.3842906951904297,-0.20762315392494202,0.9999248385429382,0.5805715918540955,0.49786344170570374,-0.16504117846488953,0.9908876419067383,0.4957324266433716,0.5073258876800537,-0.19335000216960907,0.9846455454826355,0.5497608780860901,0.5808713436126709,-0.2015673816204071,0.9783636927604675,0.5296120047569275,0.6004632711410522,-0.23551037907600403,0.9420490860939026,0.5427505373954773,0.6135508418083191,-0.22588948905467987,0.9394444823265076,0.5374724268913269,0.6293056011199951,-0.2609940469264984,0.8751964569091797,0.5354292988777161,0.6037285327911377,-0.23906441032886505,0.9408090114593506,0.5413092970848083,0.6230368614196777,-0.27032041549682617,0.8695505261421204,0.5354441404342651,0.5939953923225403,-0.20590785145759583,0.9247716069221497,0.5396600961685181,0.6129468083381653,-0.239047110080719,0.8438337445259094,0.5571203827857971,0.5731423497200012,0.0046046702191233635,0.999764084815979,0.5103355646133423,0.5767775774002075,-0.004783251788467169,0.9997334480285645,0.5658146739006042,0.7454209327697754,0.015709923580288887,0.9923679828643799,0.5164973139762878,0.7430446147918701,0.022606227546930313,0.9938125610351562,0.5716800689697266,0.8780638575553894,0.17325499653816223,0.9930336475372314,0.5190029144287109,0.878020703792572,0.17183451354503632,0.9918850064277649,0.566133439540863,0.8919203877449036,0.1840393990278244,0.926875114440918,0.5219072103500366,0.8887272477149963,0.18268902599811554,0.8187157511711121,0.5832973122596741,0.9360135197639465,0.08254551142454147,0.9870242476463318,0.5227057933807373,0.9370601773262024,0.08057308197021484,0.9855747818946838
4100.000000000007,0.5196982622146606,0.2998344302177429,-0.3733348846435547,0.9999863505363464,0.5233895778656006,0.28350311517715454,-0.36448657512664795,0.9999529123306274,0.5267165303230286,0.2816861867904663,-0.36444616317749023,0.9999544024467468,0.530383825302124,0.2801019549369812,-0.36445581912994385,0.99995356798172,0.5148473978042603,0.2878129482269287,-0.35915523767471313,0.9999480247497559,0.5120896697044373,0.2891428768634796,-0.3592269718647003,0.9999500513076782,0.5096167325973511,0.29042163491249084,-0.35928040742874146,0.9999469518661499,0.5406879782676697,0.2858142852783203,-0.28329816460609436,0.9998894333839417,0.5108044743537903,0.29788342118263245,-0.25931036472320557,0.999902069568634,0.5281578898429871,0.31382203102111816,-0.3411850929260254,0.9999855756759644,0.5184254050254822,0.317060649394989,-0.3344455361366272,0.9999825358390808,0.5761479139328003,0.3796296715736389,-0.19985216856002808,0.9999588131904602,0.49835771322250366,0.38432902097702026,-0.20558522641658783,0.9999266862869263,0.5801782011985779,0.4983552098274231,-0.16501906514167786,0.9910140633583069,0.49512186646461487,0.5074615478515625,-0.1918482929468155,0.9846824407577515,0.5491873621940613,0.5809342861175537,-0.20236751437187195,0.9787108302116394,0.5292224287986755,0.6006285548210144,-0.23358693718910217,0.9427758455276489,0.5419191718101501,0.6135423183441162,-0.2270934134721756,0.9401266574859619,0.5369927883148193,0.6292925477027893,-0.25914424657821655,0.8766371011734009,0.5347057580947876,0.6036324501037598,-0.23996828496456146,0.941447913646698,0.54079669713974,0.6229519844055176,-0.2684195637702942,0.8710400462150574,0.5347992181777954,0.5939638018608093,-0.20660638809204102,0.9255735874176025,0.5391696095466614,0.6129366755485535,-0.23708470165729523,0.8456010222434998,0.5565013885498047,0.5732569694519043,0.004595991689711809,0.99977046251297,0.5095760822296143,0.5772053003311157,-0.004776058252900839,0.9997392892837524,0.5657315850257874,0.746099054813385,0.015306618064641953,0.9925087094306946,0.5163151025772095,0.7440746426582336,0.023516396060585976,0.9939141869544983,0.571786642074585,0.8784879446029663,0.1662127673625946,0.9931730031967163,0.5190576314926147,0.8791437745094299,0.16982005536556244,0.9920563101768494,0.5663098096847534,0.8924009203910828,0.17604593932628632,0.9280003905296326,0.521973192691803,0.8897694945335388,0.18004950881004333,0.8212879300117493,0.5834524035453796,0.9360705614089966,0.0738425925374031,0.9872620105743408,0.5227448344230652,0.9370754957199097,0.07832355797290802,0.9858754277229309
4133.33333333334,0.51937335729599,0.30024075508117676,-0.3751586675643921,0.9999871253967285,0.5229334831237793,0.28383010625839233,-0.3665127158164978,0.9999556541442871,0.5262378454208374,0.28199318051338196,-0.3664693236351013,0.9999569654464722,0.5298722982406616,0.28035327792167664,-0.3664795756340027,0.9999561905860901,0.5143783092498779,0.28808075189590454,-0.36104103922843933,0.9999510645866394,0.5116167664527893,0.28937023878097534,-0.3611135184764862,0.9999529123306274,0.5091382265090942,0.29065319895744324,-0.3611629605293274,0.9999499917030334,0.5400205254554749,0.28600338101387024,-0.28534138202667236,0.9998957514762878,0.5103537440299988,0.298001766204834,-0.26079729199409485,0.9999076128005981,0.5278913974761963,0.3141884207725525,-0.3429989516735077,0.9999864101409912,0.5181513428688049,0.31745705008506775,-0.3360758125782013,0.999983549118042,0.5757264494895935,0.37995442748069763,-0.2009766697883606,0.99996018409729,0.49801716208457947,0.3844735324382782,-0.20570310950279236,0.9999292492866516,0.5798920392990112,0.49890080094337463,-0.16659146547317505,0.991178035736084,0.494486540555954,0.507821261882782,-0.19182731211185455,0.9848144054412842,0.5484460592269897,0.5810152292251587,-0.20366352796554565,0.9790866374969482,0.5287548303604126,0.6008873581886292,-0.2337561547756195,0.9437670111656189,0.541027307510376,0.6135228276252747,-0.22889253497123718,0.9408489465713501,0.5364140272140503,0.6294639706611633,-0.25970134139060974,0.8784450888633728,0.5338523983955383,0.603571891784668,-0.24197180569171906,0.9421080946922302,0.5403398871421814,0.6229848861694336,-0.26907435059547424,0.872934103012085,0.5339393615722656,0.5939342975616455,-0.2081919014453888,0.9263327717781067,0.5387277603149414,0.612991988658905,-0.2373211532831192,0.84781813621521,0.5560531616210938,0.5732715129852295,0.0045483834110200405,0.9997773170471191,0.5090782046318054,0.5775004625320435,-0.0047324663028120995,0.9997463226318359,0.5655910968780518,0.7465847730636597,0.01485022809356451,0.9926760196685791,0.5161058306694031,0.7443805932998657,0.023940347135066986,0.9940245747566223,0.5718222856521606,0.8790159225463867,0.16455993056297302,0.9933099746704102,0.519275426864624,0.8793340921401978,0.1698615550994873,0.9922095537185669,0.5664512515068054,0.892879843711853,0.17432741820812225,0.9287856817245483,0.5223219990730286,0.8899859189987183,0.18010620772838593,0.8239139914512634,0.5838022828102112,0.9365813732147217,0.07172393053770065,0.9874829649925232,0.5227668285369873,0.9371843934059143,0.07834628224372864,0.9861584305763245
4166.666666666673,0.5191763639450073,0.3003736436367035,-0.3768916428089142,0.999987781047821,0.5226681232452393,0.2839882969856262,-0.3683178722858429,0.9999577403068542,0.5259642004966736,0.2821844816207886,-0.3682765066623688,0.9999589323997498,0.5295847654342651,0.280563622713089,-0.3682909309864044,0.9999582171440125,0.5140776634216309,0.28813838958740234,-0.3630375266075134,0.9999533891677856,0.5112764835357666,0.2894027829170227,-0.3631100654602051,0.9999551177024841,0.5087799429893494,0.2906699776649475,-0.363156795501709,0.9999523162841797,0.5395753383636475,0.2862500846385956,-0.2867843508720398,0.9999005794525146,0.5098132491111755,0.29800474643707275,-0.2631095349788666,0.9999119639396667,0.5275666117668152,0.3143700361251831,-0.3445191979408264,0.999987006187439,0.517776608467102,0.31756627559661865,-0.3378560245037079,0.9999843239784241,0.5747320652008057,0.3802458941936493,-0.2019299417734146,0.999961256980896,0.4971246123313904,0.3844662010669708,-0.20681332051753998,0.9999313354492188,0.5796747207641602,0.49935245513916016,-0.1683010458946228,0.9913070797920227,0.49384674429893494,0.5079120993614197,-0.19278660416603088,0.9849962592124939,0.5480614304542542,0.5810437798500061,-0.20446230471134186,0.9792514443397522,0.5281286239624023,0.6010810732841492,-0.23510955274105072,0.9445549249649048,0.5405662059783936,0.613516092300415,-0.22926075756549835,0.9409973621368408,0.5357297658920288,0.6296923160552979,-0.26093345880508423,0.8798651099205017,0.5333228707313538,0.6035676598548889,-0.24276059865951538,0.9422298073768616,0.5398541688919067,0.6231404542922974,-0.2703046202659607,0.8744393587112427,0.5334118008613586,0.5939333438873291,-0.2084331512451172,0.9265121221542358,0.5382109880447388,0.6131241917610168,-0.23864254355430603,0.8495834469795227,0.5554851293563843,0.5733265280723572,0.0043992227874696255,0.9997818470001221,0.5086036920547485,0.5778087377548218,-0.004583301488310099,0.9997500777244568,0.5654974579811096,0.7469329833984375,0.014902498573064804,0.9927264451980591,0.5159972906112671,0.7449261546134949,0.025289218872785568,0.9940420985221863,0.5721604824066162,0.8798437714576721,0.16242025792598724,0.993374228477478,0.5192722678184509,0.8794738054275513,0.16969145834445953,0.9922376871109009,0.5667755603790283,0.8935829401016235,0.17167028784751892,0.9292068481445312,0.5223134756088257,0.8902102708816528,0.1798115074634552,0.8246627449989319,0.5846359133720398,0.9370065331459045,0.06813784688711166,0.9875580668449402,0.5229148268699646,0.9371976852416992,0.07816372066736221,0.9861918091773987
4200.000000000006,0.5185993909835815,0.300515353679657,-0.3718757629394531,0.999988317489624,0.5220412611961365,0.28428518772125244,-0.3629467785358429,0.9999595284461975,0.5252962708473206,0.28250816464424133,-0.36290788650512695,0.9999606013298035,0.5288540124893188,0.28086644411087036,-0.36291980743408203,0.9999598860740662,0.5135218501091003,0.28833454847335815,-0.35792309045791626,0.9999553561210632,0.5107235312461853,0.28956788778305054,-0.3579958975315094,0.9999570250511169,0.5082306265830994,0.2908308207988739,-0.358047753572464,0.9999542832374573,0.538992166519165,0.2866430878639221,-0.28099992871284485,0.9999046921730042,0.5093719959259033,0.2981858253479004,-0.2584479749202728,0.9999158382415771,0.527024507522583,0.31460002064704895,-0.3394206762313843,0.9999875426292419,0.5172608494758606,0.31770044565200806,-0.33307430148124695,0.9999850392341614,0.5735191106796265,0.38039296865463257,-0.1965397745370865,0.9999621510505676,0.49658700823783875,0.3845839500427246,-0.20381279289722443,0.9999334216117859,0.579270601272583,0.49974432587623596,-0.16406673192977905,0.9914425611495972,0.4931744337081909,0.5081118941307068,-0.19082726538181305,0.985186755657196,0.5474207997322083,0.5812480449676514,-0.20229090750217438,0.9795644879341125,0.52744460105896,0.6013646125793457,-0.23408834636211395,0.9454637765884399,0.5399881601333618,0.6135318875312805,-0.22739079594612122,0.9415513277053833,0.5349165797233582,0.6299635171890259,-0.2599140405654907,0.8815068602561951,0.5327270030975342,0.6035741567611694,-0.2398623675107956,0.9427546262741089,0.539170503616333,0.6233541965484619,-0.2695913016796112,0.8761622905731201,0.5327965021133423,0.5940199494361877,-0.20623748004436493,0.9271684885025024,0.5375348925590515,0.6133472919464111,-0.23771797120571136,0.8516681790351868,0.5550137758255005,0.5742856860160828,0.0044983611442148685,0.999783992767334,0.5083362460136414,0.579298198223114,-0.004679936449974775,0.9997528195381165,0.5653564929962158,0.7484846711158752,0.014363660477101803,0.9927443265914917,0.5157815217971802,0.7464205622673035,0.024011991918087006,0.994022786617279,0.5718234777450562,0.8810790181159973,0.1591184139251709,0.993366539478302,0.5192133188247681,0.8811174631118774,0.16409309208393097,0.9922126531600952,0.566632091999054,0.8945496678352356,0.16810141503810883,0.9293450713157654,0.5223556756973267,0.8915639519691467,0.1736167073249817,0.824699342250824,0.5847722291946411,0.937375009059906,0.06414777785539627,0.9875214099884033,0.5230602622032166,0.9375510215759277,0.07046854496002197,0.9861539602279663
4233.333333333339,0.5185276865959167,0.30051299929618835,-0.3722081184387207,0.9999887943267822,0.5219261646270752,0.28430214524269104,-0.36307987570762634,0.9999610781669617,0.5251871347427368,0.28253409266471863,-0.3630436956882477,0.9999620318412781,0.5287790894508362,0.2809142768383026,-0.3630572557449341,0.9999613165855408,0.5133728384971619,0.2883414626121521,-0.35826393961906433,0.9999570846557617,0.5105257034301758,0.2895733118057251,-0.3583364188671112,0.9999586343765259,0.507972002029419,0.2908349633216858,-0.358387291431427,0.999955952167511,0.5387030839920044,0.2868525981903076,-0.2805192172527313,0.9999082088470459,0.5089556574821472,0.2982180714607239,-0.2587026357650757,0.9999192357063293,0.5268956422805786,0.3146185576915741,-0.33955660462379456,0.9999879598617554,0.5170646905899048,0.31770697236061096,-0.3334471881389618,0.9999855756759644,0.5723268985748291,0.38039588928222656,-0.1965986043214798,0.9999626278877258,0.4959847033023834,0.38492152094841003,-0.20382367074489594,0.9999343156814575,0.5786677002906799,0.4999955892562866,-0.16435746848583221,0.9915032982826233,0.49266454577445984,0.5084379315376282,-0.19114573299884796,0.9853218197822571,0.5468456745147705,0.5813398957252502,-0.20306341350078583,0.9795434474945068,0.5270143747329712,0.6017385125160217,-0.23478303849697113,0.9458712339401245,0.5393460392951965,0.6135162115097046,-0.22818639874458313,0.9413272142410278,0.5345515608787537,0.6300721168518066,-0.26062315702438354,0.8822492361068726,0.5321277379989624,0.6035312414169312,-0.2405620515346527,0.9425066709518433,0.5388429760932922,0.6233735680580139,-0.2699350118637085,0.8769458532333374,0.5322091579437256,0.5940219163894653,-0.20707973837852478,0.9269850254058838,0.5372001528739929,0.6134412288665771,-0.23825205862522125,0.8525908589363098,0.5546798706054688,0.5751562714576721,0.004292718134820461,0.999785304069519,0.5082786083221436,0.5806182026863098,-0.004469667095690966,0.9997528791427612,0.5651882290840149,0.7487176656723022,0.013974138535559177,0.9927934408187866,0.515637218952179,0.7465518712997437,0.024506328627467155,0.9939685463905334,0.5714807510375977,0.8811574578285217,0.15878675878047943,0.9933602809906006,0.519286572933197,0.8811576962471008,0.1649598926305771,0.9921442270278931,0.5664053559303284,0.8945571184158325,0.16787703335285187,0.9294945001602173,0.5226104855537415,0.8915758728981018,0.17462342977523804,0.8248318433761597,0.5847838521003723,0.9373705387115479,0.06460625678300858,0.9874714612960815,0.5232079029083252,0.9375573992729187,0.07167601585388184,0.9860177040100098
4266.666666666672,0.5185053944587708,0.3005126714706421,-0.37265101075172424,0.9999890923500061,0.5218784213066101,0.28435656428337097,-0.3633939325809479,0.9999620318412781,0.5251455903053284,0.2826092541217804,-0.3633587062358856,0.9999628663063049,0.5287510752677917,0.28104129433631897,-0.36337223649024963,0.9999621510505676,0.5133273005485535,0.2884175181388855,-0.3586723208427429,0.9999582171440125,0.5104676485061646,0.2896745502948761,-0.35874491930007935,0.9999597668647766,0.507870078086853,0.29096394777297974,-0.35879644751548767,0.9999571442604065,0.5383550524711609,0.2872246205806732,-0.28004878759384155,0.9999099373817444,0.5086817145347595,0.29848310351371765,-0.2593146860599518,0.9999216198921204,0.5267960429191589,0.314639151096344,-0.33986225724220276,0.9999881982803345,0.5169476866722107,0.31771233677864075,-0.3337436318397522,0.999985933303833,0.5713273286819458,0.3804300129413605,-0.1960250586271286,0.9999628067016602,0.49536600708961487,0.38597753643989563,-0.20429293811321259,0.9999346733093262,0.5781440734863281,0.5000824928283691,-0.16305303573608398,0.9914970397949219,0.4922526478767395,0.5085980892181396,-0.1920335590839386,0.9854546189308167,0.5465989708900452,0.5813789367675781,-0.20314472913742065,0.9794405102729797,0.5265918970108032,0.6019341349601746,-0.23720867931842804,0.946248471736908,0.5389600396156311,0.6135047078132629,-0.22832076251506805,0.9409766793251038,0.5340895056724548,0.6301299333572388,-0.26365309953689575,0.8829782605171204,0.5318347811698914,0.6035273671150208,-0.24098452925682068,0.9421587586402893,0.5384636521339417,0.6233837604522705,-0.27311795949935913,0.8777509331703186,0.5319801568984985,0.5940685868263245,-0.20735672116279602,0.9266595244407654,0.536849856376648,0.6135041117668152,-0.24076607823371887,0.8535611033439636,0.5544804930686951,0.5753784775733948,0.00428492296487093,0.999785840511322,0.5083101391792297,0.581176221370697,-0.00446081068366766,0.9997527003288269,0.5650201439857483,0.7487000823020935,0.014706164598464966,0.9928183555603027,0.5156362056732178,0.7467266321182251,0.024524200707674026,0.993898868560791,0.5717345476150513,0.8811355829238892,0.16003815829753876,0.9933555126190186,0.519320547580719,0.8811447024345398,0.16528259217739105,0.9920618534088135,0.5666947960853577,0.8945583701133728,0.1691272109746933,0.9293652772903442,0.5226462483406067,0.8915675282478333,0.17496687173843384,0.8242940902709961,0.585352897644043,0.9373345971107483,0.06542156636714935,0.9873963594436646,0.5235030651092529,0.9376803040504456,0.0720265656709671,0.9858237504959106
4300.0000000000055,0.5183436274528503,0.30048826336860657,-0.3718118667602539,0.99998939037323,0.5216723084449768,0.28436025977134705,-0.36222654581069946,0.9999629855155945,0.5249481797218323,0.2826160192489624,-0.3621944189071655,0.9999638199806213,0.5285623669624329,0.2810783088207245,-0.36220887303352356,0.999963104724884,0.513174295425415,0.2884231209754944,-0.35802945494651794,0.9999591112136841,0.5102909207344055,0.2896850109100342,-0.3581017255783081,0.9999606609344482,0.5076350569725037,0.29097622632980347,-0.3581538200378418,0.9999579787254333,0.537937343120575,0.2874395251274109,-0.2779991328716278,0.9999122023582458,0.5083099603652954,0.2984978258609772,-0.2593176066875458,0.9999234080314636,0.5265192985534668,0.3146410584449768,-0.33865243196487427,0.9999884963035583,0.516692578792572,0.317703515291214,-0.3333157002925873,0.9999862909317017,0.5704439878463745,0.3805108070373535,-0.1942800134420395,0.9999635815620422,0.4946645200252533,0.38599565625190735,-0.20354045927524567,0.9999344944953918,0.577860414981842,0.5001230239868164,-0.1610586941242218,0.9915956258773804,0.4921683669090271,0.5085858106613159,-0.19019149243831635,0.9853848814964294,0.5463065505027771,0.5814297795295715,-0.20293550193309784,0.9796022176742554,0.5262253880500793,0.6019274592399597,-0.23663075268268585,0.9460638761520386,0.5385245680809021,0.6134287714958191,-0.22825142741203308,0.9412807822227478,0.5336068868637085,0.630108118057251,-0.26316678524017334,0.8828810453414917,0.5314635634422302,0.6034830808639526,-0.24097105860710144,0.9424636363983154,0.5379327535629272,0.6233258843421936,-0.27296119928359985,0.8777136206626892,0.5316635370254517,0.5940703749656677,-0.2072097659111023,0.9270776510238647,0.5363518595695496,0.6134255528450012,-0.24036823213100433,0.853537380695343,0.5539728999137878,0.5754530429840088,0.0042828782461583614,0.9997876882553101,0.5079822540283203,0.5813959836959839,-0.0044586677104234695,0.9997515082359314,0.564809262752533,0.7484526634216309,0.015107577666640282,0.9928286671638489,0.5155630111694336,0.7467198967933655,0.024529587477445602,0.9938170909881592,0.5718755125999451,0.8811559081077576,0.16067218780517578,0.9933785796165466,0.5193208456039429,0.8811063766479492,0.16567426919937134,0.9919498562812805,0.5669115781784058,0.8946648240089417,0.1697123795747757,0.92915278673172,0.5226387977600098,0.891535758972168,0.17541180551052094,0.8229132890701294,0.585357666015625,0.9373735189437866,0.064893439412117,0.9873878955841064,0.5237034559249878,0.937688946723938,0.07211849093437195,0.9856352806091309
4333.3333333333385,0.518069326877594,0.3005377948284149,-0.37248334288597107,0.9999895691871643,0.5213138461112976,0.2844667136669159,-0.3623937964439392,0.9999635219573975,0.5246117115020752,0.2827591598033905,-0.36236220598220825,0.9999643564224243,0.5282307267189026,0.28127846121788025,-0.36237621307373047,0.9999635815620422,0.5128486752510071,0.28850263357162476,-0.3588918447494507,0.9999597072601318,0.5099337100982666,0.2897537350654602,-0.35896721482276917,0.9999613165855408,0.5072144269943237,0.2910372316837311,-0.3590220808982849,0.9999586343765259,0.5373952388763428,0.287617564201355,-0.2781514525413513,0.9999131560325623,0.5077816843986511,0.2985471189022064,-0.2602546215057373,0.9999248385429382,0.5260225534439087,0.3147152066230774,-0.33884507417678833,0.9999886751174927,0.516330361366272,0.31774571537971497,-0.33401086926460266,0.9999865293502808,0.5699653029441833,0.38080117106437683,-0.19272518157958984,0.99996417760849,0.49408119916915894,0.3862173557281494,-0.20414134860038757,0.9999352097511292,0.5773797631263733,0.5003077387809753,-0.15888434648513794,0.9916207790374756,0.4919206202030182,0.5085999369621277,-0.19110600650310516,0.9855483770370483,0.5459726452827454,0.5815848112106323,-0.2029959112405777,0.9797256588935852,0.5255924463272095,0.6019654870033264,-0.2387261688709259,0.9468302130699158,0.5382057428359985,0.6134267449378967,-0.22856150567531586,0.9415051341056824,0.5330184102058411,0.6301026344299316,-0.26598355174064636,0.8844248652458191,0.531212568283081,0.6035165190696716,-0.24127785861492157,0.9427107572555542,0.5373366475105286,0.6232880353927612,-0.27653276920318604,0.8793725371360779,0.5314085483551025,0.594140887260437,-0.2074495106935501,0.9273583292961121,0.5357621312141418,0.6133983731269836,-0.24273093044757843,0.8553009033203125,0.5538327693939209,0.5759667158126831,0.004938737489283085,0.9997910857200623,0.5076697468757629,0.5822826027870178,-0.005113477818667889,0.9997546672821045,0.564737856388092,0.7485158443450928,0.016936050727963448,0.9928275942802429,0.5154955387115479,0.7473421692848206,0.024475010111927986,0.9937461018562317,0.5722100734710693,0.8812653422355652,0.16560402512550354,0.9933837056159973,0.5192194581031799,0.8811227679252625,0.16803914308547974,0.991901695728302,0.5672484636306763,0.8947612643241882,0.17489734292030334,0.9290987849235535,0.5225412845611572,0.8916094303131104,0.1780308187007904,0.8224502801895142,0.5855897665023804,0.9374589323997498,0.06815659254789352,0.9873881936073303,0.5237633585929871,0.9378634691238403,0.07251255214214325,0.9856025576591492
4366.6666666666715,0.5179502964019775,0.3005635738372803,-0.3726874887943268,0.9999896883964539,0.5211649537086487,0.28451210260391235,-0.3626498878002167,0.9999639987945557,0.5244539380073547,0.2828079164028168,-0.36261799931526184,0.9999647736549377,0.5280536413192749,0.281345009803772,-0.3626323342323303,0.9999639391899109,0.5127202868461609,0.28859490156173706,-0.3590434193611145,0.9999601244926453,0.5097880959510803,0.28985610604286194,-0.3591184914112091,0.999961793422699,0.5070145726203918,0.29117539525032043,-0.3591731786727905,0.9999590516090393,0.5369274020195007,0.28769195079803467,-0.27737241983413696,0.9999141097068787,0.507453203201294,0.2986976206302643,-0.2602810561656952,0.9999257922172546,0.5257477164268494,0.3147211968898773,-0.33895617723464966,0.9999887943267822,0.5160927176475525,0.3177666962146759,-0.3341502547264099,0.9999867081642151,0.5695244669914246,0.38108009099960327,-0.1916569620370865,0.9999645352363586,0.49373504519462585,0.3862791657447815,-0.2041158378124237,0.9999350905418396,0.576705276966095,0.5008951425552368,-0.15796838700771332,0.9916072487831116,0.4916902780532837,0.5086821913719177,-0.19109614193439484,0.9855861663818359,0.5455578565597534,0.5820745825767517,-0.2029857635498047,0.9796793460845947,0.5250887870788574,0.6021853685379028,-0.23881593346595764,0.9471046924591064,0.5379501581192017,0.6134338974952698,-0.22874815762043,0.9413625597953796,0.5325632095336914,0.6301054358482361,-0.2661338448524475,0.885090172290802,0.5310353636741638,0.6036615371704102,-0.24149130284786224,0.942585825920105,0.5369359254837036,0.6232855916023254,-0.27694791555404663,0.8801328539848328,0.531235933303833,0.5944106578826904,-0.20759230852127075,0.9272048473358154,0.5353352427482605,0.6134339570999146,-0.24292680621147156,0.8560976386070251,0.5536738634109497,0.5761885046958923,0.005182434804737568,0.9997938871383667,0.5073153972625732,0.5826167464256287,-0.005357862915843725,0.9997563362121582,0.5646365284919739,0.7487683892250061,0.015822434797883034,0.9929306507110596,0.5151475667953491,0.7473993301391602,0.02381436713039875,0.9937195777893066,0.5719583034515381,0.8813176155090332,0.16555532813072205,0.9934489727020264,0.5192157626152039,0.8811294436454773,0.16833600401878357,0.9918964505195618,0.5669443607330322,0.8948341608047485,0.17487260699272156,0.9293819069862366,0.5225517749786377,0.8917069435119629,0.1783786118030548,0.822807788848877,0.5855572819709778,0.9378159046173096,0.06824921071529388,0.9874832630157471,0.5237582325935364,0.9379329085350037,0.07260481268167496,0.9856541156768799
4400.000000000005,0.5177753567695618,0.3004967272281647,-0.36729294061660767,0.9999897480010986,0.5209370851516724,0.28443828225135803,-0.3568539023399353,0.9999642372131348,0.5242211222648621,0.28271228075027466,-0.3568268418312073,0.9999650120735168,0.5278124213218689,0.2812654674053192,-0.3568449914455414,0.9999641180038452,0.5124832987785339,0.2886025011539459,-0.3536071479320526,0.9999603033065796,0.5095518827438354,0.28986141085624695,-0.35367730259895325,0.9999619722366333,0.5067366361618042,0.2911955714225769,-0.35372743010520935,0.9999591708183289,0.536422073841095,0.28765031695365906,-0.2707139253616333,0.9999149441719055,0.5070217847824097,0.29873719811439514,-0.25579389929771423,0.9999265074729919,0.5255297422409058,0.31462615728378296,-0.3333640396595001,0.9999889135360718,0.5158520936965942,0.3177298307418823,-0.32921186089515686,0.9999868273735046,0.5690672993659973,0.3810802102088928,-0.18671411275863647,0.9999650120735168,0.4931440055370331,0.3863756060600281,-0.1999327838420868,0.9999344944953918,0.5765679478645325,0.50087571144104,-0.15373852849006653,0.9916471838951111,0.49145612120628357,0.5086728930473328,-0.18747574090957642,0.9855712056159973,0.5453730821609497,0.5820777416229248,-0.19982001185417175,0.9797695279121399,0.5250818729400635,0.6021865010261536,-0.23618531227111816,0.9471351504325867,0.537875771522522,0.6133610010147095,-0.22612610459327698,0.9415587782859802,0.5325062870979309,0.6298683881759644,-0.263660192489624,0.8853378295898438,0.5309964418411255,0.6036843061447144,-0.2393161505460739,0.9427664875984192,0.5369796752929688,0.6231176853179932,-0.2745552361011505,0.8804153203964233,0.5311955213546753,0.5944553017616272,-0.2046193927526474,0.9274464249610901,0.5354055762290955,0.6133269667625427,-0.2403697520494461,0.8563881516456604,0.5534934401512146,0.5762175917625427,0.005171801429241896,0.999794065952301,0.5072255730628967,0.5827059745788574,-0.005346859805285931,0.999754786491394,0.5645568370819092,0.7487568855285645,0.015286579728126526,0.9930007457733154,0.515061616897583,0.7475733757019043,0.02356570214033127,0.9936883449554443,0.5719649791717529,0.8813653588294983,0.16222602128982544,0.9934595227241516,0.5192185044288635,0.880986750125885,0.1668790727853775,0.9918450713157654,0.5669099688529968,0.8948357701301575,0.17108969390392303,0.929421067237854,0.5226256847381592,0.8916099667549133,0.1766195446252823,0.8229775428771973,0.5856285691261292,0.937860906124115,0.0650438591837883,0.9874392151832581,0.523620069026947,0.9377866983413696,0.07165925204753876,0.9855654239654541
4433.333333333338,0.5171235799789429,0.3003521263599396,-0.36831244826316833,0.9999897480010986,0.5202293395996094,0.28432658314704895,-0.35810863971710205,0.9999642372131348,0.5235117077827454,0.28255146741867065,-0.3580794930458069,0.9999650120735168,0.5271146893501282,0.2810976803302765,-0.3580959439277649,0.9999641180038452,0.5118533372879028,0.2886074483394623,-0.3545941114425659,0.9999601244926453,0.5089874863624573,0.2898671329021454,-0.354665607213974,0.9999618530273438,0.5062194466590881,0.29121679067611694,-0.3547169864177704,0.9999589920043945,0.5358306169509888,0.2875354588031769,-0.27242690324783325,0.9999150633811951,0.5066035985946655,0.2987830340862274,-0.2562895715236664,0.9999261498451233,0.5250101685523987,0.31444212794303894,-0.33451274037361145,0.9999889135360718,0.5153442025184631,0.31763410568237305,-0.3300660252571106,0.9999868273735046,0.5689983367919922,0.3810254633426666,-0.18751586973667145,0.9999651908874512,0.4929269850254059,0.38634416460990906,-0.20006494224071503,0.9999333024024963,0.5765805840492249,0.5007515549659729,-0.15699845552444458,0.9916443228721619,0.4913082420825958,0.5086748600006104,-0.18766909837722778,0.9854029417037964,0.54524827003479,0.5820797681808472,-0.2039492130279541,0.9796152710914612,0.5251589417457581,0.602199375629425,-0.23621341586112976,0.9465410709381104,0.5378087162971497,0.6133336424827576,-0.23048223555088043,0.9411225318908691,0.5325706005096436,0.6298117637634277,-0.26367121934890747,0.8844046592712402,0.5309551358222961,0.6037105321884155,-0.24328087270259857,0.9423152208328247,0.5370604395866394,0.6230971813201904,-0.2745455801486969,0.8794400691986084,0.5311628580093384,0.5944725871086121,-0.20852477848529816,0.926869809627533,0.5354927778244019,0.6133187413215637,-0.24037949740886688,0.8551822900772095,0.5535468459129333,0.5762486457824707,0.004787312354892492,0.9997960329055786,0.5072625875473022,0.5826880931854248,-0.004960246384143829,0.9997541308403015,0.5645354390144348,0.7488306164741516,0.015025983564555645,0.993115246295929,0.5150555968284607,0.7475677132606506,0.025181524455547333,0.9936996102333069,0.5719135999679565,0.8817718029022217,0.16243109107017517,0.9935667514801025,0.5194814801216125,0.8809764981269836,0.170353502035141,0.9919075965881348,0.5667913556098938,0.8950991034507751,0.17138871550559998,0.9298244118690491,0.5232067704200745,0.8916249871253967,0.18031403422355652,0.8243309259414673,0.5856141448020935,0.9383273124694824,0.06546187400817871,0.9876053929328918,0.5236103534698486,0.9377986192703247,0.07665593922138214,0.9857091903686523
4466.666666666671,0.5166199207305908,0.30021628737449646,-0.3686872720718384,0.9999896883964539,0.5196424722671509,0.28417953848838806,-0.35842379927635193,0.9999639987945557,0.5229331851005554,0.2823351323604584,-0.3584015667438507,0.9999647736549377,0.5265524387359619,0.28084543347358704,-0.3584239184856415,0.9999639391899109,0.5112920999526978,0.28860795497894287,-0.3546871244907379,0.9999598860740662,0.5084658861160278,0.28987473249435425,-0.3547540605068207,0.9999616146087646,0.5057265758514404,0.2912256121635437,-0.3548017144203186,0.9999586939811707,0.5354254841804504,0.28726184368133545,-0.2734191119670868,0.9999146461486816,0.5062000155448914,0.2988123893737793,-0.25645318627357483,0.999925434589386,0.5246800184249878,0.31425970792770386,-0.3351987898349762,0.9999887943267822,0.5150136351585388,0.3175574839115143,-0.3304077386856079,0.9999867081642151,0.5690692067146301,0.38102200627326965,-0.19195666909217834,0.999964714050293,0.49284639954566956,0.3863448202610016,-0.20030613243579865,0.9999313354492188,0.5765813589096069,0.5006296038627625,-0.1654551476240158,0.9915863275527954,0.49118950963020325,0.5088604688644409,-0.18785570561885834,0.9851794838905334,0.545203447341919,0.5821508169174194,-0.21137934923171997,0.9792942404747009,0.525217592716217,0.602209210395813,-0.23685356974601746,0.9456616640090942,0.5378333330154419,0.6133952736854553,-0.2377173751592636,0.940394937992096,0.5326378345489502,0.6297808885574341,-0.2644742727279663,0.8830098509788513,0.5309613347053528,0.6040069460868835,-0.2506372332572937,0.9415537714958191,0.5371170043945312,0.6230943202972412,-0.27476438879966736,0.8779763579368591,0.5311680436134338,0.5947107672691345,-0.21588847041130066,0.9259480237960815,0.5355395078659058,0.6133105158805847,-0.2408609390258789,0.8534019589424133,0.5535803437232971,0.5761330723762512,0.003930786624550819,0.99979567527771,0.5072956681251526,0.582595944404602,-0.004093789495527744,0.9997517466545105,0.5645086765289307,0.7488036751747131,0.014940991997718811,0.9931563138961792,0.5150359272956848,0.7470064163208008,0.02526354044675827,0.9937070608139038,0.5718761682510376,0.881840169429779,0.16025257110595703,0.9936059713363647,0.5197127461433411,0.8809692859649658,0.16883054375648499,0.991966962814331,0.5667195916175842,0.8952051401138306,0.1690605729818344,0.9299337267875671,0.5235597491264343,0.8918143510818481,0.17854423820972443,0.8257134556770325,0.5856027007102966,0.938342809677124,0.06354965269565582,0.9876644015312195,0.5237788558006287,0.9378045201301575,0.07580289244651794,0.985805094242096
4500.000000000004,0.5162104368209839,0.30009400844573975,-0.3692254424095154,0.9999898076057434,0.5191996097564697,0.28404805064201355,-0.3591218888759613,0.9999644756317139,0.5224879384040833,0.28213438391685486,-0.35909730195999146,0.999965250492096,0.5261088609695435,0.2805890142917633,-0.3591179847717285,0.9999644160270691,0.510888934135437,0.2886088192462921,-0.3551720678806305,0.9999604821205139,0.5080946087837219,0.2898811995983124,-0.35523971915245056,0.9999621510505676,0.5053800940513611,0.2912360727787018,-0.3552871346473694,0.9999592304229736,0.5351131558418274,0.2869056761264801,-0.273791640996933,0.9999161958694458,0.5059636235237122,0.29883822798728943,-0.25656113028526306,0.9999263882637024,0.5244293808937073,0.31408214569091797,-0.3357902467250824,0.999988853931427,0.5147700309753418,0.3174896538257599,-0.33083540201187134,0.9999868273735046,0.5691759586334229,0.38071170449256897,-0.194272980093956,0.9999642372131348,0.492868572473526,0.3864780068397522,-0.20018550753593445,0.9999299645423889,0.5766168236732483,0.5000574588775635,-0.16667677462100983,0.9916028380393982,0.4911770522594452,0.5091785788536072,-0.18761341273784637,0.9851277470588684,0.5451040267944336,0.5825342535972595,-0.21085461974143982,0.9791180491447449,0.5252532958984375,0.6023383140563965,-0.2341475784778595,0.9455872774124146,0.5377998948097229,0.6135938763618469,-0.23748482763767242,0.9399043917655945,0.532673180103302,0.6297670602798462,-0.2610193192958832,0.882874608039856,0.5309106111526489,0.6043546795845032,-0.25027531385421753,0.9410269856452942,0.5371434092521667,0.6230767965316772,-0.27010577917099,0.8777886033058167,0.5311380624771118,0.5950973033905029,-0.21560312807559967,0.9254480600357056,0.5355504155158997,0.6133002042770386,-0.23768635094165802,0.8530933260917664,0.5536113977432251,0.5759947896003723,0.0030073795933276415,0.9997935891151428,0.5073104500770569,0.582598865032196,-0.0031669267918914557,0.9997475743293762,0.564387857913971,0.7485039830207825,0.013800683431327343,0.9932011365890503,0.5150372982025146,0.7469698786735535,0.02700425125658512,0.9937110543251038,0.5716010332107544,0.8818379640579224,0.15682023763656616,0.9935849905014038,0.5197931528091431,0.881010115146637,0.16755171120166779,0.991955578327179,0.566325306892395,0.8951975703239441,0.16555017232894897,0.929710328578949,0.5238193273544312,0.8921344876289368,0.17694143950939178,0.8262906074523926,0.5855676531791687,0.9383968710899353,0.06130228936672211,0.9875932335853577,0.5237753987312317,0.9378102421760559,0.07509664446115494,0.9857582449913025
4533.333333333337,0.516019880771637,0.30010032653808594,-0.37146785855293274,0.9999896287918091,0.5189298987388611,0.28404924273490906,-0.362087219953537,0.9999638795852661,0.5222154855728149,0.2821318507194519,-0.3620586693286896,0.9999646544456482,0.5258199572563171,0.28057557344436646,-0.36207517981529236,0.9999637603759766,0.5106814503669739,0.28864556550979614,-0.357747882604599,0.9999600648880005,0.5079132318496704,0.28992924094200134,-0.3578204810619354,0.9999618530273438,0.5052025318145752,0.29130056500434875,-0.3578719198703766,0.9999589323997498,0.5348116755485535,0.2868380844593048,-0.2800883650779724,0.9999145865440369,0.5058406591415405,0.29890507459640503,-0.260372132062912,0.9999257326126099,0.5242639780044556,0.31408175826072693,-0.33899763226509094,0.9999884963035583,0.5146496891975403,0.31751081347465515,-0.33349043130874634,0.999986469745636,0.5692662000656128,0.37976089119911194,-0.20021595060825348,0.9999631643295288,0.49284008145332336,0.38672518730163574,-0.2039547860622406,0.9999289512634277,0.5766472220420837,0.49929797649383545,-0.17006386816501617,0.9915459156036377,0.49118632078170776,0.5095528960227966,-0.19129596650600433,0.9852389693260193,0.5449779033660889,0.5832188725471497,-0.21009287238121033,0.978924036026001,0.5255337953567505,0.6028829216957092,-0.23464885354042053,0.9462990760803223,0.5377823710441589,0.6140327453613281,-0.2368599772453308,0.9394925236701965,0.5329719185829163,0.6298876404762268,-0.2610681354999542,0.8841061592102051,0.5309155583381653,0.6047853231430054,-0.24976451694965363,0.9405917525291443,0.5373155474662781,0.6231551170349121,-0.27043089270591736,0.8790412545204163,0.5311450362205505,0.5955245494842529,-0.2148319035768509,0.9250307083129883,0.5357521772384644,0.6135125756263733,-0.23790264129638672,0.8544793725013733,0.5537017583847046,0.5745912194252014,0.00244443048723042,0.9997886419296265,0.5076034069061279,0.5820689797401428,-0.002600118750706315,0.9997423887252808,0.5642573237419128,0.7465865612030029,0.01385011151432991,0.993158757686615,0.5150583386421204,0.7458152174949646,0.027652008458971977,0.9936283230781555,0.5714394450187683,0.8811424970626831,0.15100166201591492,0.9934799671173096,0.5196303129196167,0.8798764944076538,0.16236822307109833,0.991822361946106,0.5661975741386414,0.8946699500083923,0.1590014547109604,0.928521454334259,0.5236893892288208,0.8913578391075134,0.17115606367588043,0.8251688480377197,0.5854955911636353,0.9383155703544617,0.05596696585416794,0.9873215556144714,0.5237656831741333,0.9368807077407837,0.07113398611545563,0.9854830503463745
4566.66666666667,0.5157449841499329,0.30017736554145813,-0.3710285425186157,0.99998939037323,0.5185597538948059,0.28415951132774353,-0.3617703318595886,0.9999629855155945,0.5218242406845093,0.28222087025642395,-0.36174094676971436,0.9999638199806213,0.5253908634185791,0.28062930703163147,-0.36175698041915894,0.9999628663063049,0.5104336142539978,0.28881028294563293,-0.35733288526535034,0.9999591708183289,0.5077067017555237,0.2901152968406677,-0.35740578174591064,0.9999610781669617,0.505024254322052,0.2915154993534088,-0.35745733976364136,0.9999580383300781,0.5344113111495972,0.28684061765670776,-0.2800350785255432,0.9999125003814697,0.5057993531227112,0.2990490794181824,-0.2600520849227905,0.999923825263977,0.5239941477775574,0.31409674882888794,-0.3386904001235962,0.9999880790710449,0.5144800543785095,0.3175709843635559,-0.33303603529930115,0.999985933303833,0.5692124962806702,0.3790861666202545,-0.19965560734272003,0.9999622702598572,0.4927228093147278,0.3870903253555298,-0.2038099765777588,0.9999276995658875,0.5766504406929016,0.4989926517009735,-0.16915534436702728,0.9915229082107544,0.49138936400413513,0.5097671151161194,-0.19069965183734894,0.9851901531219482,0.5447866320610046,0.583820641040802,-0.20836159586906433,0.9788081645965576,0.5256791710853577,0.602959930896759,-0.23311887681484222,0.9465509057044983,0.5376774072647095,0.6142411231994629,-0.23423032462596893,0.939227819442749,0.5330485701560974,0.6298699975013733,-0.25925806164741516,0.884682834148407,0.5308690667152405,0.6049180626869202,-0.24735364317893982,0.9403208494186401,0.5373486280441284,0.6229389905929565,-0.2686116099357605,0.8796331286430359,0.5311123728752136,0.5956764221191406,-0.21294456720352173,0.9247625470161438,0.5358039736747742,0.6133785247802734,-0.23649470508098602,0.8550825119018555,0.5537527203559875,0.5743833184242249,0.002381707541644573,0.9997849464416504,0.5076596140861511,0.5820529460906982,-0.0025361846201121807,0.9997389316558838,0.564184844493866,0.7462517619132996,0.013745862990617752,0.9931562542915344,0.5150585174560547,0.7455569505691528,0.027548138052225113,0.9936197996139526,0.5714272856712341,0.8807851076126099,0.14952479302883148,0.9934433698654175,0.5194090008735657,0.8797569274902344,0.16036850214004517,0.9918022751808167,0.5661746263504028,0.8945032954216003,0.15751172602176666,0.9282873272895813,0.523469090461731,0.8913031220436096,0.16906240582466125,0.8253067135810852,0.5854732990264893,0.9381991028785706,0.05470839515328407,0.987207293510437,0.5237094759941101,0.9363046288490295,0.06904712319374084,0.9853971004486084
4600.000000000003,0.5157046914100647,0.300271213054657,-0.3713250160217285,0.9999890923500061,0.5184535384178162,0.28424322605133057,-0.36201876401901245,0.9999618530273438,0.5217075943946838,0.28227582573890686,-0.3619895875453949,0.9999626874923706,0.5252590775489807,0.2806501090526581,-0.3620060384273529,0.9999616742134094,0.5103811025619507,0.28903356194496155,-0.3576287627220154,0.9999580979347229,0.50766521692276,0.2904056906700134,-0.35770270228385925,0.9999601244926453,0.504966139793396,0.2919292151927948,-0.35775598883628845,0.9999570250511169,0.5342679619789124,0.28684043884277344,-0.2799903154373169,0.9999096989631653,0.5057871341705322,0.29949793219566345,-0.2600495219230652,0.9999220967292786,0.5239900946617126,0.31411078572273254,-0.33881083130836487,0.9999876618385315,0.5144561529159546,0.31768447160720825,-0.33318933844566345,0.9999854564666748,0.5692623853683472,0.37890151143074036,-0.19938799738883972,0.999960720539093,0.4927179217338562,0.38759899139404297,-0.20375749468803406,0.9999264478683472,0.5766546130180359,0.49893492460250854,-0.16789717972278595,0.9913244247436523,0.4915581941604614,0.5098124742507935,-0.19063808023929596,0.9851223230361938,0.5448516011238098,0.583838939666748,-0.20700499415397644,0.9780673384666443,0.5257986187934875,0.6029601693153381,-0.23327766358852386,0.9464940428733826,0.5377142429351807,0.614265501499176,-0.23278182744979858,0.9374872446060181,0.5330594182014465,0.6297609210014343,-0.2595166862010956,0.8846801519393921,0.5309202671051025,0.6049260497093201,-0.2460383027791977,0.938604474067688,0.5373976230621338,0.6227170825004578,-0.2689499855041504,0.8796104192733765,0.5311775803565979,0.5957182049751282,-0.21167238056659698,0.9228338599205017,0.5359066128730774,0.6132139563560486,-0.23673056066036224,0.8548981547355652,0.5540580749511719,0.5745279788970947,0.002405827632173896,0.9997793436050415,0.5078787803649902,0.5825077295303345,-0.0025606851559132338,0.9997330904006958,0.564179003238678,0.7467536330223083,0.013776170089840889,0.9931532144546509,0.5151307582855225,0.7460644245147705,0.027472874149680138,0.993592381477356,0.5712266564369202,0.8808015584945679,0.15002213418483734,0.9934225082397461,0.519545316696167,0.879888653755188,0.16086547076702118,0.9917701482772827,0.5659372806549072,0.8945413827896118,0.15811537206172943,0.9283592700958252,0.5238959789276123,0.8914617896080017,0.1694856584072113,0.8252443075180054,0.5854251980781555,0.9383151531219482,0.05526209995150566,0.9871672987937927,0.5237037539482117,0.9363124966621399,0.06919597089290619,0.9853416085243225
4633.333333333336,0.5157357454299927,0.3005971610546112,-0.3783480226993561,0.9999887943267822,0.5184832811355591,0.28451821208000183,-0.36866939067840576,0.9999606609344482,0.5217332243919373,0.282548189163208,-0.36864036321640015,0.9999614953994751,0.5252841711044312,0.2808555066585541,-0.36865952610969543,0.9999603033065796,0.5104142427444458,0.2893693745136261,-0.36501219868659973,0.9999570846557617,0.5076941847801208,0.2907937467098236,-0.3650890588760376,0.9999592900276184,0.5049887895584106,0.29245200753211975,-0.3651449978351593,0.9999561905860901,0.5342395305633545,0.2868870794773102,-0.28348419070243835,0.9999062418937683,0.5057438015937805,0.30002346634864807,-0.2666460871696472,0.9999213218688965,0.5240169763565063,0.3142823576927185,-0.3444281220436096,0.9999872446060181,0.514476478099823,0.31799042224884033,-0.33976832032203674,0.9999850988388062,0.5692914128303528,0.37855297327041626,-0.19925512373447418,0.9999596476554871,0.49270689487457275,0.388229101896286,-0.20888623595237732,0.9999259114265442,0.5766680836677551,0.49849945306777954,-0.16780684888362885,0.9910448789596558,0.4915776252746582,0.510067880153656,-0.19670526683330536,0.9853015542030334,0.5455504655838013,0.5837495923042297,-0.20723994076251984,0.9771207571029663,0.5264068841934204,0.6029188632965088,-0.24032308161258698,0.9468332529067993,0.5380799174308777,0.6142318844795227,-0.23313112556934357,0.9353277683258057,0.5334174633026123,0.6296380758285522,-0.26728299260139465,0.88519287109375,0.5312427282333374,0.6049062013626099,-0.24666693806648254,0.9364637136459351,0.5378261804580688,0.6226469874382019,-0.2767767608165741,0.8801036477088928,0.5315820574760437,0.5957204699516296,-0.2120594084262848,0.920432448387146,0.5364266633987427,0.6130956411361694,-0.24380572140216827,0.8552727699279785,0.554524302482605,0.5745310187339783,0.0024387689772993326,0.999775767326355,0.5083376169204712,0.5825104117393494,-0.002590997377410531,0.999728798866272,0.5642202496528625,0.7470560669898987,0.015403728932142258,0.9931217432022095,0.5151740312576294,0.7462771534919739,0.02815372683107853,0.9935095310211182,0.5712356567382812,0.880804181098938,0.1538843810558319,0.9933809638023376,0.5195536017417908,0.8798906803131104,0.1649426966905594,0.9916702508926392,0.565936803817749,0.8945549130439758,0.16195081174373627,0.9281536340713501,0.5239830613136292,0.8914698958396912,0.1739794909954071,0.8244373798370361,0.5854243636131287,0.9383857250213623,0.05734900012612343,0.98708176612854,0.52360999584198,0.9362892508506775,0.07216119021177292,0.9851800799369812
4666.666666666669,0.5158398747444153,0.30084294080734253,-0.3780173361301422,0.9999886751174927,0.5184920430183411,0.2847994267940521,-0.3685454726219177,0.9999602437019348,0.5217455625534058,0.28287622332572937,-0.368515282869339,0.9999610781669617,0.5253126621246338,0.2811588644981384,-0.3685339391231537,0.9999597668647766,0.5104726552963257,0.2897098660469055,-0.3643033802509308,0.9999567866325378,0.5078033804893494,0.2912043333053589,-0.3643786609172821,0.9999591112136841,0.5050326585769653,0.29303914308547974,-0.36443379521369934,0.9999560117721558,0.5342293977737427,0.2870083451271057,-0.28205183148384094,0.9999046921730042,0.5057436227798462,0.30080556869506836,-0.2656591534614563,0.9999216198921204,0.5240751504898071,0.3143863081932068,-0.3439860939979553,0.9999870657920837,0.5145055055618286,0.31826990842819214,-0.3392486572265625,0.9999849200248718,0.5693181753158569,0.3785422444343567,-0.19600670039653778,0.9999591708183289,0.4927215278148651,0.3887574076652527,-0.2081296592950821,0.9999254941940308,0.5767969489097595,0.4984301030635834,-0.16173294186592102,0.9908433556556702,0.49164506793022156,0.5102344155311584,-0.1957724541425705,0.9854674935340881,0.5463575720787048,0.5837420225143433,-0.20458269119262695,0.9764496088027954,0.5265750288963318,0.6028972268104553,-0.24007821083068848,0.9470170736312866,0.538583517074585,0.6142338514328003,-0.2306469976902008,0.9338411688804626,0.5335610508918762,0.6295009851455688,-0.2671404182910919,0.8854023814201355,0.531670093536377,0.60489821434021,-0.24487854540348053,0.9350194334983826,0.5380039811134338,0.6222502589225769,-0.2768913507461548,0.8803321719169617,0.5320814847946167,0.5957244634628296,-0.20982012152671814,0.918817400932312,0.5365983247756958,0.612712025642395,-0.24368342757225037,0.8554935455322266,0.5551003813743591,0.5745420455932617,0.0024480700958520174,0.9997723698616028,0.5089876651763916,0.5825040340423584,-0.002602099673822522,0.9997243881225586,0.564358115196228,0.7471311092376709,0.017686894163489342,0.9930618405342102,0.5152924656867981,0.7462975978851318,0.02833491936326027,0.9933934211730957,0.5715354681015015,0.880832314491272,0.15442857146263123,0.9933399558067322,0.5195110440254211,0.8798916935920715,0.16500915586948395,0.9915503859519958,0.5661786794662476,0.8946816921234131,0.16281446814537048,0.9277653694152832,0.5238927006721497,0.8914509415626526,0.1741049736738205,0.8235624432563782,0.585502028465271,0.9383783340454102,0.0581618957221508,0.9869779944419861,0.5235855579376221,0.9362858533859253,0.07209087163209915,0.9849690198898315
4700.000000000002,0.5157357454299927,0.3010912835597992,-0.3714786469936371,0.999988317489624,0.5184041857719421,0.285047322511673,-0.36209022998809814,0.9999588131904602,0.5216476917266846,0.2831403315067291,-0.36206120252609253,0.9999596476554871,0.5251806378364563,0.2813960611820221,-0.3620756268501282,0.9999581575393677,0.5104284882545471,0.2899993360042572,-0.3578592836856842,0.9999553561210632,0.5077742338180542,0.2915540337562561,-0.3579341769218445,0.9999578595161438,0.505005419254303,0.29346534609794617,-0.3579927086830139,0.9999547004699707,0.5340671539306641,0.28712227940559387,-0.27754920721054077,0.9999006986618042,0.5057400465011597,0.30112430453300476,-0.25950556993484497,0.9999195337295532,0.523955225944519,0.314508318901062,-0.33805209398269653,0.9999866485595703,0.5143947005271912,0.3185175955295563,-0.3329191207885742,0.9999845027923584,0.5693914294242859,0.3785347044467926,-0.1927015781402588,0.9999579191207886,0.4927436113357544,0.38881149888038635,-0.20371659100055695,0.9999251961708069,0.576913058757782,0.4983794093132019,-0.15851254761219025,0.9906084537506104,0.4917701780796051,0.5102422833442688,-0.1909918636083603,0.9854941368103027,0.5467389822006226,0.5840728878974915,-0.2005220353603363,0.9756259322166443,0.5273200869560242,0.6019476652145386,-0.2356710135936737,0.9472624063491821,0.5390608310699463,0.6144548058509827,-0.22649231553077698,0.9319416284561157,0.5339863896369934,0.6279715895652771,-0.26273560523986816,0.8859056234359741,0.5322629809379578,0.605239748954773,-0.24083615839481354,0.9331804513931274,0.5383942723274231,0.6212036609649658,-0.27258262038230896,0.8808395862579346,0.5327514410018921,0.5961456298828125,-0.2057797908782959,0.9168201088905334,0.5370926260948181,0.6117251515388489,-0.2393474578857422,0.856037974357605,0.5556122660636902,0.5749284029006958,0.0024636583402752876,0.9997674822807312,0.5094882845878601,0.5825188755989075,-0.002618185942992568,0.9997195601463318,0.5645982623100281,0.7472262382507324,0.01779024861752987,0.992975652217865,0.5154175162315369,0.7465888261795044,0.028306640684604645,0.9933367371559143,0.5723190307617188,0.8808322548866272,0.15544864535331726,0.9932720065116882,0.5195424556732178,0.8801348209381104,0.16510772705078125,0.9914419651031494,0.5667054653167725,0.8946815729141235,0.1637161523103714,0.9273523092269897,0.5239174365997314,0.8914747834205627,0.17423395812511444,0.822564423084259,0.5857352018356323,0.9383779168128967,0.05866016075015068,0.9868448972702026,0.5236503481864929,0.9362923502922058,0.07210108637809753,0.9847851395606995
4733.333333333335,0.5156667828559875,0.30127134919166565,-0.3715745210647583,0.9999879002571106,0.5183706879615784,0.28519943356513977,-0.36215803027153015,0.9999570250511169,0.5215968489646912,0.2833385467529297,-0.362128883600235,0.9999578595161438,0.5250895619392395,0.2816163897514343,-0.36214348673820496,0.9999562501907349,0.5104296207427979,0.29016032814979553,-0.3579341471195221,0.9999536871910095,0.5077879428863525,0.2917545735836029,-0.3580090403556824,0.9999564290046692,0.5050203800201416,0.2937140166759491,-0.3580673635005951,0.9999532103538513,0.5340131521224976,0.2873339056968689,-0.2776488959789276,0.9998950958251953,0.5057905912399292,0.30132099986076355,-0.25949975848197937,0.9999166131019592,0.523851215839386,0.3146728277206421,-0.33808907866477966,0.9999861121177673,0.5143308639526367,0.31871411204338074,-0.33301788568496704,0.9999839663505554,0.5696938037872314,0.37869343161582947,-0.19295935332775116,0.999955952167511,0.4928274154663086,0.38897398114204407,-0.20401935279369354,0.999924898147583,0.5769720077514648,0.4985232353210449,-0.15922577679157257,0.9903867244720459,0.4920388460159302,0.5103012919425964,-0.1915760636329651,0.9855949282646179,0.5471351146697998,0.5850465893745422,-0.20142872631549835,0.9748833179473877,0.5281245112419128,0.6010504961013794,-0.23630349338054657,0.9479045271873474,0.5396916270256042,0.6150929927825928,-0.22777123749256134,0.9301987886428833,0.5344642996788025,0.6270273327827454,-0.26363739371299744,0.8872076272964478,0.5328558683395386,0.6059172749519348,-0.24274112284183502,0.9315071702003479,0.538831353187561,0.620635449886322,-0.2734772264957428,0.8821614980697632,0.5333918929100037,0.596846878528595,-0.20707543194293976,0.915016770362854,0.5375968813896179,0.6110035181045532,-0.24000880122184753,0.8574525713920593,0.5560979843139648,0.5753685832023621,0.0025846511125564575,0.9997644424438477,0.5098081231117249,0.5825885534286499,-0.0027383812703192234,0.9997183680534363,0.5647779703140259,0.7472931742668152,0.019970383495092392,0.9929370880126953,0.5155277848243713,0.7470744252204895,0.028482019901275635,0.9933615326881409,0.573085606098175,0.880829930305481,0.1602717489004135,0.993285059928894,0.5195582509040833,0.8806374669075012,0.16739574074745178,0.9914528131484985,0.5673089623451233,0.8946866393089294,0.1687261462211609,0.9277216196060181,0.5239145755767822,0.891891360282898,0.1767910122871399,0.8223739862442017,0.5860644578933716,0.9383863210678101,0.0640944391489029,0.986875057220459,0.5237458348274231,0.9363483190536499,0.07433554530143738,0.984778106212616
4766.666666666668,0.5156714916229248,0.3013772666454315,-0.3716098368167877,0.9999870657920837,0.5183886289596558,0.28530353307724,-0.3620975613594055,0.9999532699584961,0.5216139554977417,0.28350529074668884,-0.36206769943237305,0.9999542832374573,0.5251014232635498,0.2818199098110199,-0.36208099126815796,0.9999523758888245,0.5104360580444336,0.2902151048183441,-0.35792624950408936,0.999950110912323,0.507825493812561,0.2918138802051544,-0.35800209641456604,0.9999533891677856,0.5050734877586365,0.2937755286693573,-0.35806161165237427,0.9999499917030334,0.5340317487716675,0.2876264452934265,-0.2775276303291321,0.9998839497566223,0.5059013366699219,0.301425039768219,-0.25942638516426086,0.9999105930328369,0.5238340497016907,0.31484854221343994,-0.3381439745426178,0.9999849200248718,0.5143148899078369,0.31880316138267517,-0.3330687880516052,0.9999828338623047,0.5701131820678711,0.3787355422973633,-0.1931203454732895,0.9999533891677856,0.49303534626960754,0.38914522528648376,-0.20407834649085999,0.9999237656593323,0.5771340131759644,0.4985107481479645,-0.15965507924556732,0.9902365803718567,0.4928528368473053,0.510337769985199,-0.19192934036254883,0.9858224391937256,0.5472367405891418,0.5858752131462097,-0.20268568396568298,0.9745323061943054,0.528886616230011,0.6007829904556274,-0.23709110915660858,0.9488983154296875,0.5400776267051697,0.6157615184783936,-0.2299538105726242,0.929425060749054,0.5350980758666992,0.6265162825584412,-0.264970600605011,0.8891007304191589,0.5332558155059814,0.6068487763404846,-0.24561983346939087,0.930807888507843,0.5395109057426453,0.6201250553131104,-0.2751595377922058,0.8841546773910522,0.5337163209915161,0.597755491733551,-0.20878027379512787,0.9142636656761169,0.5382898449897766,0.6106704473495483,-0.24090616405010223,0.8596406579017639,0.5569096803665161,0.5760031938552856,0.0027932075317949057,0.9997588396072388,0.5106101632118225,0.5829958915710449,-0.0029432859737426043,0.9997156858444214,0.564930260181427,0.7473178505897522,0.022647876292467117,0.9928646683692932,0.5157850980758667,0.7478104829788208,0.028671221807599068,0.9932934641838074,0.5731080770492554,0.880770206451416,0.166105717420578,0.9932176470756531,0.519491970539093,0.8810269832611084,0.16988657414913177,0.9913315176963806,0.567331075668335,0.8946423530578613,0.17476634681224823,0.9272071719169617,0.5237398147583008,0.892121434211731,0.17942595481872559,0.8203938603401184,0.5860846042633057,0.9383626580238342,0.06923221796751022,0.986761748790741,0.5237368941307068,0.9364258646965027,0.07564468681812286,0.9845571517944336
4800.000000000001,0.5156140923500061,0.3014387786388397,-0.37706437706947327,0.9999869465827942,0.5183374881744385,0.28530746698379517,-0.36822354793548584,0.9999526739120483,0.5215385556221008,0.28350669145584106,-0.3681909143924713,0.9999536275863647,0.5250265598297119,0.2818131148815155,-0.3682071268558502,0.9999517798423767,0.5104327201843262,0.29024702310562134,-0.36344459652900696,0.9999496936798096,0.5078365206718445,0.2918557822704315,-0.3635217547416687,0.9999530911445618,0.505082368850708,0.2938193082809448,-0.3635809123516083,0.9999497532844543,0.5340451002120972,0.28759104013442993,-0.2859436571598053,0.9998822212219238,0.5060436725616455,0.30142512917518616,-0.2645701766014099,0.9999096989631653,0.5238267779350281,0.31488171219825745,-0.3443022668361664,0.999984622001648,0.5142943859100342,0.3188238739967346,-0.3382940888404846,0.9999825954437256,0.570842444896698,0.37839415669441223,-0.20222143828868866,0.9999516606330872,0.4933948218822479,0.38915565609931946,-0.2065647542476654,0.9999234676361084,0.5776044726371765,0.49795833230018616,-0.1709280014038086,0.990077555179596,0.49347156286239624,0.5103595852851868,-0.19287438690662384,0.9858644008636475,0.5478826761245728,0.5860311985015869,-0.21220071613788605,0.9740848541259766,0.5292426943778992,0.600622296333313,-0.23777730762958527,0.9493765830993652,0.5409194231033325,0.6161711812019348,-0.2388933300971985,0.9284500479698181,0.5356078743934631,0.6265110969543457,-0.2653251588344574,0.8900701403617859,0.5341490507125854,0.6076063513755798,-0.25457021594047546,0.9298571944236755,0.539979100227356,0.620158851146698,-0.2754244804382324,0.8851743936538696,0.5345404744148254,0.5985101461410522,-0.21798421442508698,0.9132367968559265,0.538731575012207,0.6107524633407593,-0.24155300855636597,0.8608109951019287,0.5582685470581055,0.5749895572662354,0.002466584090143442,0.9997542500495911,0.5118430852890015,0.5817288756370544,-0.0026153230573982,0.9997144937515259,0.5652532577514648,0.7468874454498291,0.021259313449263573,0.9928792119026184,0.5159818530082703,0.7478203177452087,0.028946971520781517,0.9933251142501831,0.5731271505355835,0.8806493878364563,0.16155335307121277,0.9932199716567993,0.5201070308685303,0.8812878131866455,0.1671525090932846,0.9913907051086426,0.5674682855606079,0.8945775628089905,0.16998600959777832,0.9275643825531006,0.5242985486984253,0.8923079371452332,0.17615075409412384,0.8209787011146545,0.5860891342163086,0.9383337497711182,0.06614050269126892,0.9867827296257019,0.5237364768981934,0.9370335340499878,0.07356231659650803,0.9845956563949585
4833.333333333334,0.5156500339508057,0.30174875259399414,-0.3768220841884613,0.9999870657920837,0.5183444619178772,0.28537923097610474,-0.3677428066730499,0.9999531507492065,0.5215431451797485,0.2835294008255005,-0.36770984530448914,0.9999540448188782,0.5250340104103088,0.28181132674217224,-0.36772602796554565,0.9999521970748901,0.5104391574859619,0.2904938757419586,-0.36310824751853943,0.9999502897262573,0.5078476667404175,0.292196661233902,-0.3631860911846161,0.9999536275863647,0.505107581615448,0.2942242920398712,-0.3632451891899109,0.9999504089355469,0.534153401851654,0.2874547243118286,-0.28497543931007385,0.9998830556869507,0.5061875581741333,0.301517516374588,-0.2642878293991089,0.9999107718467712,0.5239991545677185,0.3149063289165497,-0.3439812660217285,0.9999846816062927,0.5143598914146423,0.3190108835697174,-0.338169664144516,0.9999827146530151,0.5718401074409485,0.37767648696899414,-0.20170383155345917,0.9999510645866394,0.4939119517803192,0.3891278803348541,-0.20593927800655365,0.999923586845398,0.5785844326019287,0.4968032240867615,-0.17012281715869904,0.9899575114250183,0.49425727128982544,0.5104609131813049,-0.1920601725578308,0.9859079122543335,0.548739492893219,0.5859595537185669,-0.21113179624080658,0.9737951755523682,0.5299003720283508,0.6006239056587219,-0.23777525126934052,0.9500746726989746,0.5417444705963135,0.6161827445030212,-0.23765264451503754,0.9278603792190552,0.5365706086158752,0.6265200972557068,-0.2652865946292877,0.8914663195610046,0.5348929762840271,0.6075929403305054,-0.25277823209762573,0.9292691349983215,0.5408931970596313,0.6201848387718201,-0.2754264771938324,0.8866261839866638,0.5353013277053833,0.5984932780265808,-0.21667808294296265,0.9126214981079102,0.5395237803459167,0.6107911467552185,-0.24157272279262543,0.8624769449234009,0.5588149428367615,0.5746415257453918,0.0021268685813993216,0.9997516870498657,0.5124731659889221,0.581307590007782,-0.0022716904059052467,0.9997128248214722,0.5654667615890503,0.7465451955795288,0.020906949415802956,0.9929378032684326,0.5164183378219604,0.7465826869010925,0.030056016519665718,0.9933889508247375,0.5731531977653503,0.8805548548698425,0.15737727284431458,0.9933182597160339,0.5208311676979065,0.8812062740325928,0.16543537378311157,0.9915325045585632,0.5674943327903748,0.8945646286010742,0.16502515971660614,0.928617537021637,0.5249494910240173,0.8923661112785339,0.1740068942308426,0.8235993981361389,0.5860072374343872,0.9383346438407898,0.0611446350812912,0.9869585037231445,0.5237320065498352,0.9370765089988708,0.07228144258260727,0.9848228693008423
4866.666666666667,0.5160802006721497,0.3017793297767639,-0.3680524230003357,0.9999873638153076,0.518810510635376,0.2853819727897644,-0.3584631681442261,0.9999540448188782,0.5220876336097717,0.2835221588611603,-0.35842838883399963,0.9999548196792603,0.525591254234314,0.28176432847976685,-0.35843464732170105,0.9999529719352722,0.5108453035354614,0.2905588746070862,-0.3543620705604553,0.9999512434005737,0.5082866549491882,0.2923299968242645,-0.3544372320175171,0.9999546408653259,0.5056135058403015,0.2944500744342804,-0.35449478030204773,0.9999515414237976,0.5347128510475159,0.28738921880722046,-0.2748908996582031,0.9998846054077148,0.5066100358963013,0.30169200897216797,-0.25635698437690735,0.999912679195404,0.5246632695198059,0.3148881494998932,-0.3350619971752167,0.9999849796295166,0.5147114396095276,0.3190213143825531,-0.3298303186893463,0.9999830722808838,0.5729120373725891,0.3776808977127075,-0.190302774310112,0.9999510049819946,0.49468499422073364,0.3890652358531952,-0.20213603973388672,0.99992436170578,0.5795173048973083,0.49608132243156433,-0.156368687748909,0.9899266958236694,0.4946681559085846,0.5104593634605408,-0.18994998931884766,0.9861692190170288,0.5495248436927795,0.5858150720596313,-0.2001657336950302,0.9739575386047363,0.5302451252937317,0.6006187796592712,-0.23634180426597595,0.9511988759040833,0.5424121022224426,0.6162142157554626,-0.22647027671337128,0.9282598495483398,0.5375316739082336,0.6265376210212708,-0.26382195949554443,0.8934873342514038,0.5355710387229919,0.6076310276985168,-0.24142862856388092,0.9296947717666626,0.5418980717658997,0.6201100945472717,-0.27422472834587097,0.8887563943862915,0.5359227061271667,0.598479688167572,-0.2057754099369049,0.9131796956062317,0.5404517650604248,0.6107448935508728,-0.24021238088607788,0.8650325536727905,0.5593534111976624,0.5747271180152893,0.0026927017606794834,0.9997522234916687,0.5129832625389099,0.581305980682373,-0.0028425410855561495,0.9997138977050781,0.5657560229301453,0.7465715408325195,0.02063540183007717,0.9929604530334473,0.516771674156189,0.7465503215789795,0.027999771758913994,0.9933746457099915,0.5731427073478699,0.8804052472114563,0.16048315167427063,0.9933404326438904,0.5208405256271362,0.8807791471481323,0.16545692086219788,0.9915409088134766,0.5674678087234497,0.8944332599639893,0.16887904703617096,0.9287163615226746,0.5249274373054504,0.8918712735176086,0.17412132024765015,0.823657214641571,0.5858613848686218,0.9383198022842407,0.06514442712068558,0.9870079159736633,0.5236925482749939,0.9370798468589783,0.0721900537610054,0.9848883152008057
4900.0,0.5172186493873596,0.30160751938819885,-0.3533168137073517,0.9999876022338867,0.5202015042304993,0.28528323769569397,-0.34286078810691833,0.999954879283905,0.5235269665718079,0.2833740711212158,-0.3428291082382202,0.9999555945396423,0.52695631980896,0.2816109359264374,-0.3428310453891754,0.9999537467956543,0.5120068788528442,0.2905551493167877,-0.3396947979927063,0.9999520778656006,0.5093673467636108,0.29233357310295105,-0.3397669792175293,0.9999555349349976,0.5068259835243225,0.2944543659687042,-0.33982548117637634,0.9999525547027588,0.5355168581008911,0.2873237431049347,-0.25766628980636597,0.9998859763145447,0.507308840751648,0.3017615079879761,-0.2434111386537552,0.9999144673347473,0.5261372923851013,0.3146200478076935,-0.32000359892845154,0.9999853372573853,0.5155894756317139,0.31890860199928284,-0.3159671723842621,0.9999834895133972,0.5737849473953247,0.3776967227458954,-0.1730196475982666,0.9999513030052185,0.4956841766834259,0.38921278715133667,-0.19233259558677673,0.9999244809150696,0.5808650851249695,0.4952881932258606,-0.13778357207775116,0.989927351474762,0.4950699210166931,0.510460376739502,-0.18071819841861725,0.986432671546936,0.5510098934173584,0.5851030945777893,-0.18773001432418823,0.9744318127632141,0.5302146077156067,0.6006726026535034,-0.22958813607692719,0.95222008228302,0.5435919165611267,0.6162112355232239,-0.21471095085144043,0.9294930696487427,0.5376214385032654,0.6266413927078247,-0.25719863176345825,0.8952836990356445,0.5368580222129822,0.6076207756996155,-0.23025363683700562,0.9309803247451782,0.5421424508094788,0.6200812458992004,-0.2687331736087799,0.8907263278961182,0.5372554063796997,0.5984117388725281,-0.19383901357650757,0.9146912097930908,0.5406743288040161,0.6107409000396729,-0.23392942547798157,0.8675058484077454,0.5596058964729309,0.5750470161437988,0.004426740109920502,0.9997488260269165,0.5134634375572205,0.5813730955123901,-0.004574226215481758,0.9997105598449707,0.5659210085868835,0.7467005848884583,0.018957115709781647,0.9928302764892578,0.5172366499900818,0.7465948462486267,0.019562898203730583,0.9931535720825195,0.5730952620506287,0.8802700638771057,0.16102053225040436,0.9932006001472473,0.5202401876449585,0.8807762861251831,0.15934811532497406,0.9912701845169067,0.5674141645431519,0.8942103385925293,0.1695573478937149,0.9274042844772339,0.523824155330658,0.8917117118835449,0.1682688444852829,0.8195642232894897,0.5855799317359924,0.938028872013092,0.06517968326807022,0.9867709875106812,0.523609459400177,0.9371291995048523,0.06255515664815903,0.98453688621521
4933.333333333333,0.5188942551612854,0.30161333084106445,-0.35849839448928833,0.9999879002571106,0.5221237540245056,0.2853519916534424,-0.34835755825042725,0.9999561309814453,0.5254390835762024,0.2834392189979553,-0.3483264148235321,0.9999567270278931,0.5289987921714783,0.28168985247612,-0.3483324944972992,0.999954879283905,0.5137509703636169,0.2906136214733124,-0.34484657645225525,0.9999534487724304,0.5108798146247864,0.2924351096153259,-0.3449195921421051,0.9999568462371826,0.5082806944847107,0.2946421205997467,-0.34497711062431335,0.9999540448188782,0.5367858409881592,0.2873695194721222,-0.26227864623069763,0.99988853931427,0.5081092715263367,0.302106112241745,-0.2476152628660202,0.9999175071716309,0.5279926061630249,0.314632773399353,-0.3250631093978882,0.9999857544898987,0.5167222619056702,0.31892526149749756,-0.32066643238067627,0.9999840259552002,0.574785053730011,0.3777965307235718,-0.17556436359882355,0.9999515414237976,0.49645254015922546,0.3897813856601715,-0.19445353746414185,0.9999250769615173,0.5819041132926941,0.4951344132423401,-0.14070262014865875,0.9899166822433472,0.49561265110969543,0.5105605721473694,-0.18176668882369995,0.9867638945579529,0.5516021847724915,0.5850616693496704,-0.19146256148815155,0.9746347069740295,0.530612051486969,0.6007542014122009,-0.23270536959171295,0.9532533288002014,0.544476330280304,0.6163610219955444,-0.2184109091758728,0.9300119876861572,0.5380647778511047,0.626771092414856,-0.26117217540740967,0.8970277309417725,0.5378535985946655,0.6077111959457397,-0.23359645903110504,0.9315155148506165,0.5426414608955383,0.6200827360153198,-0.2732933759689331,0.8926162123680115,0.5382993817329407,0.5983990430831909,-0.19740203022956848,0.9153335690498352,0.5412396192550659,0.6107342839241028,-0.2373828887939453,0.8697515726089478,0.5597331523895264,0.5760928392410278,0.005430066958069801,0.9997458457946777,0.5137661695480347,0.5819609761238098,-0.00557487178593874,0.9997073411941528,0.5662891268730164,0.7469322681427002,0.020096080377697945,0.9928251504898071,0.5175348520278931,0.7466857433319092,0.0202591884881258,0.9930722713470459,0.5730937719345093,0.8800187110900879,0.1704559028148651,0.9931548833847046,0.5199786424636841,0.8807566165924072,0.16167651116847992,0.9911393523216248,0.5673922300338745,0.8939574956893921,0.1796867996454239,0.926618754863739,0.5234634280204773,0.8915619254112244,0.17115814983844757,0.8173081278800964,0.5855381488800049,0.9379123449325562,0.07334735244512558,0.986700713634491,0.5235682129859924,0.9371325373649597,0.06421449035406113,0.9843869805335999
4966.666666666666,0.5199851989746094,0.301676481962204,-0.3594736158847809,0.9999881982803345,0.5233705639839172,0.2853749990463257,-0.349324107170105,0.9999570250511169,0.5267655253410339,0.28346285223960876,-0.3492937684059143,0.9999575018882751,0.5304576754570007,0.28173720836639404,-0.3492996394634247,0.9999555945396423,0.5149579644203186,0.2906261086463928,-0.3459666073322296,0.9999545216560364,0.5121360421180725,0.29244810342788696,-0.3460398316383362,0.9999578595161438,0.5095083713531494,0.29465848207473755,-0.34609735012054443,0.9999551773071289,0.5380347967147827,0.28742673993110657,-0.2625817656517029,0.999890148639679,0.5091731548309326,0.30216434597969055,-0.248012974858284,0.9999197125434875,0.5292742848396301,0.3148594796657562,-0.3254300057888031,0.9999861121177673,0.5175544023513794,0.3190526068210602,-0.3212209939956665,0.9999845027923584,0.5757663249969482,0.3777495324611664,-0.1754785180091858,0.9999514818191528,0.4975217580795288,0.3897777497768402,-0.1940590888261795,0.9999257922172546,0.5826627612113953,0.4949348270893097,-0.14120294153690338,0.989940881729126,0.4960910379886627,0.5105258822441101,-0.1816890388727188,0.9869967699050903,0.5526294708251953,0.5850550532341003,-0.19253064692020416,0.9749043583869934,0.5315607190132141,0.6003910899162292,-0.23249474167823792,0.9541250467300415,0.5454604029655457,0.6164264678955078,-0.2197892814874649,0.9306740164756775,0.5390787124633789,0.6265241503715515,-0.26083090901374817,0.8985615968704224,0.5387675166130066,0.6077048778533936,-0.2348695546388626,0.9322076439857483,0.543553352355957,0.6197490096092224,-0.27285540103912354,0.8942820429801941,0.5392838716506958,0.5983289480209351,-0.19845040142536163,0.916159451007843,0.5422550439834595,0.6102277636528015,-0.23703600466251373,0.8716878890991211,0.5604417324066162,0.5778048634529114,0.005628738086670637,0.9997429251670837,0.5144346952438354,0.5829785466194153,-0.005773474927991629,0.9997045993804932,0.5664492845535278,0.747901201248169,0.02057630941271782,0.9928275942802429,0.5179936289787292,0.7470544576644897,0.021009039133787155,0.9930459260940552,0.5730711817741394,0.8799782991409302,0.17422965168952942,0.9931252002716064,0.5197412371635437,0.8804981708526611,0.1662587970495224,0.9910889267921448,0.5673125982284546,0.8938309550285339,0.1837504506111145,0.9265108704566956,0.522935688495636,0.8909767866134644,0.1762109249830246,0.8165661096572876,0.5855352878570557,0.9379256963729858,0.0777488425374031,0.9866992235183716,0.5234736800193787,0.9372674226760864,0.06748354434967041,0.9843718409538269
4999.999999999999,0.521030604839325,0.30177977681159973,-0.35935482382774353,0.9999884963035583,0.524697482585907,0.2853834331035614,-0.34904059767723083,0.9999579787254333,0.5283187627792358,0.28348270058631897,-0.34901162981987,0.999958336353302,0.5320270657539368,0.28179261088371277,-0.34901636838912964,0.9999563694000244,0.5159752368927002,0.29063037037849426,-0.34586620330810547,0.9999555945396423,0.5132294297218323,0.2924489378929138,-0.34594038128852844,0.999958872795105,0.5105522274971008,0.29464390873908997,-0.34599894285202026,0.9999563097953796,0.5393111109733582,0.2875009775161743,-0.2617553472518921,0.999891996383667,0.5100793242454529,0.3021661937236786,-0.24771563708782196,0.9999220967292786,0.530302882194519,0.31524941325187683,-0.32502511143684387,0.9999865293502808,0.5183035135269165,0.31923314929008484,-0.3210177421569824,0.9999850392341614,0.577226996421814,0.37773868441581726,-0.174470916390419,0.9999523162841797,0.49820607900619507,0.3898108899593353,-0.19424885511398315,0.999927282333374,0.5838289260864258,0.49484455585479736,-0.14113733172416687,0.9900544881820679,0.4970908463001251,0.5105451941490173,-0.182333305478096,0.9873022437095642,0.5528486371040344,0.5852888226509094,-0.19321317970752716,0.9754177331924438,0.5322044491767883,0.6003972887992859,-0.23273485898971558,0.9552656412124634,0.5456176400184631,0.6171292066574097,-0.2206353098154068,0.9318807721138,0.539851188659668,0.6266287565231323,-0.26084986329078674,0.9006577134132385,0.5389240980148315,0.6080496907234192,-0.23523196578025818,0.9334137439727783,0.5443812608718872,0.6197707056999207,-0.2730335295200348,0.8965355157852173,0.5394518375396729,0.5983988046646118,-0.1989191472530365,0.9175929427146912,0.5431267023086548,0.6102319359779358,-0.2371717244386673,0.8743588924407959,0.5608481168746948,0.5790040493011475,0.006325420457869768,0.999744713306427,0.5147684216499329,0.5838594436645508,-0.006473375950008631,0.9997056722640991,0.5667005181312561,0.7487956285476685,0.02114694193005562,0.9927142858505249,0.518747866153717,0.7476290464401245,0.020114535465836525,0.9929466843605042,0.5730708241462708,0.8800140619277954,0.1768593043088913,0.9929751753807068,0.519503653049469,0.8802969455718994,0.1690424531698227,0.990847647190094,0.5673507452011108,0.8938320875167847,0.18664143979549408,0.925445020198822,0.5225780010223389,0.8905670046806335,0.1795445829629898,0.8138637542724609,0.5855453610420227,0.937947690486908,0.0816408172249794,0.9865068197250366,0.5233637094497681,0.937370240688324,0.07229780405759811,0.984096884727478
5033.333333333332,0.5226271152496338,0.30148205161094666,-0.3584630787372589,0.9999889135360718,0.5265564322471619,0.28504154086112976,-0.3475832939147949,0.9999594688415527,0.5302308797836304,0.2832454741001129,-0.3475555181503296,0.9999597668647766,0.5338156819343567,0.28169116377830505,-0.3475585877895355,0.9999577403068542,0.5173351764678955,0.29036304354667664,-0.34440648555755615,0.9999570846557617,0.5147022008895874,0.2921799123287201,-0.34448134899139404,0.9999603033065796,0.5119959115982056,0.29430118203163147,-0.3445386290550232,0.9999578595161438,0.5406528115272522,0.2875080406665802,-0.26031628251075745,0.9998956918716431,0.5113240480422974,0.30214619636535645,-0.24594491720199585,0.9999251365661621,0.5317971706390381,0.31521251797676086,-0.32438331842422485,0.9999871253967285,0.519422709941864,0.3191499710083008,-0.32031163573265076,0.9999856948852539,0.5789921879768372,0.37821540236473083,-0.1752879023551941,0.9999530911445618,0.4990788400173187,0.390259712934494,-0.19356349110603333,0.9999279379844666,0.584408700466156,0.49557381868362427,-0.14262491464614868,0.9902007579803467,0.498090922832489,0.5106539130210876,-0.1820199191570282,0.9875275492668152,0.552777111530304,0.5863373279571533,-0.19348935782909393,0.9758113026618958,0.5331531763076782,0.6004059910774231,-0.232526957988739,0.9559987187385559,0.5456687808036804,0.6182673573493958,-0.22095513343811035,0.9327362775802612,0.5407138466835022,0.626801073551178,-0.260663777589798,0.9018864035606384,0.5390385985374451,0.6086793541908264,-0.23496516048908234,0.9342635273933411,0.5453307032585144,0.6197762489318848,-0.27254870533943176,0.8978563547134399,0.5396248698234558,0.5986101031303406,-0.19897498190402985,0.9186939597129822,0.544177234172821,0.6102339625358582,-0.236908420920372,0.8760359287261963,0.5613588094711304,0.5806472897529602,0.006245209835469723,0.9997488260269165,0.5150400400161743,0.5855246782302856,-0.006394064519554377,0.9997082352638245,0.5669780969619751,0.7509539723396301,0.02097621187567711,0.9927675724029541,0.5195119380950928,0.7512351274490356,0.019216598942875862,0.9929730296134949,0.5732656121253967,0.8800826668739319,0.18210762739181519,0.9929311871528625,0.5194909572601318,0.8803109526634216,0.17672429978847504,0.9905868768692017,0.5677329897880554,0.8938307166099548,0.1927008479833603,0.9241632223129272,0.5224801898002625,0.8904253244400024,0.18838787078857422,0.8100372552871704,0.5855959057807922,0.9380484819412231,0.08796916902065277,0.9863986968994141,0.52336186170578,0.9377011656761169,0.08353422582149506,0.9837812781333923
5066.666666666665,0.5238392949104309,0.30136919021606445,-0.3551323711872101,0.999988853931427,0.5277589559555054,0.2849927544593811,-0.34396135807037354,0.9999593496322632,0.5313450694084167,0.2832137644290924,-0.34393566846847534,0.9999596476554871,0.5349109768867493,0.28168201446533203,-0.3439360558986664,0.9999574422836304,0.5186460614204407,0.29034423828125,-0.3401630222797394,0.9999569058418274,0.5161867737770081,0.29216328263282776,-0.34023764729499817,0.9999602437019348,0.5135799050331116,0.294264554977417,-0.3403019905090332,0.9999578595161438,0.5418238043785095,0.2875320017337799,-0.2580472528934479,0.9998950958251953,0.5131532549858093,0.3021562993526459,-0.2405918389558792,0.9999252557754517,0.5330531597137451,0.31516212224960327,-0.3218926787376404,0.9999872446060181,0.5206917524337769,0.3190848231315613,-0.31698042154312134,0.9999858736991882,0.5812510848045349,0.37868455052375793,-0.17547783255577087,0.999951958656311,0.5006204843521118,0.3910694420337677,-0.19079236686229706,0.9999268054962158,0.5850011110305786,0.4971033036708832,-0.1440984159708023,0.9901382327079773,0.4991439878940582,0.5108329653739929,-0.18101085722446442,0.9876202940940857,0.553213357925415,0.5869168043136597,-0.19405882060527802,0.975701093673706,0.5339098572731018,0.6003796458244324,-0.23120279610157013,0.9563103318214417,0.5459787249565125,0.6188538074493408,-0.22140417993068695,0.9324957728385925,0.5415960550308228,0.6268449425697327,-0.25928324460983276,0.9022158980369568,0.5395430326461792,0.6087586283683777,-0.2353716939687729,0.9340360164642334,0.5461633801460266,0.6197771430015564,-0.27035287022590637,0.8981683254241943,0.540239691734314,0.5986271500587463,-0.19951562583446503,0.9185148477554321,0.5450330376625061,0.6101725697517395,-0.2353956252336502,0.8765442371368408,0.5623806118965149,0.5828728079795837,0.006214482244104147,0.9997480511665344,0.5157005786895752,0.5870701670646667,-0.006362025160342455,0.9997054934501648,0.5673115253448486,0.7531379461288452,0.018669493496418,0.9927024245262146,0.5203832983970642,0.7529522180557251,0.019223954528570175,0.9929302334785461,0.573311984539032,0.8802019357681274,0.18113426864147186,0.9928401112556458,0.5193895697593689,0.8807498216629028,0.1768420785665512,0.990371584892273,0.5677515864372253,0.8938360810279846,0.1917760670185089,0.9227131605148315,0.52229243516922,0.8905220031738281,0.1882205605506897,0.8064559698104858,0.585598349571228,0.938194751739502,0.08663511276245117,0.9862266778945923,0.5233598947525024,0.9380702376365662,0.08309058099985123,0.9835157990455627
5099.999999999998,0.5254963636398315,0.30189651250839233,-0.3566437065601349,0.9999886751174927,0.5291335582733154,0.2853267788887024,-0.34574204683303833,0.9999586343765259,0.5326510667800903,0.28356441855430603,-0.3457140624523163,0.9999590516090393,0.5361098051071167,0.28203773498535156,-0.34571754932403564,0.9999565482139587,0.5201478004455566,0.29085928201675415,-0.3420599102973938,0.9999561905860901,0.5177705883979797,0.2927726209163666,-0.3421343266963959,0.9999597072601318,0.5151052474975586,0.29503095149993896,-0.34219595789909363,0.999957263469696,0.5430076122283936,0.2878228425979614,-0.25951042771339417,0.9998934864997864,0.514680027961731,0.30301138758659363,-0.24292854964733124,0.9999246001243591,0.534871518611908,0.315612256526947,-0.323199599981308,0.9999871253967285,0.5223786234855652,0.31969109177589417,-0.31846457719802856,0.9999857544898987,0.583075761795044,0.380201131105423,-0.1773800402879715,0.9999511241912842,0.5019516348838806,0.3913165330886841,-0.19181926548480988,0.9999261498451233,0.5854915976524353,0.49969345331192017,-0.15030331909656525,0.990188717842102,0.5000120401382446,0.5109553337097168,-0.18145552277565002,0.9877514839172363,0.5533017516136169,0.5880666375160217,-0.1998935490846634,0.9758217334747314,0.5350311398506165,0.6005820631980896,-0.2315259724855423,0.9567765593528748,0.5461311936378479,0.6200309991836548,-0.22737492620944977,0.9327974915504456,0.5426386594772339,0.6277656555175781,-0.2595355808734894,0.9028211236000061,0.5397312045097351,0.6093809604644775,-0.23982448875904083,0.9343371391296387,0.5471910238265991,0.6204296946525574,-0.27045899629592896,0.8988041281700134,0.5404175519943237,0.5990703701972961,-0.20466376841068268,0.9188758730888367,0.5460826754570007,0.6105731129646301,-0.23564842343330383,0.877410888671875,0.5630181431770325,0.5851731896400452,0.005326802842319012,0.9997423887252808,0.5163013339042664,0.5886126756668091,-0.005472415126860142,0.9996980428695679,0.567743718624115,0.7541027665138245,0.019504364579916,0.9926542043685913,0.5214627981185913,0.7535393238067627,0.023601025342941284,0.9928662180900574,0.5738657712936401,0.8807439804077148,0.17985136806964874,0.9928008317947388,0.5195748209953308,0.8807858228683472,0.17786715924739838,0.9902385473251343,0.5682746767997742,0.8939050436019897,0.1900031864643097,0.9213486313819885,0.5225933790206909,0.8905032277107239,0.1887172907590866,0.8050006628036499,0.5855332016944885,0.9383125305175781,0.08444134145975113,0.9860971570014954,0.523404598236084,0.9380652904510498,0.08348660916090012,0.9833260774612427
5133.333333333331,0.5271433591842651,0.3024612367153168,-0.36245837807655334,0.9999874830245972,0.530623197555542,0.2859605848789215,-0.35176002979278564,0.9999542236328125,0.5340183973312378,0.2842640280723572,-0.35173648595809937,0.9999549984931946,0.5373789668083191,0.28277477622032166,-0.35173749923706055,0.9999518990516663,0.5217766165733337,0.2915225327014923,-0.3479149639606476,0.9999516606330872,0.5195034742355347,0.2934632897377014,-0.3479920029640198,0.9999558329582214,0.5168902277946472,0.29577672481536865,-0.3480647802352905,0.9999532103538513,0.5441204309463501,0.2886108458042145,-0.26585787534713745,0.9998809695243835,0.5163185596466064,0.3038021922111511,-0.2478545606136322,0.9999170303344727,0.5362834930419922,0.3160574734210968,-0.3289681077003479,0.999985933303833,0.5239690542221069,0.32026323676109314,-0.3239227533340454,0.999984622001648,0.5839959383010864,0.3812631666660309,-0.18396450579166412,0.9999493956565857,0.5033077001571655,0.3914002478122711,-0.19573457539081573,0.9999238848686218,0.5861952900886536,0.5008182525634766,-0.15718454122543335,0.9900669455528259,0.5008096098899841,0.5109854936599731,-0.1864430159330368,0.987822413444519,0.5537222027778625,0.588932991027832,-0.20823489129543304,0.9756597876548767,0.535392165184021,0.6010045409202576,-0.2372717410326004,0.956956148147583,0.5465899109840393,0.6213719844818115,-0.23614543676376343,0.932697057723999,0.5431287884712219,0.6292077302932739,-0.26584962010383606,0.9028586745262146,0.5401976704597473,0.6101952791213989,-0.24987012147903442,0.9342792630195618,0.5476416945457458,0.6217692494392395,-0.2766891121864319,0.8988611102104187,0.5408684611320496,0.5996789932250977,-0.21355512738227844,0.9186615347862244,0.5464855432510376,0.6114915013313293,-0.2414495199918747,0.8775349259376526,0.5636958479881287,0.5852934122085571,0.004944190848618746,0.9997369050979614,0.5171099901199341,0.58863765001297,-0.005088017787784338,0.9996917247772217,0.5681716799736023,0.7539841532707214,0.023801583796739578,0.9926518797874451,0.5222195982933044,0.7534209489822388,0.02480238489806652,0.9927751421928406,0.5740749835968018,0.8807917237281799,0.1836775839328766,0.9928165674209595,0.5203410387039185,0.8796808123588562,0.1817624270915985,0.990105152130127,0.568871796131134,0.8938418626785278,0.1937238872051239,0.9196780920028687,0.5237199068069458,0.8888684511184692,0.1929170787334442,0.8033992648124695,0.5848439931869507,0.9383042454719543,0.08663218468427658,0.9860807657241821,0.5235186219215393,0.9370499849319458,0.08753664791584015,0.9832183122634888
5166.666666666664,0.5285882949829102,0.3027237355709076,-0.365229070186615,0.9999864101409912,0.5321486592292786,0.28621870279312134,-0.3544301390647888,0.9999505877494812,0.5355764627456665,0.2845768630504608,-0.35441485047340393,0.9999515414237976,0.5388994812965393,0.28316256403923035,-0.35441771149635315,0.9999480247497559,0.5230008363723755,0.2917062044143677,-0.35089942812919617,0.9999476671218872,0.520621657371521,0.2936064302921295,-0.35097476840019226,0.9999523162841797,0.5179833769798279,0.2958589792251587,-0.3510439693927765,0.9999497532844543,0.545385479927063,0.289108008146286,-0.2668997347354889,0.999870240688324,0.5172832608222961,0.3039877116680145,-0.24970649182796478,0.9999104142189026,0.53778076171875,0.3163728415966034,-0.33087190985679626,0.9999849796295166,0.5251758098602295,0.3205016851425171,-0.32611024379730225,0.9999837875366211,0.5848244428634644,0.38128456473350525,-0.18391819298267365,0.9999492168426514,0.5041214227676392,0.39246466755867004,-0.19593901932239532,0.9999225735664368,0.5871326327323914,0.5010860562324524,-0.15685103833675385,0.9899067878723145,0.5019730925559998,0.5115175247192383,-0.18641723692417145,0.9876930713653564,0.5543985962867737,0.5897403955459595,-0.21305598318576813,0.9753598570823669,0.5361319780349731,0.601585328578949,-0.24078522622585297,0.9565340876579285,0.5471181273460388,0.6225993037223816,-0.24168601632118225,0.9324555397033691,0.5436061024665833,0.6300592422485352,-0.27079132199287415,0.9019804000854492,0.5406953692436218,0.6115111708641052,-0.25651586055755615,0.9340723752975464,0.548147976398468,0.6230525374412537,-0.28220030665397644,0.8980595469474792,0.5413957238197327,0.600744903087616,-0.2189529538154602,0.9181578159332275,0.547023355960846,0.6126841306686401,-0.24536103010177612,0.8765907883644104,0.5647071599960327,0.5857524275779724,0.004994721617549658,0.9997365474700928,0.5180639624595642,0.5886229276657104,-0.0051356349140405655,0.9996905326843262,0.5692374110221863,0.7539865970611572,0.0261018518358469,0.9926465153694153,0.5230079889297485,0.7519094347953796,0.009857664816081524,0.99275803565979,0.5744401216506958,0.8814814686775208,0.1874968558549881,0.992831826210022,0.5206401348114014,0.8771982192993164,0.1728399693965912,0.9900628924369812,0.5696391463279724,0.8942616581916809,0.19753482937812805,0.9174978733062744,0.5238850712776184,0.8866549730300903,0.1848616749048233,0.8026313185691833,0.5847632884979248,0.9383032917976379,0.08803858608007431,0.9860894083976746,0.5238882303237915,0.934645414352417,0.07596520334482193,0.9833429455757141
5199.999999999997,0.5305564403533936,0.3024923503398895,-0.3651483356952667,0.9999862909317017,0.5342937111854553,0.28594231605529785,-0.3541472554206848,0.9999504089355469,0.5378627777099609,0.2844201922416687,-0.3541358709335327,0.9999514818191528,0.5411830544471741,0.2831423580646515,-0.3541414439678192,0.9999478459358215,0.5246264934539795,0.2910376489162445,-0.35080191493034363,0.999947190284729,0.5220610499382019,0.29286766052246094,-0.35087740421295166,0.9999518990516663,0.5195243954658508,0.2947971224784851,-0.35094648599624634,0.9999491572380066,0.5470917820930481,0.28911107778549194,-0.2646764814853668,0.9998703002929688,0.5182623863220215,0.30348876118659973,-0.2497488409280777,0.9999099373817444,0.5396976470947266,0.3163617253303528,-0.3303629159927368,0.9999849796295166,0.5264575481414795,0.3203885853290558,-0.32607123255729675,0.9999837279319763,0.5857059359550476,0.381343811750412,-0.18104930222034454,0.9999495148658752,0.5044866800308228,0.3928859233856201,-0.1959318220615387,0.9999202489852905,0.5878913402557373,0.5017536878585815,-0.1558818817138672,0.9899028539657593,0.5033103227615356,0.512021541595459,-0.18612471222877502,0.987571656703949,0.5550010204315186,0.5904718637466431,-0.2124750018119812,0.9753352999687195,0.5365574955940247,0.6022678017616272,-0.24044093489646912,0.9555233120918274,0.5476208925247192,0.6231701374053955,-0.24161548912525177,0.9325398802757263,0.543841540813446,0.6308830976486206,-0.27022913098335266,0.9000278115272522,0.5411766171455383,0.6122423410415649,-0.256389319896698,0.9342052340507507,0.5485911965370178,0.6242117285728455,-0.2821701765060425,0.8962124586105347,0.5419673323631287,0.6015326976776123,-0.2184951901435852,0.9182405471801758,0.5474525690078735,0.6137826442718506,-0.24519382417201996,0.8746298551559448,0.5654473900794983,0.5861179828643799,0.005418573971837759,0.9997335076332092,0.5186946392059326,0.5888466835021973,-0.005554438102990389,0.9996833801269531,0.5698865056037903,0.7542287707328796,0.026136314496397972,0.9925804734230042,0.5231776833534241,0.7531294822692871,0.012846078723669052,0.9926483631134033,0.5745290517807007,0.8833383917808533,0.18537850677967072,0.9927831888198853,0.5208593010902405,0.8774731755256653,0.17418381571769714,0.9898644089698792,0.5699130296707153,0.8969331979751587,0.19518360495567322,0.9161521792411804,0.5240787863731384,0.8872257471084595,0.18577155470848083,0.8002419471740723,0.5847657322883606,0.9383506178855896,0.08638589084148407,0.9860128164291382,0.5242847800254822,0.9344258904457092,0.07616866379976273,0.9831082820892334
5233.33333333333,0.5316241383552551,0.30244117975234985,-0.36213552951812744,0.9999852180480957,0.5357906222343445,0.2859368920326233,-0.35120779275894165,0.9999469518661499,0.5393684506416321,0.2844574451446533,-0.35120248794555664,0.9999483823776245,0.5427667498588562,0.28334566950798035,-0.3512166440486908,0.9999444484710693,0.5261818170547485,0.29043105244636536,-0.34787118434906006,0.999943196773529,0.5235297083854675,0.2920204699039459,-0.3479437828063965,0.9999483823776245,0.5211723446846008,0.2935265898704529,-0.34801018238067627,0.9999452829360962,0.5485677719116211,0.28940650820732117,-0.2632940113544464,0.9998621940612793,0.5200067758560181,0.30247408151626587,-0.2480466514825821,0.9999032020568848,0.5402671694755554,0.31638428568840027,-0.3278241753578186,0.9999839067459106,0.5273368954658508,0.320334255695343,-0.3235216736793518,0.9999826550483704,0.5865742564201355,0.3815007507801056,-0.1810934841632843,0.9999483227729797,0.5053698420524597,0.39287859201431274,-0.19192790985107422,0.999916136264801,0.5887183547019958,0.5023473501205444,-0.15843349695205688,0.990031898021698,0.5045615434646606,0.5121344327926636,-0.1807408481836319,0.9873631596565247,0.5555518269538879,0.5909822583198547,-0.21772272884845734,0.975737452507019,0.536641538143158,0.6026706695556641,-0.23901496827602386,0.9552378058433533,0.5478956699371338,0.6233372688293457,-0.2473982870578766,0.9337458610534668,0.5438097715377808,0.6313103437423706,-0.26981109380722046,0.8996914625167847,0.5415292978286743,0.6123645305633545,-0.26250219345092773,0.9353851675987244,0.5486235022544861,0.6246760487556458,-0.2812091112136841,0.8959735631942749,0.542367160320282,0.6018233299255371,-0.22381657361984253,0.9195254445075989,0.5474866032600403,0.6142316460609436,-0.24451382458209991,0.8744954466819763,0.5662358999252319,0.586029589176178,0.004135650582611561,0.9997241497039795,0.5196783542633057,0.5888167023658752,-0.004251488950103521,0.999672532081604,0.5701554417610168,0.7541577816009521,0.025342706590890884,0.9924121499061584,0.5234626531600952,0.7526947855949402,0.01449480652809143,0.9924062490463257,0.5745205283164978,0.8845599293708801,0.17245933413505554,0.9926013350486755,0.5210839509963989,0.8775563836097717,0.1665261834859848,0.9896414875984192,0.5698882937431335,0.8979150652885437,0.18068288266658783,0.9140628576278687,0.5244123339653015,0.8873199224472046,0.1764754205942154,0.7987335920333862,0.5846301317214966,0.9384268522262573,0.07166018337011337,0.9856505393981934,0.5243329405784607,0.9342165589332581,0.06837857514619827,0.9828171133995056
5266.666666666663,0.533163845539093,0.30231913924217224,-0.3668094277381897,0.9999838471412659,0.5374554395675659,0.28593629598617554,-0.3559587299823761,0.999942421913147,0.5409940481185913,0.28449907898902893,-0.3559551537036896,0.9999442100524902,0.5443115830421448,0.28348952531814575,-0.35597869753837585,0.999940037727356,0.5279141664505005,0.29005834460258484,-0.35237380862236023,0.9999379515647888,0.5252188444137573,0.29147014021873474,-0.3524453938007355,0.9999436736106873,0.5230309367179871,0.29269760847091675,-0.3525100350379944,0.9999404549598694,0.5500455498695374,0.28952473402023315,-0.26754093170166016,0.9998503923416138,0.5220804810523987,0.30115869641304016,-0.2508500814437866,0.999893069267273,0.5413989424705505,0.3163281977176666,-0.3321397602558136,0.9999825358390808,0.5286498665809631,0.32005926966667175,-0.327455997467041,0.9999812245368958,0.5872353911399841,0.38147345185279846,-0.18476071953773499,0.9999473094940186,0.5066785216331482,0.39186275005340576,-0.19236208498477936,0.9999129176139832,0.5898578763008118,0.5023447871208191,-0.16352948546409607,0.9901056885719299,0.5054551362991333,0.5118957161903381,-0.1798725128173828,0.9870787262916565,0.556471049785614,0.5909105539321899,-0.22818221151828766,0.9760602116584778,0.5365926623344421,0.6029718518257141,-0.24054239690303802,0.9553645253181458,0.5490267276763916,0.6232850551605225,-0.25856730341911316,0.9348149299621582,0.5437906384468079,0.6317413449287415,-0.2719920575618744,0.9003749489784241,0.543290376663208,0.6123285293579102,-0.27557435631752014,0.9364229440689087,0.5484840273857117,0.6246151924133301,-0.2853946089744568,0.8968214392662048,0.5439401268959045,0.6017943620681763,-0.23513449728488922,0.9205504059791565,0.5473366975784302,0.6141911745071411,-0.24648532271385193,0.8754292130470276,0.5669348239898682,0.5859411358833313,0.0038317074067890644,0.9997204542160034,0.5203967690467834,0.5876449942588806,-0.003946563694626093,0.9996679425239563,0.5707783102989197,0.7541141510009766,0.022255996242165565,0.9923790693283081,0.5233901739120483,0.7513715624809265,0.011601503007113934,0.9923343658447266,0.5746332406997681,0.885675847530365,0.1727394461631775,0.9925590753555298,0.5228070020675659,0.8768226504325867,0.1657208353281021,0.9896934032440186,0.5699905157089233,0.8989667892456055,0.18136483430862427,0.9129669666290283,0.5267912745475769,0.8864781856536865,0.175967738032341,0.800503671169281,0.5846318602561951,0.9386482834815979,0.07150795310735703,0.98557049036026,0.524459719657898,0.9340326189994812,0.06672538816928864,0.9829875230789185
5299.999999999996,0.5343794226646423,0.3010009825229645,-0.37111905217170715,0.9999829530715942,0.5388361215591431,0.28534024953842163,-0.3598170876502991,0.999939501285553,0.5423916578292847,0.28419366478919983,-0.3598211705684662,0.9999414086341858,0.5457432866096497,0.28334933519363403,-0.3598509132862091,0.9999372959136963,0.5293002724647522,0.2886630594730377,-0.35577699542045593,0.9999346137046814,0.5266321301460266,0.28969645500183105,-0.35584986209869385,0.9999405145645142,0.5245399475097656,0.29059863090515137,-0.3559154272079468,0.9999377727508545,0.5516103506088257,0.28941455483436584,-0.2704307436943054,0.9998412132263184,0.5239884257316589,0.29862821102142334,-0.2516690790653229,0.9998856782913208,0.5424016118049622,0.3151867985725403,-0.33623915910720825,0.9999816417694092,0.5297725200653076,0.31841155886650085,-0.33089837431907654,0.9999805092811584,0.5886189937591553,0.3809763491153717,-0.1882331520318985,0.999946653842926,0.5081233978271484,0.3901512026786804,-0.19247117638587952,0.9999109506607056,0.5909014940261841,0.5021083354949951,-0.17051665484905243,0.9901533126831055,0.505726158618927,0.5099647641181946,-0.1801297962665558,0.9868828058242798,0.5585000514984131,0.5899865031242371,-0.23918506503105164,0.9763665795326233,0.5363894701004028,0.6030129194259644,-0.2476343810558319,0.9556470513343811,0.5513401031494141,0.6220735907554626,-0.2708437740802765,0.9359058737754822,0.5435033440589905,0.6324023008346558,-0.28113120794296265,0.9012882709503174,0.5460312366485596,0.6113741993904114,-0.28849923610687256,0.9374956488609314,0.548382580280304,0.6245704293251038,-0.29513677954673767,0.897905170917511,0.5466436743736267,0.6000856757164001,-0.246561199426651,0.9214714169502258,0.547228217124939,0.6139319539070129,-0.25399285554885864,0.8765152096748352,0.5671018958091736,0.5848532319068909,0.003283459460362792,0.9997208714485168,0.5209569334983826,0.5855844020843506,-0.003392816986888647,0.9996730089187622,0.5710910558700562,0.754005491733551,0.021376095712184906,0.9922842979431152,0.5233202576637268,0.7492559552192688,-0.012599033303558826,0.9924135208129883,0.5748489499092102,0.885940670967102,0.18084155023097992,0.992489218711853,0.523899495601654,0.8756371736526489,0.146677628159523,0.9898249506950378,0.5705715417861938,0.8991129994392395,0.190815269947052,0.9112071394920349,0.5276426672935486,0.885197639465332,0.15774384140968323,0.8028566837310791,0.5846365690231323,0.9386499524116516,0.07719239592552185,0.9854580760002136,0.5246560573577881,0.9336963891983032,0.044103268533945084,0.9832899570465088
5333.333333333329,0.5351736545562744,0.3004089593887329,-0.37495097517967224,0.9999827146530151,0.5397401452064514,0.2849748134613037,-0.36395207047462463,0.9999388456344604,0.5432937741279602,0.28395941853523254,-0.3639514744281769,0.9999407529830933,0.5466740727424622,0.28319886326789856,-0.363974392414093,0.9999367594718933,0.5302571654319763,0.28794148564338684,-0.35951074957847595,0.9999334812164307,0.527651846408844,0.2888298034667969,-0.35958003997802734,0.9999393820762634,0.5255891680717468,0.289604514837265,-0.3596439063549042,0.9999368786811829,0.5526389479637146,0.28905925154685974,-0.2749277949333191,0.9998375773429871,0.5252655744552612,0.297181099653244,-0.25408124923706055,0.9998800754547119,0.5432625412940979,0.3145471215248108,-0.3402201235294342,0.9999814033508301,0.5308438539505005,0.3174320459365845,-0.33437249064445496,0.9999802112579346,0.5894761681556702,0.37994807958602905,-0.1909465193748474,0.9999474883079529,0.5096747875213623,0.3887879252433777,-0.19259317219257355,0.9999087452888489,0.5918098092079163,0.5012938976287842,-0.1691255122423172,0.9901391267776489,0.5063768625259399,0.5086654424667358,-0.17857715487480164,0.986487865447998,0.5630602240562439,0.5873030424118042,-0.23799428343772888,0.9768586158752441,0.5357002019882202,0.6037477254867554,-0.24723020195960999,0.95595383644104,0.5555373430252075,0.6180158257484436,-0.26922768354415894,0.9375247359275818,0.54258793592453,0.6333999037742615,-0.2799724340438843,0.9025285840034485,0.5511592626571655,0.6065570116043091,-0.28831323981285095,0.9391051530838013,0.5482318997383118,0.6245354413986206,-0.294418603181839,0.8993110060691833,0.5514605641365051,0.5956634879112244,-0.24585966765880585,0.9231897592544556,0.5471339821815491,0.6138961315155029,-0.25363999605178833,0.8779923319816589,0.5675407648086548,0.5828866362571716,0.0026373970322310925,0.9997254610061646,0.5218939781188965,0.5841118097305298,-0.002757893642410636,0.9996764063835144,0.571239173412323,0.7528957724571228,0.021384308114647865,0.9923573136329651,0.5232686400413513,0.7488778829574585,-0.0071288468316197395,0.9925066232681274,0.5756416320800781,0.883625328540802,0.18995718657970428,0.9925905466079712,0.5239657163619995,0.8739442825317383,0.16583596169948578,0.9900308847427368,0.5719395279884338,0.8969772458076477,0.20095936954021454,0.911062479019165,0.5276616811752319,0.88348388671875,0.17777568101882935,0.8056581020355225,0.5848920345306396,0.938082754611969,0.08880934119224548,0.9856685996055603,0.5245464444160461,0.9337348341941833,0.0647493228316307,0.9836598038673401
5366.666666666662,0.536427915096283,0.2981491684913635,-0.3859383463859558,0.9999825954437256,0.5406777262687683,0.2830895781517029,-0.3738609552383423,0.99993896484375,0.5442580580711365,0.28231751918792725,-0.3738633990287781,0.9999406933784485,0.5476725697517395,0.28163430094718933,-0.3738926947116852,0.9999368786811829,0.5310339331626892,0.28593191504478455,-0.370309442281723,0.9999338388442993,0.5284744501113892,0.28697505593299866,-0.3703864812850952,0.9999395608901978,0.5263031721115112,0.2880307734012604,-0.3704524338245392,0.9999374747276306,0.5535570383071899,0.2871370315551758,-0.2807122766971588,0.9998353123664856,0.5256924033164978,0.2960221469402313,-0.2637636959552765,0.9998791813850403,0.5448917746543884,0.31258735060691833,-0.3497945964336395,0.9999812245368958,0.5320153832435608,0.31550440192222595,-0.34513142704963684,0.9999801516532898,0.5903745293617249,0.3788253366947174,-0.19292886555194855,0.9999471306800842,0.510145366191864,0.38809144496917725,-0.20073619484901428,0.9999068379402161,0.5933368802070618,0.5002299547195435,-0.16966365277767181,0.9900158643722534,0.5065662264823914,0.5076627135276794,-0.18802471458911896,0.9864646792411804,0.567836582660675,0.5826667547225952,-0.24217483401298523,0.9770204424858093,0.5350148677825928,0.6049161553382874,-0.2612561881542206,0.9566363096237183,0.5593137145042419,0.6124485731124878,-0.27428147196769714,0.9383180737495422,0.5416623950004578,0.6338201761245728,-0.2951275408267975,0.9043004512786865,0.5552018880844116,0.6002944707870483,-0.2941669821739197,0.9399273991584778,0.547859787940979,0.6245253086090088,-0.31023111939430237,0.9012289047241211,0.555550754070282,0.590302050113678,-0.2506425380706787,0.9239595532417297,0.5468723177909851,0.6138671636581421,-0.2679610848426819,0.8799135684967041,0.5684831738471985,0.5815383791923523,0.0026650293730199337,0.999727725982666,0.5226766467094421,0.5832324028015137,-0.002787389326840639,0.9996795058250427,0.5715000629425049,0.7518095970153809,0.02228396013379097,0.992295503616333,0.5232345461845398,0.7478584051132202,-0.003129794495180249,0.9924489855766296,0.5759105682373047,0.8827059864997864,0.1943538337945938,0.9925220608711243,0.5238620638847351,0.8740280866622925,0.1746847927570343,0.9900616407394409,0.5724691152572632,0.8957189917564392,0.20553302764892578,0.9109781980514526,0.5275624394416809,0.883753776550293,0.18666750192642212,0.8065289258956909,0.5855211615562439,0.9378157258033752,0.09417352825403214,0.9856218695640564,0.5244551301002502,0.9338023662567139,0.07294466346502304,0.9836979508399963
5399.999999999995,0.5381909012794495,0.2963438034057617,-0.37695467472076416,0.999981701374054,0.5422773361206055,0.2815735340118408,-0.36357101798057556,0.999936580657959,0.5458210110664368,0.28092533349990845,-0.3635854423046112,0.9999380111694336,0.5492716431617737,0.28025341033935547,-0.36360275745391846,0.9999340176582336,0.5325977206230164,0.2842258810997009,-0.36151301860809326,0.9999315142631531,0.5299884676933289,0.285262793302536,-0.3615812063217163,0.9999372959136963,0.52791827917099,0.2864011526107788,-0.36165666580200195,0.9999356865882874,0.5550086498260498,0.2857925295829773,-0.26726630330085754,0.9998250007629395,0.5270029902458191,0.29448401927948,-0.2552669644355774,0.9998739361763,0.5465540289878845,0.3110170066356659,-0.33918559551239014,0.9999802708625793,0.5337011218070984,0.3137422204017639,-0.3362573981285095,0.9999794363975525,0.5914158225059509,0.37828224897384644,-0.17915095388889313,0.9999462366104126,0.5104561448097229,0.3873732388019562,-0.1920376867055893,0.9999064803123474,0.5954865217208862,0.49852266907691956,-0.1549965888261795,0.9893505573272705,0.5064159631729126,0.5065872073173523,-0.17657709121704102,0.9862360954284668,0.5755854845046997,0.5763769149780273,-0.2394016534090042,0.9762546420097351,0.531265377998352,0.605742335319519,-0.2556479871273041,0.9569562077522278,0.567093551158905,0.6037980914115906,-0.2725236713886261,0.9374830722808838,0.5382901430130005,0.6338238716125488,-0.2878507375717163,0.9056119322776794,0.561903715133667,0.5930410623550415,-0.2937547266483307,0.9392554759979248,0.5451943278312683,0.6243929266929626,-0.30291059613227844,0.9027562737464905,0.5620908141136169,0.5839155912399292,-0.2488161027431488,0.9229322671890259,0.5441616773605347,0.613932728767395,-0.261564165353775,0.8815106749534607,0.5695903897285461,0.5812669396400452,0.0029490776360034943,0.9997259974479675,0.5237544775009155,0.5830913186073303,-0.003065886441618204,0.9996790289878845,0.5720736384391785,0.7504815459251404,0.02391882613301277,0.9923548698425293,0.5228673219680786,0.7462942004203796,0.009274856187403202,0.9925570487976074,0.5762155055999756,0.882345974445343,0.2021675407886505,0.9926000833511353,0.5238021612167358,0.8723049163818359,0.19447873532772064,0.9901742935180664,0.5728060603141785,0.8953770399093628,0.2137354016304016,0.9113453030586243,0.5274473428726196,0.8831298351287842,0.20752805471420288,0.8093199729919434,0.585784375667572,0.9373623132705688,0.10043029487133026,0.985834538936615,0.5244402289390564,0.9333226084709167,0.09541506320238113,0.9838982820510864
5433.3333333333285,0.5395752191543579,0.29534581303596497,-0.38321810960769653,0.9999811053276062,0.5437843203544617,0.2805689871311188,-0.37002599239349365,0.9999352693557739,0.5473523736000061,0.27996018528938293,-0.3700328469276428,0.9999359846115112,0.550879716873169,0.27926719188690186,-0.3700546324253082,0.9999319314956665,0.5339747667312622,0.2831103205680847,-0.36864879727363586,0.999930739402771,0.5312935709953308,0.2841278314590454,-0.36872610449790955,0.9999366402626038,0.5293862223625183,0.28521883487701416,-0.36880168318748474,0.9999356865882874,0.5564705729484558,0.28486180305480957,-0.2701515555381775,0.9998157620429993,0.528333842754364,0.293256014585495,-0.26322105526924133,0.9998733401298523,0.5477302074432373,0.3102000057697296,-0.34455305337905884,0.9999796748161316,0.5349523425102234,0.312889039516449,-0.34264877438545227,0.9999792575836182,0.5922101140022278,0.37745383381843567,-0.1792672723531723,0.9999445080757141,0.5106331706047058,0.3871327042579651,-0.2018415778875351,0.9999078512191772,0.5973365306854248,0.49752581119537354,-0.1501823514699936,0.9882393479347229,0.5064558982849121,0.5050408840179443,-0.18736055493354797,0.9863280057907104,0.580056369304657,0.5760565996170044,-0.23692089319229126,0.9740644693374634,0.5288712978363037,0.6063358187675476,-0.26652219891548157,0.9574750661849976,0.5719518661499023,0.6045204401016235,-0.26987549662590027,0.9339773654937744,0.5363343358039856,0.6343082785606384,-0.300925612449646,0.9071890711784363,0.5661022663116455,0.5950457453727722,-0.2923876643180847,0.936061680316925,0.5434674024581909,0.6244922876358032,-0.3189674913883209,0.9045708775520325,0.5661126971244812,0.5858009457588196,-0.24700000882148743,0.9191535115242004,0.5423862338066101,0.6145766377449036,-0.27428215742111206,0.8833440542221069,0.571017861366272,0.581610381603241,0.00498665776103735,0.9997308254241943,0.5243285298347473,0.5831174254417419,-0.005101343616843224,0.9996839165687561,0.572745144367218,0.7513241171836853,0.02652079053223133,0.9924881458282471,0.5225231051445007,0.7463176846504211,0.01598372682929039,0.9927248954772949,0.576653778553009,0.8830593228340149,0.22160986065864563,0.9926732182502747,0.5237939953804016,0.8722939491271973,0.21697871387004852,0.9902103543281555,0.5730375051498413,0.8964861631393433,0.2350727766752243,0.9121565222740173,0.5273744463920593,0.8831276297569275,0.232332244515419,0.8107879757881165,0.5864684581756592,0.9373709559440613,0.12319182604551315,0.9860712885856628,0.5245184302330017,0.9332177042961121,0.12276090681552887,0.9840008020401001
5466.6666666666615,0.5410091876983643,0.2942468822002411,-0.3817984163761139,0.999981164932251,0.5453141927719116,0.2797583341598511,-0.36913785338401794,0.9999354481697083,0.5489553809165955,0.2792213559150696,-0.369137167930603,0.9999355673789978,0.552529513835907,0.278578519821167,-0.3691583275794983,0.9999314546585083,0.5353151559829712,0.28184396028518677,-0.3679285943508148,0.9999316930770874,0.5324458479881287,0.2827739119529724,-0.36800873279571533,0.9999376535415649,0.5305643677711487,0.28371700644493103,-0.36807939410209656,0.999937117099762,0.5579138398170471,0.2843109965324402,-0.27035200595855713,0.9998124837875366,0.5293055176734924,0.2916348874568939,-0.26540878415107727,0.9998759627342224,0.5489878058433533,0.3093033730983734,-0.3436821401119232,0.9999796748161316,0.5361490845680237,0.31168121099472046,-0.34203189611434937,0.999979555606842,0.5927999019622803,0.3770271837711334,-0.17825248837471008,0.9999427199363708,0.51092129945755,0.3867059648036957,-0.20449785888195038,0.9999104142189026,0.5985119342803955,0.4974452257156372,-0.14014580845832825,0.9873015284538269,0.5068093538284302,0.5039296746253967,-0.18749183416366577,0.9865533113479614,0.5833835005760193,0.5769435167312622,-0.22277037799358368,0.9721575975418091,0.5263494253158569,0.6065415740013123,-0.26329484581947327,0.9584928154945374,0.5752022862434387,0.6060175895690918,-0.2538711726665497,0.9309666752815247,0.5340296626091003,0.6348463296890259,-0.2967422902584076,0.9097567796707153,0.5693568587303162,0.596071720123291,-0.280936062335968,0.9334019422531128,0.5410718321800232,0.6249256730079651,-0.31547725200653076,0.9074499011039734,0.569726824760437,0.5883792042732239,-0.23473235964775085,0.9162116050720215,0.5400689244270325,0.6154844760894775,-0.271325021982193,0.8865336179733276,0.5725648999214172,0.5824427604675293,0.005476823076605797,0.9997339248657227,0.5254188179969788,0.5833641290664673,-0.005596464034169912,0.9996880292892456,0.573449969291687,0.7525252103805542,0.02614504098892212,0.9926042556762695,0.5222194790840149,0.7465072870254517,0.021468577906489372,0.9928644299507141,0.5770022869110107,0.8834586143493652,0.22074607014656067,0.9926788806915283,0.5238016247749329,0.8721975684165955,0.21923595666885376,0.9902396202087402,0.5732934474945068,0.8969771862030029,0.23430278897285461,0.9127188324928284,0.5273241400718689,0.8829078078269958,0.23423872888088226,0.8127147555351257,0.5866162776947021,0.937381386756897,0.12497047334909439,0.9862076044082642,0.525000810623169,0.9328736662864685,0.12672536075115204,0.9840630888938904
5499.9999999999945,0.5413881540298462,0.29391953349113464,-0.3837806284427643,0.9999819397926331,0.5458085536956787,0.2795584797859192,-0.3721928000450134,0.9999377131462097,0.5494539141654968,0.279051810503006,-0.3721834421157837,0.9999376535415649,0.5531020760536194,0.2783980965614319,-0.37220361828804016,0.9999337196350098,0.5358783602714539,0.2816180884838104,-0.3700050115585327,0.9999343156814575,0.5330159068107605,0.28249332308769226,-0.37008681893348694,0.999940037727356,0.531148374080658,0.2833976745605469,-0.370151549577713,0.9999396800994873,0.5590202212333679,0.28406086564064026,-0.27721893787384033,0.9998186826705933,0.530160129070282,0.2912012040615082,-0.2674698829650879,0.999880313873291,0.5494092106819153,0.3089737892150879,-0.3467097580432892,0.9999804496765137,0.5366199016571045,0.3111891448497772,-0.343961238861084,0.9999803900718689,0.5936080813407898,0.3763890266418457,-0.1848715841770172,0.9999427795410156,0.5120646357536316,0.38572174310684204,-0.20322531461715698,0.9999135136604309,0.5995158553123474,0.4972962439060211,-0.14310617744922638,0.9872978925704956,0.5069901347160339,0.5021361708641052,-0.1750442087650299,0.9866572022438049,0.5856875777244568,0.5845057368278503,-0.21486449241638184,0.971950888633728,0.5230270028114319,0.6065154075622559,-0.24819761514663696,0.9593185186386108,0.5789262652397156,0.6135591268539429,-0.2433893382549286,0.9309192299842834,0.5304995775222778,0.6352055668830872,-0.2789097726345062,0.9119232296943665,0.5726843476295471,0.6092950701713562,-0.2700134515762329,0.9335579872131348,0.5378051996231079,0.6260032653808594,-0.30220717191696167,0.9099434018135071,0.5730723738670349,0.6004523634910583,-0.22618018090724945,0.9166824221611023,0.5365860462188721,0.6163257360458374,-0.2580682039260864,0.8894947171211243,0.573888897895813,0.58280348777771,0.004935638979077339,0.9997363090515137,0.5264857411384583,0.5833948850631714,-0.005065324250608683,0.9996916055679321,0.5737228989601135,0.7528643608093262,0.02081037499010563,0.9927554130554199,0.5222129821777344,0.7465425729751587,0.024502284824848175,0.9930540323257446,0.5774183869361877,0.8834258913993835,0.21704111993312836,0.9927478432655334,0.5238436460494995,0.8730153441429138,0.21498148143291473,0.9904429316520691,0.5737151503562927,0.8969375491142273,0.23087039589881897,0.9140185117721558,0.5272896885871887,0.8833519816398621,0.22908072173595428,0.8163661956787109,0.5866722464561462,0.9374060034751892,0.12215806543827057,0.9864271283149719,0.5249639749526978,0.9334336519241333,0.11988857388496399,0.9843094944953918
5533.333333333328,0.5424493551254272,0.29319992661476135,-0.38201215863227844,0.9999831318855286,0.5467543005943298,0.2792695164680481,-0.37041744589805603,0.9999415874481201,0.5505111813545227,0.2787846326828003,-0.3704085648059845,0.9999414682388306,0.554158091545105,0.27810996770858765,-0.37042805552482605,0.9999378323554993,0.536857545375824,0.28111448884010315,-0.3681122660636902,0.999938428401947,0.5339239239692688,0.28195658326148987,-0.36819225549697876,0.999943733215332,0.5319374799728394,0.28283900022506714,-0.3682548403739929,0.9999433755874634,0.5603201985359192,0.2836751341819763,-0.27638813853263855,0.9998299479484558,0.531059980392456,0.29074424505233765,-0.2665141820907593,0.999887228012085,0.5504775643348694,0.30829405784606934,-0.3453005254268646,0.999981701374054,0.5378904342651367,0.31043338775634766,-0.34243446588516235,0.9999815821647644,0.594298779964447,0.3762209117412567,-0.18395216763019562,0.9999447464942932,0.5129973292350769,0.38515228033065796,-0.2013896107673645,0.999916136264801,0.60065758228302,0.4967173933982849,-0.13417395949363708,0.9877517223358154,0.5071417689323425,0.5009132027626038,-0.16778160631656647,0.9868520498275757,0.5920290350914001,0.5866937041282654,-0.20348723232746124,0.9731941223144531,0.5204833745956421,0.6062758564949036,-0.2389369159936905,0.9605086445808411,0.585344135761261,0.6168308854103088,-0.23069944977760315,0.9338341355323792,0.5277251601219177,0.6352033615112305,-0.26901525259017944,0.9146813750267029,0.5797411799430847,0.614364504814148,-0.2578090727329254,0.9365147352218628,0.534857451915741,0.6270171403884888,-0.2911946177482605,0.9130172729492188,0.5802980661392212,0.6048341989517212,-0.2147940993309021,0.9204623103141785,0.5335706472396851,0.6171013712882996,-0.2483782172203064,0.8931899070739746,0.5737903118133545,0.5826424956321716,0.00502681965008378,0.9997379183769226,0.5270777940750122,0.5818871855735779,-0.00516361091285944,0.9996929168701172,0.5736836194992065,0.7528533339500427,0.017156265676021576,0.9927196502685547,0.5222479104995728,0.7459284067153931,0.020435834303498268,0.9931177496910095,0.5773966908454895,0.8818576335906982,0.211613267660141,0.9926430583000183,0.5238285660743713,0.8749247789382935,0.21215204894542694,0.9904956817626953,0.5735704302787781,0.8939204216003418,0.22472713887691498,0.9144421815872192,0.5266501903533936,0.8848531246185303,0.2256193608045578,0.8169985413551331,0.5863952040672302,0.9366751313209534,0.11689954251050949,0.9863482117652893,0.5248322486877441,0.9337550401687622,0.11484019458293915,0.9842569231987
5566.666666666661,0.5431851744651794,0.29306840896606445,-0.3805161416530609,0.9999842643737793,0.5475147366523743,0.2792205214500427,-0.3696746528148651,0.999945342540741,0.5513268709182739,0.2787633538246155,-0.3696586787700653,0.9999451637268066,0.5549983978271484,0.27809903025627136,-0.3696707487106323,0.9999418258666992,0.5377085208892822,0.2809622585773468,-0.3674810230731964,0.9999422430992126,0.5348025560379028,0.28176426887512207,-0.367555171251297,0.9999471306800842,0.5327469110488892,0.2826243042945862,-0.36760133504867554,0.9999467730522156,0.5614701509475708,0.28361478447914124,-0.27597740292549133,0.999841034412384,0.5321584343910217,0.29038938879966736,-0.26528382301330566,0.9998932480812073,0.5513067245483398,0.30813324451446533,-0.34439313411712646,0.9999828934669495,0.5387808680534363,0.31010910868644714,-0.34187284111976624,0.9999827146530151,0.5953938364982605,0.37623515725135803,-0.18389111757278442,0.9999473690986633,0.5143234729766846,0.38424745202064514,-0.19462065398693085,0.9999191164970398,0.6014193892478943,0.49677151441574097,-0.1329812854528427,0.9882621169090271,0.5071735978126526,0.4990096986293793,-0.15608245134353638,0.986946702003479,0.5971678495407104,0.591853141784668,-0.19858510792255402,0.9746603965759277,0.517642080783844,0.6053007245063782,-0.22433504462242126,0.9618667364120483,0.59125816822052,0.6230657696723938,-0.22444342076778412,0.9372680187225342,0.5240442752838135,0.6351869702339172,-0.2524590492248535,0.9177800416946411,0.587106466293335,0.6205018758773804,-0.2517830729484558,0.9399356842041016,0.5305230021476746,0.6276751160621643,-0.27510756254196167,0.9164324998855591,0.5874156355857849,0.6105673313140869,-0.209791362285614,0.9247801899909973,0.5294994711875916,0.6173785328865051,-0.2339700609445572,0.8973920345306396,0.5743196606636047,0.582460880279541,0.005017257295548916,0.9997402429580688,0.5279256105422974,0.5806556344032288,-0.005152287892997265,0.9996941089630127,0.5737227201461792,0.7528714537620544,0.015970446169376373,0.9926984310150146,0.522788941860199,0.7455708384513855,0.017759323120117188,0.9932317733764648,0.5772822499275208,0.8816727995872498,0.21144922077655792,0.9926103353500366,0.5238115787506104,0.8768946528434753,0.198255717754364,0.9906026124954224,0.5731279850006104,0.8936328291893005,0.22348663210868835,0.9146385192871094,0.5264846086502075,0.8865900039672852,0.2105334848165512,0.8182368278503418,0.5858438014984131,0.9366776943206787,0.11338170617818832,0.9863810539245605,0.5248075723648071,0.934443473815918,0.09878597408533096,0.9843413829803467
5599.999999999994,0.5438690185546875,0.29283595085144043,-0.3521389961242676,0.99998539686203,0.5481296181678772,0.2790052592754364,-0.34146615862846375,0.9999491572380066,0.551967978477478,0.27855345606803894,-0.3414526581764221,0.999949038028717,0.5557186603546143,0.27787888050079346,-0.34145039319992065,0.9999459385871887,0.5383467078208923,0.28079313039779663,-0.3392082452774048,0.999946117401123,0.5355021357536316,0.281635582447052,-0.33926650881767273,0.9999505281448364,0.5334565043449402,0.2825283110141754,-0.33930113911628723,0.9999500513076782,0.5623509883880615,0.28340229392051697,-0.2529291808605194,0.9998522996902466,0.5330536961555481,0.29006749391555786,-0.24345426261425018,0.9998993873596191,0.5522938370704651,0.30793508887290955,-0.3177184462547302,0.999984085559845,0.5396893620491028,0.30985701084136963,-0.31511420011520386,0.9999837875366211,0.5960981249809265,0.3762545585632324,-0.16550321877002716,0.9999505281448364,0.5152397155761719,0.3837752044200897,-0.17569966614246368,0.9999225735664368,0.6019582748413086,0.4963320195674896,-0.11121522635221481,0.9888383746147156,0.5074470043182373,0.4983348250389099,-0.13701193034648895,0.9868074655532837,0.6016960144042969,0.5927881598472595,-0.1757107824087143,0.9763883352279663,0.5148934125900269,0.6043749451637268,-0.20185351371765137,0.9629788398742676,0.5998316407203674,0.6229634881019592,-0.1998266726732254,0.9413711428642273,0.5196945071220398,0.6350843906402588,-0.2280971109867096,0.9205063581466675,0.5952299237251282,0.6210008263587952,-0.22770024836063385,0.9439639449119568,0.5259149670600891,0.6276865601539612,-0.2514501214027405,0.9194350838661194,0.594304621219635,0.611295759677887,-0.18719275295734406,0.9298221468925476,0.5256878137588501,0.6173433065414429,-0.21179933845996857,0.9011955857276917,0.5747161507606506,0.5824275016784668,0.005769187118858099,0.9997435808181763,0.5285102128982544,0.5801238417625427,-0.005919175688177347,0.999695360660553,0.5737215876579285,0.7518520355224609,0.016631102189421654,0.9926847815513611,0.523568332195282,0.7440921068191528,0.013368056155741215,0.9934414625167847,0.5772154927253723,0.8814069628715515,0.19568517804145813,0.9926433563232422,0.5236042141914368,0.8770073056221008,0.17848612368106842,0.9907922744750977,0.5724586248397827,0.8934915065765381,0.20643045008182526,0.9160172343254089,0.526024341583252,0.8869305849075317,0.1893908828496933,0.8210985660552979,0.58575838804245,0.9366706609725952,0.10131924599409103,0.9864705801010132,0.5244730710983276,0.9344016313552856,0.07950712740421295,0.9845205545425415
5633.333333333327,0.5448251366615295,0.2927084267139435,-0.33424416184425354,0.9999862313270569,0.5492985844612122,0.27886930108070374,-0.32339221239089966,0.9999515414237976,0.5531517267227173,0.27845481038093567,-0.3233789801597595,0.9999514818191528,0.556911826133728,0.2778068482875824,-0.3233731687068939,0.9999485015869141,0.5394518375396729,0.28053539991378784,-0.3216072618961334,0.9999483823776245,0.5365723967552185,0.2813550531864166,-0.32166239619255066,0.999952495098114,0.534518837928772,0.28222253918647766,-0.32170066237449646,0.9999517202377319,0.5635705590248108,0.28336092829704285,-0.23526926338672638,0.9998586773872375,0.5341004133224487,0.2897130250930786,-0.22812344133853912,0.999902069568634,0.5532692074775696,0.3078628182411194,-0.2998543381690979,0.9999848008155823,0.540592610836029,0.3096592128276825,-0.2978770136833191,0.9999843835830688,0.5972060561180115,0.3762531280517578,-0.14944042265415192,0.9999531507492065,0.5156241059303284,0.3838196098804474,-0.1624288707971573,0.9999254941940308,0.6029731631278992,0.4951767027378082,-0.09169504046440125,0.9892815947532654,0.5076188445091248,0.49780961871147156,-0.12235727161169052,0.9866316318511963,0.6073797941207886,0.5922963619232178,-0.1559866964817047,0.9779171347618103,0.5124487280845642,0.6035118103027344,-0.18260475993156433,0.9640796780586243,0.6078887581825256,0.6224294304847717,-0.17814405262470245,0.9450762271881104,0.5159333944320679,0.6348932385444641,-0.20696522295475006,0.9232010245323181,0.6045904755592346,0.6207935214042664,-0.20651088654994965,0.947632372379303,0.5219590663909912,0.6280578374862671,-0.23083321750164032,0.9223963022232056,0.602726399898529,0.6113720536231995,-0.16772736608982086,0.9344068169593811,0.5223556160926819,0.6175981760025024,-0.19262723624706268,0.9048255681991577,0.5754651427268982,0.5830877423286438,0.007159424480050802,0.9997466802597046,0.5291692614555359,0.5801489949226379,-0.007331667933613062,0.999695360660553,0.573841392993927,0.7517720460891724,0.016972443088889122,0.9925944805145264,0.5254690647125244,0.7439607381820679,0.008858290500938892,0.9935968518257141,0.5771618485450745,0.8812535405158997,0.1901313215494156,0.9926907420158386,0.5236265063285828,0.8769939541816711,0.17440181970596313,0.9909242987632751,0.5719277262687683,0.8934954404830933,0.2006857842206955,0.9174288511276245,0.5260267853736877,0.8869532942771912,0.18561579287052155,0.8233538866043091,0.5856980681419373,0.9366201758384705,0.09638985246419907,0.9866271615028381,0.5244700312614441,0.9339659214019775,0.0768103376030922,0.984686553478241
5666.66666666666,0.5457040667533875,0.29265546798706055,-0.32744869589805603,0.9999867677688599,0.5502085089683533,0.27878379821777344,-0.3170213997364044,0.9999529123306274,0.5540141463279724,0.278396874666214,-0.3170084059238434,0.9999529719352722,0.5577567219734192,0.2777765393257141,-0.31700578331947327,0.9999500513076782,0.5404565930366516,0.2804197072982788,-0.31464189291000366,0.9999495148658752,0.5376041531562805,0.2812329828739166,-0.3146952688694,0.9999535083770752,0.5355275869369507,0.28210094571113586,-0.3147330582141876,0.9999523162841797,0.564380943775177,0.2833656668663025,-0.23176921904087067,0.9998620748519897,0.5350849032402039,0.2895364463329315,-0.2221316248178482,0.9999017119407654,0.5540334582328796,0.307809054851532,-0.2942618429660797,0.9999850988388062,0.5414169430732727,0.3095126152038574,-0.29152897000312805,0.9999845027923584,0.5978635549545288,0.3762799799442291,-0.1497737318277359,0.9999548196792603,0.5164124965667725,0.38386476039886475,-0.15554067492485046,0.9999271631240845,0.6033879518508911,0.49397340416908264,-0.09582923352718353,0.9896296858787537,0.5082263350486755,0.4966907203197479,-0.11456238478422165,0.9861594438552856,0.6112385988235474,0.5920427441596985,-0.15846210718154907,0.9791568517684937,0.5106496214866638,0.602582573890686,-0.17190136015415192,0.964506983757019,0.6138876676559448,0.6220394968986511,-0.17988945543766022,0.9480468034744263,0.5122212767601013,0.6346393823623657,-0.19482620060443878,0.9245345592498779,0.6106841564178467,0.6199644804000854,-0.20829442143440247,0.9506158232688904,0.5183497667312622,0.6289807558059692,-0.21873632073402405,0.9240019917488098,0.6082996129989624,0.6106573939323425,-0.17023983597755432,0.9381765127182007,0.5192581415176392,0.6181509494781494,-0.1820550560951233,0.9069641828536987,0.57630455493927,0.58169025182724,0.0070636579766869545,0.9997450709342957,0.5303764343261719,0.5787298083305359,-0.007234509103000164,0.9996916651725769,0.5739849805831909,0.7485395669937134,0.015394875779747963,0.9925008416175842,0.5273117423057556,0.7423383593559265,0.005941630806773901,0.993726372718811,0.576624870300293,0.8805224895477295,0.1780601590871811,0.9927238821983337,0.5236808061599731,0.8762407302856445,0.16561242938041687,0.9910471439361572,0.5709019303321838,0.8933680057525635,0.18796563148498535,0.9184549450874329,0.526065468788147,0.8868258595466614,0.17610588669776917,0.8246604204177856,0.5852436423301697,0.9363957643508911,0.08332808315753937,0.986743688583374,0.5244946479797363,0.9332379102706909,0.06746745854616165,0.9848195910453796
5699.999999999993,0.5466539263725281,0.29262372851371765,-0.3358932137489319,0.9999875426292419,0.5512897372245789,0.2787385880947113,-0.3258231580257416,0.9999552369117737,0.555063784122467,0.27837058901786804,-0.3258097469806671,0.9999552965164185,0.5587999224662781,0.27776914834976196,-0.3258107006549835,0.9999525547027588,0.5415633320808411,0.28034117817878723,-0.322983056306839,0.9999518394470215,0.5386651158332825,0.28113240003585815,-0.3230394721031189,0.9999555945396423,0.5365959405899048,0.28196704387664795,-0.3230744004249573,0.9999542236328125,0.5653502941131592,0.28337720036506653,-0.24082590639591217,0.9998685121536255,0.5360714197158813,0.28940549492836,-0.22942043840885162,0.9999042749404907,0.5548334121704102,0.30779168009757996,-0.30291038751602173,0.9999856948852539,0.5422924160957336,0.3094203472137451,-0.2996111810207367,0.9999850392341614,0.5985988974571228,0.37658581137657166,-0.15752294659614563,0.9999567270278931,0.5175300240516663,0.3839021325111389,-0.16094325482845306,0.9999300837516785,0.6042288541793823,0.4940013885498047,-0.10860919207334518,0.9900301694869995,0.5087890028953552,0.4962358772754669,-0.11961439996957779,0.9858819246292114,0.6135572791099548,0.5929282307624817,-0.17076539993286133,0.9802953004837036,0.5085852146148682,0.6025846004486084,-0.1774757355451584,0.9649816155433655,0.616690993309021,0.6227434873580933,-0.19269664585590363,0.9506457448005676,0.5089210867881775,0.6347074508666992,-0.19986768066883087,0.925744354724884,0.6130710244178772,0.6221751570701599,-0.2205096185207367,0.9532343149185181,0.5143449306488037,0.631221354007721,-0.2243882268667221,0.9254761338233948,0.6106235384941101,0.6124741435050964,-0.1821991503238678,0.9415168762207031,0.515740692615509,0.6198461651802063,-0.18789416551589966,0.9089889526367188,0.5766899585723877,0.5808745622634888,0.006593512836843729,0.999744713306427,0.530867874622345,0.5777416825294495,-0.006774356588721275,0.9996909499168396,0.573974609375,0.7456441521644592,0.014283975586295128,0.9921523332595825,0.5283960103988647,0.7387224435806274,0.006117069628089666,0.9937465786933899,0.5765054225921631,0.8800974488258362,0.16551414132118225,0.9925597310066223,0.5236228108406067,0.8760396838188171,0.16010290384292603,0.9909734725952148,0.5704578757286072,0.8933072686195374,0.17448875308036804,0.9185751080513,0.5260103344917297,0.8868539333343506,0.1699383407831192,0.8242368102073669,0.5852458477020264,0.9364005923271179,0.06999073922634125,0.9866421222686768,0.5245266556739807,0.9329436421394348,0.06177394837141037,0.9846586585044861
5733.333333333326,0.5479847192764282,0.2925562858581543,-0.3420545160770416,0.9999882578849792,0.5525698065757751,0.2787151336669922,-0.33179622888565063,0.9999573230743408,0.5562994480133057,0.27835991978645325,-0.33178436756134033,0.9999575018882751,0.5600131750106812,0.2777661979198456,-0.3317893445491791,0.999954879283905,0.542878270149231,0.2803124487400055,-0.32892313599586487,0.9999538064002991,0.5399152040481567,0.2810955345630646,-0.3289807140827179,0.9999573230743408,0.5378287434577942,0.281908243894577,-0.3290160894393921,0.9999557137489319,0.5663613080978394,0.2833886444568634,-0.24538107216358185,0.9998746514320374,0.5370612740516663,0.28937461972236633,-0.23385615646839142,0.9999058842658997,0.5560204386711121,0.3077511489391327,-0.3085983693599701,0.9999861717224121,0.5436067581176758,0.30932143330574036,-0.3052195608615875,0.99998539686203,0.5992596745491028,0.3768828213214874,-0.16000573337078094,0.9999585747718811,0.5190629959106445,0.3841027617454529,-0.1631949245929718,0.9999323487281799,0.6046611666679382,0.4940512776374817,-0.11105634272098541,0.990291953086853,0.5094783306121826,0.4963328540325165,-0.12193613499403,0.9853804111480713,0.6165563464164734,0.5949594974517822,-0.17746242880821228,0.9811177849769592,0.506137490272522,0.6026545763015747,-0.17987483739852905,0.964879035949707,0.6211735606193542,0.6237395405769348,-0.20073649287223816,0.9524866342544556,0.5057793259620667,0.6348761916160583,-0.20138071477413177,0.9256924986839294,0.6185328960418701,0.6248308420181274,-0.22778916358947754,0.9551949501037598,0.5107123255729675,0.6330567002296448,-0.22742366790771484,0.9257768392562866,0.6161709427833557,0.6150446534156799,-0.18788538873195648,0.9441109895706177,0.512337863445282,0.6216475367546082,-0.19097796082496643,0.9097456932067871,0.5772470831871033,0.5789600014686584,0.0062888008542358875,0.9997435808181763,0.5314794182777405,0.5765696167945862,-0.006475059315562248,0.9996868371963501,0.5739852786064148,0.7425689697265625,0.009874784387648106,0.991670548915863,0.5301508903503418,0.7343406677246094,0.003225508611649275,0.9936869740486145,0.5764554738998413,0.8796271085739136,0.1589381992816925,0.9923580288887024,0.5236583948135376,0.8757718205451965,0.1553857922554016,0.9908309578895569,0.5704271197319031,0.8931021094322205,0.16759975254535675,0.9177740216255188,0.5261653065681458,0.8868498206138611,0.16492268443107605,0.822735071182251,0.58524090051651,0.9364765286445618,0.05943185091018677,0.986477792263031,0.5246795415878296,0.9325658082962036,0.05434035882353783,0.9844456315040588
5766.666666666659,0.5492708086967468,0.29253527522087097,-0.3537684381008148,0.9999889731407166,0.5541432499885559,0.2786705493927002,-0.3439790904521942,0.9999597668647766,0.5578386187553406,0.27835094928741455,-0.34396621584892273,0.9999600052833557,0.5614674687385559,0.2777714431285858,-0.34397250413894653,0.9999574422836304,0.5443433523178101,0.2801615297794342,-0.341073215007782,0.9999563694000244,0.5412384867668152,0.2809138894081116,-0.3411349058151245,0.9999596476554871,0.5390924215316772,0.28166699409484863,-0.34116417169570923,0.9999579787254333,0.5675527453422546,0.2835211157798767,-0.2567928433418274,0.9998816251754761,0.5381154417991638,0.2891562283039093,-0.24553778767585754,0.9999104142189026,0.5570252537727356,0.30776605010032654,-0.31981661915779114,0.9999867677688599,0.5445812940597534,0.3092415928840637,-0.31656304001808167,0.9999860525131226,0.5998900532722473,0.3771148920059204,-0.1695191115140915,0.9999598860740662,0.5202296376228333,0.38412389159202576,-0.16895905137062073,0.9999358057975769,0.6051823496818542,0.4941790997982025,-0.11510778218507767,0.9903934001922607,0.5098692178726196,0.49648115038871765,-0.12926699221134186,0.9853538274765015,0.6183264255523682,0.5977567434310913,-0.18003828823566437,0.981709897518158,0.5039775967597961,0.6041407585144043,-0.19033044576644897,0.9655669927597046,0.6233163475990295,0.626292884349823,-0.2039438784122467,0.9537976384162903,0.5035396218299866,0.6361027359962463,-0.21460671722888947,0.927085280418396,0.6210376024246216,0.6280301213264465,-0.23045256733894348,0.9566404819488525,0.5084518790245056,0.6359828114509583,-0.2377290576696396,0.9274376630783081,0.6185570359230042,0.617764949798584,-0.18858447670936584,0.946120023727417,0.5099334120750427,0.6248193979263306,-0.19937846064567566,0.9119502902030945,0.5776569247245789,0.5781843066215515,0.007272087037563324,0.9997428059577942,0.5315384268760681,0.5762659311294556,-0.007463426794856787,0.9996867775917053,0.5740048289299011,0.7410719990730286,0.010979259386658669,0.9911122918128967,0.5302327275276184,0.7339732646942139,0.000933020724914968,0.9937402606010437,0.5761131644248962,0.8793411254882812,0.1673530787229538,0.9921342134475708,0.5234391093254089,0.8757767677307129,0.155258908867836,0.9908629655838013,0.5700247883796692,0.8931125998497009,0.176667720079422,0.9182475209236145,0.5259278416633606,0.887031078338623,0.16499973833560944,0.8234781622886658,0.5851455926895142,0.9367768168449402,0.06985844671726227,0.9863568544387817,0.5246812701225281,0.9327663779258728,0.053200677037239075,0.9844345450401306
5799.999999999992,0.5506282448768616,0.2933433949947357,-0.35936838388442993,0.9999896287918091,0.5557464361190796,0.278967022895813,-0.34992796182632446,0.999961793422699,0.5593675374984741,0.27877724170684814,-0.3499127924442291,0.9999620318412781,0.5628494024276733,0.2783960700035095,-0.3499155640602112,0.9999595284461975,0.5459652543067932,0.28031933307647705,-0.34750452637672424,0.9999584555625916,0.5428769588470459,0.2810087502002716,-0.34756767749786377,0.9999614953994751,0.5404690504074097,0.2816791832447052,-0.3476012945175171,0.9999597072601318,0.568723738193512,0.28452935814857483,-0.26105961203575134,0.9998876452445984,0.5393049716949463,0.28918689489364624,-0.25160303711891174,0.9999142289161682,0.558063268661499,0.30846595764160156,-0.3242383301258087,0.9999873042106628,0.5456201434135437,0.3097132444381714,-0.3215431272983551,0.9999865889549255,0.6007258892059326,0.3772485554218292,-0.1706053912639618,0.9999616146087646,0.5212270617485046,0.383964866399765,-0.17204686999320984,0.9999393224716187,0.6060830354690552,0.49422183632850647,-0.11620717495679855,0.9905641674995422,0.5100033283233643,0.4965090751647949,-0.1329279989004135,0.9855431914329529,0.6202389001846313,0.5979092717170715,-0.1800260692834854,0.9824445843696594,0.5016589164733887,0.6076775193214417,-0.19417425990104675,0.966601550579071,0.6260254979133606,0.6266047358512878,-0.2015027552843094,0.9554737210273743,0.5002003312110901,0.6399349570274353,-0.2170807421207428,0.9290611743927002,0.6237706542015076,0.6283054351806641,-0.2311311662197113,0.9584069848060608,0.5056320428848267,0.6398805379867554,-0.24243658781051636,0.9296523332595825,0.6212252378463745,0.6179172992706299,-0.19103284180164337,0.9484775066375732,0.5074483156204224,0.6288074851036072,-0.20406319200992584,0.9147932529449463,0.5780360102653503,0.5781633257865906,0.008106181398034096,0.9997392296791077,0.5313823819160461,0.576420783996582,-0.008296680636703968,0.9996827840805054,0.5739976167678833,0.7411264777183533,0.01181398332118988,0.9906782507896423,0.530119001865387,0.7342709898948669,-0.0006655456963926554,0.9937430620193481,0.5752941370010376,0.8793873190879822,0.17161494493484497,0.9919250011444092,0.52305668592453,0.8765875697135925,0.15691737830638885,0.9908174872398376,0.569263219833374,0.8933819532394409,0.18136323988437653,0.9184083938598633,0.5256066918373108,0.8881076574325562,0.16695019602775574,0.8237609267234802,0.5847291946411133,0.9372609853744507,0.07424169033765793,0.9862282872200012,0.524658203125,0.933801531791687,0.05333356186747551,0.9843346476554871
5833.333333333325,0.5512198805809021,0.29382190108299255,-0.3589917719364166,0.9999902844429016,0.5565581917762756,0.2792779505252838,-0.3496037721633911,0.9999639987945557,0.5602131485939026,0.2792375683784485,-0.3495880663394928,0.9999643564224243,0.5637187361717224,0.2790377140045166,-0.3495901823043823,0.9999619126319885,0.5467971563339233,0.2803709805011749,-0.34705325961112976,0.9999606609344482,0.5437847375869751,0.2810330390930176,-0.34711530804634094,0.9999635219573975,0.5413727164268494,0.2816540002822876,-0.3471482992172241,0.9999615550041199,0.5696170926094055,0.285264790058136,-0.2609917223453522,0.9998946189880371,0.5404642224311829,0.2888747751712799,-0.25086739659309387,0.9999183416366577,0.5583630204200745,0.30892348289489746,-0.3239065110683441,0.9999879598617554,0.546089231967926,0.30997204780578613,-0.32109543681144714,0.9999872446060181,0.6011277437210083,0.37726590037345886,-0.17068052291870117,0.9999638199806213,0.52256178855896,0.38370123505592346,-0.1719927340745926,0.9999427795410156,0.6069462895393372,0.4942159056663513,-0.11564110964536667,0.9908561706542969,0.5099565982818604,0.4966055452823639,-0.1271197348833084,0.9857515096664429,0.6213758587837219,0.5980784893035889,-0.17974504828453064,0.9833393096923828,0.4998857080936432,0.607633650302887,-0.18611104786396027,0.9677637815475464,0.6271524429321289,0.6272132396697998,-0.20068779587745667,0.9575323462486267,0.4972894489765167,0.6403715014457703,-0.20690397918224335,0.9312830567359924,0.6245418787002563,0.6288242340087891,-0.23135073482990265,0.9604817628860474,0.5021693706512451,0.6408703923225403,-0.2353842556476593,0.9320936799049377,0.6220282316207886,0.618351936340332,-0.19185465574264526,0.9511598944664001,0.504281222820282,0.6294336915016174,-0.1979149878025055,0.9179639220237732,0.5786890387535095,0.5782250761985779,0.008158235810697079,0.999742865562439,0.5317503213882446,0.5764503479003906,-0.008349020965397358,0.9996851086616516,0.574104905128479,0.7413395643234253,0.01214011013507843,0.9905146956443787,0.5299405455589294,0.7384498119354248,3.1278457754524425e-05,0.9938052892684937,0.5752368569374084,0.8794037699699402,0.174117311835289,0.9918240904808044,0.5223250985145569,0.8770815134048462,0.15913966298103333,0.9907689094543457,0.5692223906517029,0.8933899402618408,0.18452467024326324,0.9187453389167786,0.5245659947395325,0.88829106092453,0.16908641159534454,0.8230289220809937,0.5846160054206848,0.9372878670692444,0.07644311338663101,0.9862107634544373,0.5244435667991638,0.9341949820518494,0.0584731251001358,0.9842814803123474
5866.666666666658,0.551857590675354,0.29514211416244507,-0.35401543974876404,0.9999909400939941,0.5572377443313599,0.2807612121105194,-0.34551799297332764,0.9999662637710571,0.5610314011573792,0.2809257209300995,-0.345502644777298,0.9999666810035706,0.564428985118866,0.2809707820415497,-0.3455013632774353,0.9999643564224243,0.5475618839263916,0.28105637431144714,-0.342502236366272,0.9999629259109497,0.544764518737793,0.28144100308418274,-0.3425558805465698,0.999965488910675,0.5423057079315186,0.28183525800704956,-0.3425765633583069,0.9999634027481079,0.5704864263534546,0.287015825510025,-0.2578829228878021,0.9999018311500549,0.541540265083313,0.2888970971107483,-0.24591830372810364,0.9999223947525024,0.558724582195282,0.31018829345703125,-0.31893008947372437,0.9999886155128479,0.5466099381446838,0.31088021397590637,-0.3155284821987152,0.9999878406524658,0.6015077233314514,0.377271831035614,-0.16802707314491272,0.9999660849571228,0.5235620737075806,0.38326188921928406,-0.16342179477214813,0.9999461770057678,0.6076891422271729,0.4939521551132202,-0.11195564270019531,0.9912147521972656,0.5099179744720459,0.4949861168861389,-0.11317165195941925,0.9859463572502136,0.6220237612724304,0.5979135632514954,-0.17691689729690552,0.9842599034309387,0.49812278151512146,0.6048874258995056,-0.1720047891139984,0.968948483467102,0.627575159072876,0.6272226572036743,-0.19731540977954865,0.9596507549285889,0.4941047132015228,0.6388006806373596,-0.19186823070049286,0.9335557222366333,0.6248032450675964,0.6287888884544373,-0.2288513034582138,0.9625782370567322,0.4985138773918152,0.6402376294136047,-0.22092610597610474,0.9345637559890747,0.6223883032798767,0.6182931661605835,-0.1898004710674286,0.953830897808075,0.5010973215103149,0.6291778683662415,-0.18429750204086304,0.9211018681526184,0.5789095163345337,0.5782718658447266,0.008084001019597054,0.99974524974823,0.5318025946617126,0.5765455961227417,-0.008272730745375156,0.9996871948242188,0.5741636157035828,0.7415319681167603,0.009384348057210445,0.9903517365455627,0.5297707915306091,0.7387699484825134,-0.0017870340961962938,0.9938661456108093,0.5752084851264954,0.879412829875946,0.1702091097831726,0.9917754530906677,0.5218278765678406,0.8778327107429504,0.15497399866580963,0.9907936453819275,0.5692145824432373,0.8934162259101868,0.18013682961463928,0.9194875955581665,0.5236061811447144,0.8887974619865417,0.16470742225646973,0.8227574825286865,0.5845960974693298,0.9372344017028809,0.07202612608671188,0.9862834811210632,0.5243638157844543,0.934382438659668,0.05098571255803108,0.9843493103981018
5899.999999999991,0.5526295900344849,0.2964782118797302,-0.3509744107723236,0.9999915361404419,0.5582956075668335,0.2820050120353699,-0.34248849749565125,0.9999682903289795,0.5621453523635864,0.28232836723327637,-0.3424738943576813,0.9999687671661377,0.5654087066650391,0.28258007764816284,-0.3424740135669708,0.999966561794281,0.5486182570457458,0.2816447913646698,-0.3398337662220001,0.9999650120735168,0.545878529548645,0.2818114757537842,-0.3398844599723816,0.9999673366546631,0.5433598756790161,0.2820267379283905,-0.33989980816841125,0.9999651312828064,0.5714252591133118,0.288671612739563,-0.2536751329898834,0.9999085068702698,0.5424768328666687,0.2889120280742645,-0.24341315031051636,0.9999262690544128,0.5591529607772827,0.31171104311943054,-0.3152126371860504,0.9999892115592957,0.5471450686454773,0.31196966767311096,-0.3123132288455963,0.9999884366989136,0.6017354726791382,0.3771633207798004,-0.16302870213985443,0.9999682903289795,0.5237786769866943,0.38318365812301636,-0.15966607630252838,0.9999493360519409,0.6080514788627625,0.49366679787635803,-0.10355130583047867,0.9916142225265503,0.509896993637085,0.4941592812538147,-0.10690762102603912,0.9862056374549866,0.6221843361854553,0.597672164440155,-0.1686619371175766,0.9851809144020081,0.497099369764328,0.6020272374153137,-0.1674165278673172,0.9701623320579529,0.6274406909942627,0.6271477341651917,-0.18901686370372772,0.9617823958396912,0.49274900555610657,0.6359264254570007,-0.18798194825649261,0.9359927773475647,0.6246818900108337,0.628665566444397,-0.22095420956611633,0.9646433591842651,0.49718382954597473,0.6385875344276428,-0.21758417785167694,0.9371808171272278,0.6223164796829224,0.6181309819221497,-0.1819707304239273,0.9564321041107178,0.500019907951355,0.6265382766723633,-0.18003639578819275,0.9243280291557312,0.5792521238327026,0.5781323313713074,0.008057025261223316,0.9997490644454956,0.5320844054222107,0.5766029357910156,-0.008242644369602203,0.9996914267539978,0.5745487809181213,0.7419079542160034,0.005217529367655516,0.990420937538147,0.5297790169715881,0.7387945055961609,-0.005561315454542637,0.9939787983894348,0.5750914216041565,0.8792297840118408,0.16858191788196564,0.9917791485786438,0.5210304260253906,0.8779163956642151,0.1509963423013687,0.9908909201622009,0.5690478682518005,0.8931705951690674,0.17864590883255005,0.9202467203140259,0.5225511789321899,0.8888389468193054,0.16069334745407104,0.8234922885894775,0.5843232274055481,0.9369359612464905,0.07123203575611115,0.9864048361778259,0.523923933506012,0.9343917965888977,0.04660996049642563,0.9845283627510071
5933.333333333324,0.5532127022743225,0.2989409267902374,-0.34348800778388977,0.9999920725822449,0.5590249300003052,0.2842234969139099,-0.33514100313186646,0.9999700784683228,0.5628498792648315,0.28437918424606323,-0.33512452244758606,0.999970555305481,0.5661141872406006,0.28460976481437683,-0.3351186513900757,0.999968409538269,0.5494371652603149,0.283245712518692,-0.3327314555644989,0.9999668598175049,0.5466469526290894,0.28299832344055176,-0.3327801823616028,0.9999690055847168,0.5441195368766785,0.2829954922199249,-0.33279651403427124,0.9999667406082153,0.5720456838607788,0.29039615392684937,-0.24600274860858917,0.9999142289161682,0.5431354641914368,0.289309561252594,-0.2367503046989441,0.9999299645423889,0.5594764947891235,0.31390586495399475,-0.3073434829711914,0.9999897480010986,0.5476924180984497,0.31390199065208435,-0.3047347068786621,0.9999889731407166,0.6020289063453674,0.3769213855266571,-0.15431073307991028,0.9999703168869019,0.5237876772880554,0.38303840160369873,-0.1529594361782074,0.9999526143074036,0.6084507703781128,0.49332138895988464,-0.09264251589775085,0.991981565952301,0.5098158121109009,0.4932021498680115,-0.10039491206407547,0.9866161942481995,0.6223622560501099,0.5975043177604675,-0.15871697664260864,0.9860514402389526,0.4966382682323456,0.5997731685638428,-0.16224351525306702,0.9716054797172546,0.6276453733444214,0.6270085573196411,-0.17882704734802246,0.9638257026672363,0.49249401688575745,0.6334658265113831,-0.18291647732257843,0.9388756155967712,0.6248981952667236,0.6283954381942749,-0.21065351366996765,0.966611385345459,0.4971722960472107,0.6362224221229553,-0.21205255389213562,0.9401766061782837,0.6224865317344666,0.6178901195526123,-0.17203755676746368,0.9588927030563354,0.5000354647636414,0.6238179802894592,-0.174594908952713,0.9279245138168335,0.5794780850410461,0.578157365322113,0.008016697131097317,0.9997506737709045,0.532284677028656,0.5766370296478271,-0.00820116512477398,0.9996946454048157,0.5749500393867493,0.7425892949104309,0.003195179393514991,0.9904428124427795,0.5298449397087097,0.7388725876808167,-0.007970377802848816,0.9940547347068787,0.5750916600227356,0.8792372345924377,0.1629122644662857,0.9917470216751099,0.5202862620353699,0.8782265186309814,0.14364437758922577,0.9909535646438599,0.5690568685531616,0.8931758403778076,0.17254282534122467,0.9206029176712036,0.5214861035346985,0.8893232345581055,0.15280790627002716,0.8239649534225464,0.5842878222465515,0.9369210600852966,0.06532181054353714,0.9864771962165833,0.5236960649490356,0.9346293210983276,0.03830789774656296,0.9846590161323547
5966.666666666657,0.5536724328994751,0.30058395862579346,-0.3423194885253906,0.9999925494194031,0.5596122741699219,0.28579071164131165,-0.3338232636451721,0.9999715089797974,0.5634053945541382,0.2858208119869232,-0.3338046371936798,0.9999719858169556,0.5666659474372864,0.28596732020378113,-0.33379650115966797,0.9999698400497437,0.5502000451087952,0.28456008434295654,-0.33159419894218445,0.999968409538269,0.5474298000335693,0.2840227782726288,-0.3316453695297241,0.9999704360961914,0.5449116230010986,0.28385040163993835,-0.3316646218299866,0.9999681115150452,0.5725762844085693,0.29156044125556946,-0.2445991337299347,0.9999187588691711,0.5440019369125366,0.28966400027275085,-0.2361171543598175,0.9999330043792725,0.5597917437553406,0.31540000438690186,-0.3061603307723999,0.9999901652336121,0.5482838749885559,0.3152132034301758,-0.30379998683929443,0.9999894499778748,0.6023523807525635,0.37666189670562744,-0.15320830047130585,0.9999720454216003,0.5237764120101929,0.38304421305656433,-0.15284903347492218,0.9999555945396423,0.6087848544120789,0.4931589663028717,-0.09166199713945389,0.9923189878463745,0.5096322894096375,0.49309173226356506,-0.10139086097478867,0.9871008992195129,0.6224393844604492,0.597385585308075,-0.15762391686439514,0.9868214726448059,0.49683529138565063,0.5980134606361389,-0.16284741461277008,0.9730629324913025,0.6273566484451294,0.6270089149475098,-0.17780499160289764,0.965627133846283,0.4933644235134125,0.6311582922935486,-0.1836560070514679,0.9417686462402344,0.6248024106025696,0.6283560395240784,-0.2094421237707138,0.9683480262756348,0.49837711453437805,0.6334136128425598,-0.2122967392206192,0.9431498050689697,0.6225089430809021,0.6178186535835266,-0.1708625704050064,0.9610661864280701,0.5010970830917358,0.6212447881698608,-0.17491532862186432,0.9314588308334351,0.5801611542701721,0.5781561136245728,0.007998914457857609,0.9997513294219971,0.5328447818756104,0.5767463445663452,-0.008181830868124962,0.999697744846344,0.5753287672996521,0.7428185939788818,0.002463666023686528,0.9905526041984558,0.530353307723999,0.7395340204238892,-0.008852389641106129,0.9941537976264954,0.5751247406005859,0.8793045878410339,0.1594018042087555,0.9917802214622498,0.5197756290435791,0.8785828351974487,0.14043019711971283,0.9910812377929688,0.5691273212432861,0.8932569622993469,0.16871514916419983,0.9210660457611084,0.520699143409729,0.8894398808479309,0.14933672547340393,0.8252346515655518,0.5842888355255127,0.9369511008262634,0.061412565410137177,0.9866256713867188,0.5234429836273193,0.9352815747261047,0.03502620384097099,0.9848729372024536
5999.99999999999,0.5542483925819397,0.3007853627204895,-0.3440912663936615,0.9999929070472717,0.5602115392684937,0.2860698103904724,-0.3352818787097931,0.9999724626541138,0.5639828443527222,0.2861289381980896,-0.3352644145488739,0.9999729990959167,0.5672274231910706,0.28630518913269043,-0.33525902032852173,0.9999707341194153,0.5508832335472107,0.2848239839076996,-0.3329516649246216,0.9999695420265198,0.5481535792350769,0.28424540162086487,-0.3330049216747284,0.9999715685844421,0.5456106662750244,0.2840310335159302,-0.33302780985832214,0.9999691843986511,0.5732906460762024,0.2920786738395691,-0.24625162780284882,0.9999215006828308,0.5447112917900085,0.289726585149765,-0.23707762360572815,0.9999351501464844,0.5603399872779846,0.3157201409339905,-0.30826547741889954,0.9999903440475464,0.5489209890365601,0.31553903222084045,-0.3057238757610321,0.9999897480010986,0.6029495596885681,0.3765268623828888,-0.15589289367198944,0.9999733567237854,0.5242311954498291,0.3830483853816986,-0.15604934096336365,0.9999582767486572,0.6091991662979126,0.4929552376270294,-0.09736993163824081,0.992513120174408,0.5094528794288635,0.49316778779029846,-0.10664103925228119,0.987558901309967,0.6221485733985901,0.5972477793693542,-0.1623094081878662,0.987322211265564,0.49738171696662903,0.5975144505500793,-0.16709618270397186,0.9743343591690063,0.6269820928573608,0.6266204714775085,-0.18243823945522308,0.9667636752128601,0.4947384297847748,0.6306363344192505,-0.18793217837810516,0.9442232847213745,0.6246823072433472,0.6282674670219421,-0.21334198117256165,0.9694725275039673,0.49983787536621094,0.6322855353355408,-0.2153601348400116,0.9456578493118286,0.6223838329315186,0.6177876591682434,-0.17520220577716827,0.9625108242034912,0.5023486614227295,0.6200538277626038,-0.17865043878555298,0.9343962073326111,0.5807601809501648,0.5780088305473328,0.007832230068743229,0.999751627445221,0.5335689783096313,0.5768071413040161,-0.008016960695385933,0.9997012615203857,0.5755077600479126,0.7412487268447876,0.0033781651873141527,0.9906796216964722,0.5313087701797485,0.7374964356422424,-0.007164458278566599,0.9943085312843323,0.5751785039901733,0.8782979846000671,0.16052542626857758,0.9919270277023315,0.5198398232460022,0.8775901198387146,0.14395855367183685,0.9913294911384583,0.5691461563110352,0.8923444747924805,0.16970014572143555,0.9221956729888916,0.5208657383918762,0.8884714841842651,0.15310168266296387,0.8282545208930969,0.5843124985694885,0.9368856549263,0.06279347091913223,0.9869624972343445,0.5234509706497192,0.9352836608886719,0.0400608666241169,0.9852984547615051
6033.333333333323,0.5551749467849731,0.30086928606033325,-0.3404986262321472,0.9999932050704956,0.5612043738365173,0.28616514801979065,-0.33160972595214844,0.9999731779098511,0.5649359226226807,0.2862578332424164,-0.3315901458263397,0.999973714351654,0.5680776238441467,0.2864477038383484,-0.3315783441066742,0.999971330165863,0.551711916923523,0.2849918603897095,-0.3292546570301056,0.9999704360961914,0.5489455461502075,0.28441426157951355,-0.3293086290359497,0.999972403049469,0.5462896823883057,0.28418996930122375,-0.32933130860328674,0.999970018863678,0.5741955041885376,0.2923920452594757,-0.24369965493679047,0.9999231696128845,0.5451971292495728,0.28987306356430054,-0.2344416081905365,0.9999368786811829,0.561497688293457,0.31592726707458496,-0.30521857738494873,0.9999904036521912,0.5498358607292175,0.3158350884914398,-0.30261942744255066,0.999989926815033,0.6036656498908997,0.3764800429344177,-0.15554015338420868,0.9999741315841675,0.524852454662323,0.3830551207065582,-0.15413205325603485,0.9999604225158691,0.6093915700912476,0.49277231097221375,-0.0987430065870285,0.9925014972686768,0.5094618201255798,0.4932368993759155,-0.1055961325764656,0.9879700541496277,0.6213274002075195,0.5962043404579163,-0.16368767619132996,0.9875466227531433,0.49804559350013733,0.5975674986839294,-0.16575635969638824,0.9754448533058167,0.626163899898529,0.6250081062316895,-0.18381212651729584,0.9672876000404358,0.4957798421382904,0.6303788423538208,-0.1865876466035843,0.9463596940040588,0.623930811882019,0.6266366243362427,-0.21417811512947083,0.9700237512588501,0.5008735656738281,0.6314536333084106,-0.21323399245738983,0.9478389620780945,0.6216129064559937,0.616725742816925,-0.17640544474124908,0.963280975818634,0.5032052397727966,0.6195820569992065,-0.1769685298204422,0.9369738101959229,0.5811392068862915,0.5777872800827026,0.007557340897619724,0.9997506737709045,0.5340182185173035,0.5766496062278748,-0.007743334863334894,0.9997032284736633,0.5757807493209839,0.7411671876907349,0.00307961693033576,0.990697979927063,0.5315892696380615,0.7343645691871643,-0.007164239417761564,0.9944131374359131,0.5751809477806091,0.8779428005218506,0.15329819917678833,0.9920082092285156,0.5199015736579895,0.8766975402832031,0.13972589373588562,0.9915091395378113,0.5691338777542114,0.8919980525970459,0.16188110411167145,0.9229274988174438,0.5209769010543823,0.8878747820854187,0.14845246076583862,0.8303738236427307,0.5844075679779053,0.9368845820426941,0.055523596704006195,0.9871866106987,0.5234528183937073,0.9352821707725525,0.03671104460954666,0.9856177568435669
6066.666666666656,0.5561603903770447,0.30075743794441223,-0.3420838713645935,0.9999934434890747,0.5621951818466187,0.2860995829105377,-0.33306390047073364,0.9999738931655884,0.5658684968948364,0.28623053431510925,-0.3330453038215637,0.9999743700027466,0.5689303278923035,0.28644752502441406,-0.3330363929271698,0.9999719858169556,0.5526100397109985,0.2849869728088379,-0.33065810799598694,0.9999713897705078,0.5498208999633789,0.284430593252182,-0.3307129144668579,0.9999732375144958,0.5470622181892395,0.2842113971710205,-0.33073747158050537,0.9999709725379944,0.5750291347503662,0.29255685210227966,-0.2449231594800949,0.9999250173568726,0.5456497669219971,0.2899380028247833,-0.23525309562683105,0.9999386668205261,0.5626438856124878,0.31586599349975586,-0.30678802728652954,0.9999905228614807,0.5507271885871887,0.3158166706562042,-0.3041219413280487,0.9999901652336121,0.6041104793548584,0.3764808177947998,-0.15654903650283813,0.99997478723526,0.5250016450881958,0.38317301869392395,-0.15558338165283203,0.9999620914459229,0.609593391418457,0.49242106080055237,-0.09890950471162796,0.9924869537353516,0.5094895958900452,0.49329155683517456,-0.1080680638551712,0.9883430600166321,0.6207672953605652,0.593457043170929,-0.16779528558254242,0.9876854419708252,0.4983307719230652,0.5976892709732056,-0.16876381635665894,0.9762869477272034,0.6253915429115295,0.6222230195999146,-0.18843039870262146,0.9675900340080261,0.4962500333786011,0.6306721568107605,-0.19002015888690948,0.9478825926780701,0.6230175495147705,0.6240033507347107,-0.2189408838748932,0.9703697562217712,0.5019729137420654,0.6315433382987976,-0.21677152812480927,0.9494436979293823,0.6207342743873596,0.6144899129867554,-0.18069298565387726,0.9637867212295532,0.504347562789917,0.6197468042373657,-0.18003888428211212,0.938941240310669,0.5816622376441956,0.5777249336242676,0.006377099547535181,0.9997475147247314,0.534420371055603,0.576644778251648,-0.0065523115918040276,0.9997034072875977,0.5762628316879272,0.7410855293273926,0.001745373709127307,0.9908059239387512,0.5322031378746033,0.7347403168678284,-0.006637244019657373,0.9944400191307068,0.575181245803833,0.8779613375663757,0.15028122067451477,0.9920821785926819,0.5202326774597168,0.8771483898162842,0.13990876078605652,0.9916080832481384,0.5690462589263916,0.8920183777809143,0.15869592130184174,0.9231260418891907,0.5214229226112366,0.8884578347206116,0.14844249188899994,0.8313969373703003,0.5844717025756836,0.9369288682937622,0.0507071390748024,0.9873586893081665,0.5233751535415649,0.9357569813728333,0.035502515733242035,0.9858037233352661
6099.999999999989,0.5571029186248779,0.30080893635749817,-0.339745432138443,0.999993622303009,0.5631979703903198,0.2861819565296173,-0.3307286500930786,0.9999743103981018,0.5668278336524963,0.2863481640815735,-0.3307117521762848,0.9999746680259705,0.5697450041770935,0.2865704298019409,-0.33070507645606995,0.9999722838401794,0.5534506440162659,0.2851218581199646,-0.3288818299770355,0.9999721050262451,0.5506375432014465,0.28456026315689087,-0.32893848419189453,0.9999738931655884,0.5477679967880249,0.28433480858802795,-0.32896560430526733,0.9999717473983765,0.5757662653923035,0.2927071154117584,-0.24258112907409668,0.999925434589386,0.546103835105896,0.2900322377681732,-0.23519660532474518,0.9999403357505798,0.5636613965034485,0.3159187436103821,-0.3043516278266907,0.9999905228614807,0.5515455603599548,0.31592845916748047,-0.30238357186317444,0.9999903440475464,0.6044486165046692,0.3764038681983948,-0.15454404056072235,0.9999749064445496,0.5254781246185303,0.38306546211242676,-0.15604959428310394,0.9999634623527527,0.6100237369537354,0.49170544743537903,-0.09810375422239304,0.9922857284545898,0.5100138783454895,0.49335604906082153,-0.10948293656110764,0.9886849522590637,0.620456337928772,0.5921414494514465,-0.1653246432542801,0.9875741600990295,0.5009756684303284,0.5985286831855774,-0.1702776849269867,0.9769415855407715,0.6234804391860962,0.6206256151199341,-0.18628321588039398,0.9673681855201721,0.5004745721817017,0.6320339441299438,-0.19170674681663513,0.9490916132926941,0.621554970741272,0.6215722560882568,-0.21597376465797424,0.9702088832855225,0.5066654086112976,0.6325722932815552,-0.2184867262840271,0.9507179856300354,0.6190370917320251,0.6128377914428711,-0.1778697818517685,0.9636479020118713,0.5088473558425903,0.621234655380249,-0.181545227766037,0.9405251741409302,0.5823642611503601,0.5776987075805664,0.006291294004768133,0.9997408986091614,0.5352242588996887,0.5765475034713745,-0.0064652529545128345,0.9997013211250305,0.5767776370048523,0.7413489818572998,0.002202809089794755,0.9909376502037048,0.5330424904823303,0.7350189685821533,-0.006579650100320578,0.994455873966217,0.575174868106842,0.8781802654266357,0.14894135296344757,0.9921385049819946,0.5204998850822449,0.877212643623352,0.13712336122989655,0.9916624426841736,0.568841278553009,0.8921377062797546,0.15714193880558014,0.9233039021492004,0.5216718316078186,0.888603687286377,0.14534418284893036,0.8314526081085205,0.5845817923545837,0.936927080154419,0.05029398575425148,0.9874356985092163,0.5233533978462219,0.9358365535736084,0.03277362883090973,0.985876739025116
6133.333333333322,0.5577582716941833,0.30102479457855225,-0.33991172909736633,0.9999938607215881,0.5638653635978699,0.2864181101322174,-0.3308813273906708,0.9999750852584839,0.5674963593482971,0.28659486770629883,-0.33086127042770386,0.9999752640724182,0.5703308582305908,0.2868008315563202,-0.33085310459136963,0.9999729990959167,0.5540421605110168,0.28538060188293457,-0.329120934009552,0.9999731183052063,0.5512393712997437,0.2847733795642853,-0.32917818427085876,0.9999748468399048,0.548329770565033,0.28451311588287354,-0.3292040228843689,0.9999728798866272,0.5762719511985779,0.29290440678596497,-0.2431744486093521,0.999926745891571,0.5465394854545593,0.2901444733142853,-0.2357068657875061,0.9999426007270813,0.5642995238304138,0.3160756528377533,-0.3047366738319397,0.9999907612800598,0.5521611571311951,0.31611669063568115,-0.30288615822792053,0.999990701675415,0.6048710346221924,0.37640687823295593,-0.15546269714832306,0.9999751448631287,0.5256503224372864,0.3830658793449402,-0.1561962515115738,0.9999646544456482,0.6105536222457886,0.4917040169239044,-0.09905464202165604,0.992255687713623,0.5108405351638794,0.4933985471725464,-0.11188981682062149,0.9890871047973633,0.6184391379356384,0.5923011302947998,-0.16307446360588074,0.9877897500991821,0.5058101415634155,0.5989693403244019,-0.1723380982875824,0.9777327179908752,0.6196699738502502,0.6213787794113159,-0.1839560717344284,0.9679020643234253,0.5063984394073486,0.6328620910644531,-0.1945740431547165,0.9506440758705139,0.6166414618492126,0.6220981478691101,-0.21269534528255463,0.9706999063491821,0.5130122303962708,0.6327464580535889,-0.2188209593296051,0.9522745013237,0.6141859889030457,0.6130702495574951,-0.17497001588344574,0.9641902446746826,0.515197217464447,0.6214888691902161,-0.1823704093694687,0.9423725008964539,0.5832324624061584,0.5776906609535217,0.005897322669625282,0.9997352957725525,0.5364425182342529,0.5761866569519043,-0.006072869524359703,0.999700129032135,0.5770739912986755,0.7413903474807739,0.002625449560582638,0.9910441040992737,0.5338796973228455,0.7340487837791443,-0.006363763008266687,0.9944688677787781,0.5752078890800476,0.8782123923301697,0.14714965224266052,0.9921665191650391,0.5216530561447144,0.8771703243255615,0.13428352773189545,0.9917032718658447,0.5688142776489258,0.8922193050384521,0.154942125082016,0.923159658908844,0.5233040452003479,0.8885875344276428,0.1421698033809662,0.8315066695213318,0.5847011208534241,0.9367188215255737,0.049828965216875076,0.9874585270881653,0.5235926508903503,0.9350096583366394,0.03124779276549816,0.9858894944190979
6166.666666666655,0.5583452582359314,0.30102065205574036,-0.3616902530193329,0.9999942183494568,0.5644523501396179,0.2864108979701996,-0.352925568819046,0.9999763369560242,0.568053126335144,0.2866048514842987,-0.3528948426246643,0.9999763369560242,0.5708602666854858,0.28681591153144836,-0.35289138555526733,0.9999741911888123,0.5546180009841919,0.28541499376296997,-0.35153627395629883,0.9999746084213257,0.5517928004264832,0.28482064604759216,-0.3516072630882263,0.9999762177467346,0.5488749146461487,0.2845620810985565,-0.3516392707824707,0.9999744892120361,0.5768457055091858,0.2929718494415283,-0.263894647359848,0.9999295473098755,0.5470334887504578,0.2902333736419678,-0.2592341899871826,0.999946117401123,0.5648620128631592,0.31611502170562744,-0.32577359676361084,0.9999911785125732,0.5527494549751282,0.31619152426719666,-0.3245290517807007,0.999991238117218,0.6057548522949219,0.37664124369621277,-0.16873766481876373,0.9999752044677734,0.5264021158218384,0.38301944732666016,-0.18266819417476654,0.9999663233757019,0.6110154986381531,0.49238088726997375,-0.10983243584632874,0.9921872019767761,0.5119410753250122,0.49348488450050354,-0.1442772001028061,0.9895808696746826,0.6149080991744995,0.5954967141151428,-0.16830582916736603,0.9878572225570679,0.5114175081253052,0.6000186204910278,-0.20725829899311066,0.9786158800125122,0.6149222254753113,0.6263105869293213,-0.19040729105472565,0.968017041683197,0.5123936533927917,0.6352257132530212,-0.23215985298156738,0.9524052739143372,0.6099613904953003,0.6263258457183838,-0.2177874892950058,0.9707664847373962,0.5192133784294128,0.6342719793319702,-0.25603583455085754,0.953986406326294,0.6081473231315613,0.6157828569412231,-0.17929230630397797,0.9642147421836853,0.5213378071784973,0.6226295232772827,-0.21691587567329407,0.9443703293800354,0.5838615298271179,0.5765645503997803,0.006977440789341927,0.9997326731681824,0.5376331806182861,0.5744701623916626,-0.007161634974181652,0.9997034668922424,0.5774986147880554,0.7405858039855957,0.011153104715049267,0.9909745454788208,0.5341219305992126,0.733799159526825,-0.005492905154824257,0.9944362044334412,0.5752063989639282,0.8782375454902649,0.15044774115085602,0.9921063780784607,0.5228704214096069,0.8774650692939758,0.13346505165100098,0.9917495846748352,0.5684457421302795,0.8922433853149414,0.15870073437690735,0.9237647652626038,0.5252590775489807,0.8888790607452393,0.14120379090309143,0.8322869539260864,0.584831178188324,0.9366804361343384,0.0511513389647007,0.9874011278152466,0.5240569710731506,0.9350132942199707,0.03058023378252983,0.9858647584915161
6199.999999999988,0.5590301752090454,0.3009987771511078,-0.39277639985084534,0.9999945759773254,0.565054714679718,0.28639668226242065,-0.382718026638031,0.9999778270721436,0.5686331987380981,0.28660741448402405,-0.38268452882766724,0.999977707862854,0.5713961720466614,0.2868248522281647,-0.3826846778392792,0.9999757409095764,0.555262565612793,0.28543296456336975,-0.3819897770881653,0.999976396560669,0.5524357557296753,0.28485679626464844,-0.38207054138183594,0.9999778866767883,0.5494912266731262,0.2846142649650574,-0.3821038603782654,0.9999763369560242,0.5773494243621826,0.29305917024612427,-0.2882511019706726,0.9999333024024963,0.5474368929862976,0.29049941897392273,-0.28715410828590393,0.999950110912323,0.5655549168586731,0.31614458560943604,-0.35516273975372314,0.9999917149543762,0.5534658432006836,0.3162229657173157,-0.35488322377204895,0.9999918341636658,0.6062758564949036,0.3766544759273529,-0.18802055716514587,0.9999757409095764,0.5268843173980713,0.3831856846809387,-0.20952337980270386,0.9999679327011108,0.6112140417098999,0.4926617741584778,-0.13073331117630005,0.9923703074455261,0.5130066275596619,0.49409958720207214,-0.17501218616962433,0.9901911616325378,0.61197829246521,0.5957419872283936,-0.19210124015808105,0.9882639050483704,0.5167877078056335,0.6006885766983032,-0.24111653864383698,0.9797365069389343,0.610072672367096,0.6274790167808533,-0.21702934801578522,0.9689087271690369,0.5181664824485779,0.6367356181144714,-0.2692070007324219,0.9546658396720886,0.6044549942016602,0.6263131499290466,-0.2451048046350479,0.971543550491333,0.5256654024124146,0.6345979571342468,-0.29209232330322266,0.9561548829078674,0.6030285358428955,0.6157437562942505,-0.20342357456684113,0.9650843739509583,0.5273792743682861,0.6228890419006348,-0.2503803074359894,0.9468377232551575,0.5845147967338562,0.5753253698348999,0.008728879503905773,0.9997360110282898,0.53882896900177,0.5728792548179626,-0.008910375647246838,0.9997110366821289,0.5774808526039124,0.7406730651855469,0.02578108198940754,0.9909089803695679,0.5340093970298767,0.7341036796569824,0.0007427033851854503,0.9943798780441284,0.5750726461410522,0.8783493041992188,0.16483774781227112,0.9920857548713684,0.5231674313545227,0.8778689503669739,0.134372279047966,0.9918199181556702,0.5677624344825745,0.8922672271728516,0.1726503223180771,0.9251555800437927,0.5258310437202454,0.8892965912818909,0.14316990971565247,0.8328351378440857,0.5848289728164673,0.9367213249206543,0.069865383207798,0.9874454736709595,0.5245320200920105,0.9353654384613037,0.0314122773706913,0.9858807325363159
6233.333333333321,0.5596805214881897,0.3009793758392334,-0.4061214327812195,0.999994695186615,0.5656344890594482,0.2863767445087433,-0.3953491449356079,0.9999784827232361,0.5691912174224854,0.2865974009037018,-0.39531877636909485,0.9999781250953674,0.5718929767608643,0.2868175208568573,-0.39533016085624695,0.9999763369560242,0.5558899641036987,0.28543123602867126,-0.39473894238471985,0.9999773502349854,0.5530773401260376,0.2848619818687439,-0.3948288857936859,0.99997878074646,0.5501405000686646,0.2846195101737976,-0.39487236738204956,0.9999774694442749,0.5778518319129944,0.29312682151794434,-0.2998066544532776,0.9999330043792725,0.5478925704956055,0.29060667753219604,-0.29916346073150635,0.9999524354934692,0.5660855174064636,0.3162071704864502,-0.3683980405330658,0.999991774559021,0.5541296601295471,0.3162778317928314,-0.36826783418655396,0.9999920725822449,0.606572687625885,0.37668755650520325,-0.19979722797870636,0.9999744296073914,0.5273929834365845,0.3831876814365387,-0.22487741708755493,0.9999682903289795,0.6111647486686707,0.4927038252353668,-0.14753100275993347,0.9924303889274597,0.5148507952690125,0.49518781900405884,-0.19562771916389465,0.9906661510467529,0.6072772741317749,0.5958781242370605,-0.20828036963939667,0.9883994460105896,0.5223131775856018,0.6033379435539246,-0.26063117384910583,0.98055100440979,0.6032816171646118,0.6278735399246216,-0.2338898628950119,0.9691191911697388,0.5250243544578552,0.63797926902771,-0.29034101963043213,0.9562812447547913,0.5977204442024231,0.6258495450019836,-0.261431485414505,0.971689760684967,0.5329470038414001,0.6346032023429871,-0.31138908863067627,0.9576806426048279,0.5967617630958557,0.6155242919921875,-0.21941713988780975,0.9651524424552917,0.5336681604385376,0.6230540871620178,-0.2691483497619629,0.9484281539916992,0.5844389200210571,0.5751282572746277,0.010138518176972866,0.9997376203536987,0.5387479066848755,0.5721912384033203,-0.010321932844817638,0.9997184872627258,0.5774592757225037,0.7406736612319946,0.03497959300875664,0.990720272064209,0.5345224738121033,0.7338730096817017,0.007369477767497301,0.9942519068717957,0.5750282406806946,0.8785252571105957,0.17534321546554565,0.9920423626899719,0.5247890949249268,0.8778522610664368,0.14565260708332062,0.9919029474258423,0.5674391984939575,0.8924891352653503,0.18340322375297546,0.9265371561050415,0.5276424288749695,0.8892962336540222,0.1542346328496933,0.833418071269989,0.5847674012184143,0.9365065693855286,0.08200883865356445,0.9874391555786133,0.5254074335098267,0.9347047209739685,0.0452692024409771,0.9859021306037903
6266.666666666654,0.5598548054695129,0.30096012353897095,-0.4074667692184448,0.9999948143959045,0.5657522678375244,0.2863643169403076,-0.39679205417633057,0.9999790787696838,0.569372832775116,0.2865813970565796,-0.3967628479003906,0.9999785423278809,0.572158694267273,0.2867976129055023,-0.39677757024765015,0.9999769330024719,0.5560397505760193,0.2854257822036743,-0.3955201506614685,0.9999783039093018,0.5532153844833374,0.2848614454269409,-0.3956134617328644,0.9999796748161316,0.550334095954895,0.28462231159210205,-0.39566102623939514,0.9999785423278809,0.578203022480011,0.29313454031944275,-0.30264127254486084,0.9999334812164307,0.5481589436531067,0.29074591398239136,-0.2986965775489807,0.9999547004699707,0.5663819909095764,0.3162618577480316,-0.3703824579715729,0.9999918937683105,0.554394543170929,0.3163197934627533,-0.36928924918174744,0.9999923706054688,0.6069509387016296,0.376827597618103,-0.2052321434020996,0.9999726414680481,0.5278446078300476,0.38355928659439087,-0.22360920906066895,0.999968409538269,0.6110993027687073,0.4930674135684967,-0.15667428076267242,0.9925431609153748,0.5166657567024231,0.49601292610168457,-0.19312061369419098,0.9910966753959656,0.6033288836479187,0.5961015224456787,-0.21901103854179382,0.9884823560714722,0.5269428491592407,0.6039945483207703,-0.2600252032279968,0.9813398718833923,0.5973933935165405,0.6283965110778809,-0.2458406239748001,0.9691911339759827,0.5310124158859253,0.6380962133407593,-0.2901303470134735,0.9578343033790588,0.5910753011703491,0.6256866455078125,-0.2726866900920868,0.971697211265564,0.5386592745780945,0.6340608596801758,-0.3106997311115265,0.9591509699821472,0.5908021926879883,0.6154162287712097,-0.22989487648010254,0.9650210738182068,0.5386055111885071,0.6227269172668457,-0.2684086859226227,0.949978232383728,0.585153341293335,0.5750465393066406,0.010048646479845047,0.999734103679657,0.5393021106719971,0.5722942352294922,-0.010225559584796429,0.9997228980064392,0.5778228640556335,0.7410971522331238,0.0312945581972599,0.9907090663909912,0.5349158644676208,0.7345818877220154,0.011062133125960827,0.9940815567970276,0.5750778913497925,0.8788762092590332,0.17619545757770538,0.9919931888580322,0.5258592963218689,0.8784506916999817,0.1510045826435089,0.9919005632400513,0.5674538016319275,0.8926715850830078,0.1846744269132614,0.927443265914917,0.5296180844306946,0.8901122808456421,0.1594509780406952,0.8329831957817078,0.5846685767173767,0.9363760948181152,0.08198260515928268,0.9873327612876892,0.5261557102203369,0.9345137476921082,0.04989387094974518,0.9857673048973083
6299.999999999987,0.5600230097770691,0.3009456992149353,-0.40258315205574036,0.9999948740005493,0.5659418106079102,0.2862780690193176,-0.3912278115749359,0.9999793767929077,0.5696138739585876,0.2865055799484253,-0.3912033438682556,0.9999786615371704,0.5724701285362244,0.28673145174980164,-0.39121466875076294,0.9999771118164062,0.5561515092849731,0.28536760807037354,-0.39010682702064514,0.9999788999557495,0.5532833933830261,0.2848300039768219,-0.3901980221271515,0.9999802112579346,0.5504500269889832,0.2846151888370514,-0.39025071263313293,0.9999792575836182,0.5786054134368896,0.29312124848365784,-0.2948763072490692,0.9999326467514038,0.5484074354171753,0.29075923562049866,-0.29139673709869385,0.9999563694000244,0.5666989088058472,0.3162647485733032,-0.36464208364486694,0.9999919533729553,0.5545673370361328,0.31633758544921875,-0.3637256324291229,0.9999925494194031,0.6075102686882019,0.37705114483833313,-0.1960771679878235,0.999971330165863,0.5284854173660278,0.3835676610469818,-0.21908095479011536,0.9999684691429138,0.611002504825592,0.4934023916721344,-0.14668607711791992,0.9925391674041748,0.5183554291725159,0.4969601631164551,-0.19138571619987488,0.9914253354072571,0.5981009006500244,0.5960851311683655,-0.21396684646606445,0.988461971282959,0.5330131649971008,0.6046112775802612,-0.26170459389686584,0.9818766117095947,0.5927194356918335,0.6283082962036133,-0.24164816737174988,0.969123125076294,0.5378589630126953,0.6383017301559448,-0.2936224937438965,0.9589298963546753,0.586010754108429,0.6247074604034424,-0.2686508595943451,0.9715749025344849,0.5463084578514099,0.6335327625274658,-0.3131199777126312,0.9601503610610962,0.5855267643928528,0.614529550075531,-0.2250424325466156,0.9647244811058044,0.5460888147354126,0.6224985718727112,-0.2696753144264221,0.9508877992630005,0.5854465365409851,0.5760583281517029,0.01032247208058834,0.9997355937957764,0.5396665930747986,0.5742378830909729,-0.01048672292381525,0.9997289180755615,0.5780423283576965,0.7426713705062866,0.03647862747311592,0.9907088279724121,0.534809947013855,0.7383594512939453,0.012476249597966671,0.9940395951271057,0.5756054520606995,0.8789243698120117,0.19279956817626953,0.9919686317443848,0.5261412858963013,0.8787038326263428,0.1626095324754715,0.9919649362564087,0.5679557919502258,0.8926939368247986,0.2025299221277237,0.9286227226257324,0.5301671624183655,0.8904705047607422,0.17214129865169525,0.8331976532936096,0.5846760272979736,0.9363874197006226,0.09833557158708572,0.9873148202896118,0.5268654227256775,0.934481143951416,0.06005358323454857,0.9857644438743591
6333.33333333332,0.5605544447898865,0.3008708357810974,-0.3947388231754303,0.9999947547912598,0.5664081573486328,0.2861824333667755,-0.3837408125400543,0.9999788999557495,0.5700557231903076,0.28641676902770996,-0.38371673226356506,0.9999780654907227,0.5728881359100342,0.2866477370262146,-0.38372671604156494,0.9999765157699585,0.55648273229599,0.28527769446372986,-0.38256263732910156,0.99997878074646,0.5535243153572083,0.2847542464733124,-0.3826505243778229,0.999980092048645,0.5506676435470581,0.28455671668052673,-0.3827047348022461,0.9999792575836182,0.5788956880569458,0.2930833101272583,-0.2889476716518402,0.9999299049377441,0.5485742688179016,0.29073578119277954,-0.2851628363132477,0.9999567866325378,0.5672556161880493,0.3162092864513397,-0.35732290148735046,0.999991774559021,0.5549546480178833,0.31631895899772644,-0.35629957914352417,0.9999924898147583,0.6078746318817139,0.37727922201156616,-0.19243663549423218,0.999969482421875,0.5287259817123413,0.3835124969482422,-0.2148713618516922,0.9999675750732422,0.610648512840271,0.4942496418952942,-0.14663688838481903,0.9925073385238647,0.5205909609794617,0.4984322488307953,-0.18982866406440735,0.99164217710495,0.5935324430465698,0.5956140160560608,-0.21490474045276642,0.9884412288665771,0.5388106107711792,0.604719340801239,-0.2582022547721863,0.9820559024810791,0.5877172946929932,0.6279737949371338,-0.24382886290550232,0.9690680503845215,0.5437203645706177,0.6382572650909424,-0.28979477286338806,0.9592443704605103,0.5798652768135071,0.6228294372558594,-0.2695545256137848,0.9714663028717041,0.552578866481781,0.6327415108680725,-0.308657169342041,0.9603906273841858,0.5794469714164734,0.6128065586090088,-0.22551332414150238,0.9644083976745605,0.5524198412895203,0.6220595240592957,-0.2658359706401825,0.9509583711624146,0.5859394073486328,0.5761818289756775,0.0102242948487401,0.9997304677963257,0.5405133366584778,0.5756101012229919,-0.010399604216217995,0.9997307658195496,0.5782057046890259,0.7427726984024048,0.036429524421691895,0.9908230304718018,0.5345103740692139,0.7399047017097473,0.013730889186263084,0.9939470291137695,0.5756655931472778,0.8790139555931091,0.1867220401763916,0.9919880032539368,0.5258698463439941,0.8790321350097656,0.16001756489276886,0.9919605255126953,0.5681703090667725,0.8927733898162842,0.19571951031684875,0.9295077919960022,0.5300562381744385,0.890869677066803,0.16898426413536072,0.8320233225822449,0.5846683979034424,0.9364874958992004,0.09140985459089279,0.987278401851654,0.5268884897232056,0.9346635937690735,0.05694962665438652,0.9856087565422058
6366.666666666653,0.5608735680580139,0.30085891485214233,-0.38989317417144775,0.9999942779541016,0.566588819026947,0.2861683964729309,-0.37948665022850037,0.9999771118164062,0.5702301859855652,0.2863794267177582,-0.37946149706840515,0.9999760985374451,0.5730642080307007,0.2865928113460541,-0.37946584820747375,0.9999744296073914,0.5566357970237732,0.28527364134788513,-0.3780471384525299,0.9999774694442749,0.5536512136459351,0.284758597612381,-0.37812864780426025,0.9999789595603943,0.5507858991622925,0.284572035074234,-0.37817245721817017,0.999978244304657,0.5789558291435242,0.29303666949272156,-0.2876209318637848,0.9999227523803711,0.5487015247344971,0.2907821238040924,-0.28166183829307556,0.9999555945396423,0.5676134824752808,0.3161882162094116,-0.352962851524353,0.9999911189079285,0.5552352070808411,0.3163264989852905,-0.35168182849884033,0.9999920725822449,0.6080898642539978,0.3773181736469269,-0.19105938076972961,0.9999661445617676,0.5291448831558228,0.383495032787323,-0.2114923596382141,0.9999653697013855,0.610399603843689,0.4945210814476013,-0.14182619750499725,0.9922109842300415,0.5223305821418762,0.49925270676612854,-0.1895250827074051,0.9917753338813782,0.5887863039970398,0.5943299531936646,-0.20866771042346954,0.9878326654434204,0.5441526174545288,0.6056203842163086,-0.2535119652748108,0.9819172024726868,0.5814960598945618,0.6277809143066406,-0.2372572422027588,0.9677354097366333,0.5505022406578064,0.6380195617675781,-0.284988671541214,0.9588029980659485,0.5748609900474548,0.6206591725349426,-0.26238736510276794,0.9701270461082458,0.5583170056343079,0.6310229897499084,-0.30222827196121216,0.9598398208618164,0.5747740268707275,0.6098307371139526,-0.2192354053258896,0.9626734852790833,0.5577674508094788,0.6210463643074036,-0.26036372780799866,0.9500605463981628,0.5859057903289795,0.577396810054779,0.01011514849960804,0.9997243881225586,0.5406401753425598,0.5772784352302551,-0.010294877924025059,0.9997307062149048,0.5782677531242371,0.7446485757827759,0.03725530952215195,0.9910222887992859,0.5341440439224243,0.7413827776908875,0.017227046191692352,0.9938849210739136,0.5757420659065247,0.8789952993392944,0.19369132816791534,0.9920697212219238,0.5257694125175476,0.8797552585601807,0.1662605106830597,0.9919818639755249,0.5684430599212646,0.8927120566368103,0.20333901047706604,0.9301444888114929,0.529834508895874,0.8912205696105957,0.17565013468265533,0.8312539458274841,0.5844228267669678,0.9364748001098633,0.09913108497858047,0.987287163734436,0.52694171667099,0.9347584247589111,0.0638786032795906,0.985556423664093
6399.999999999986,0.5608983635902405,0.30085015296936035,-0.3879827857017517,0.9999936819076538,0.5666438937187195,0.28615185618400574,-0.3772517442703247,0.9999751448631287,0.5703132748603821,0.2863672375679016,-0.3772265613079071,0.9999738931655884,0.5731801390647888,0.2865819036960602,-0.37723150849342346,0.9999721050262451,0.5566768050193787,0.28527310490608215,-0.37604930996894836,0.9999759793281555,0.5536882281303406,0.2847674787044525,-0.37613406777381897,0.9999776482582092,0.5508458018302917,0.2845947742462158,-0.3761860728263855,0.9999771118164062,0.5790414810180664,0.29302409291267395,-0.2864004969596863,0.999913215637207,0.5488244295120239,0.2908531725406647,-0.27959415316581726,0.9999542832374573,0.5676363706588745,0.31617990136146545,-0.35075709223747253,0.9999902844429016,0.555228590965271,0.3163329064846039,-0.34973829984664917,0.9999915361404419,0.6081117987632751,0.3773200511932373,-0.18539994955062866,0.9999627470970154,0.5298616290092468,0.38344258069992065,-0.21599538624286652,0.9999635219573975,0.610335648059845,0.4946553409099579,-0.13928483426570892,0.9917722344398499,0.5233888030052185,0.49947452545166016,-0.199005126953125,0.9919590353965759,0.584729015827179,0.5934380292892456,-0.20543020963668823,0.9870561957359314,0.5491772294044495,0.6054812669754028,-0.25510621070861816,0.981779932975769,0.5779439210891724,0.627571165561676,-0.23274986445903778,0.9659408926963806,0.5558244585990906,0.6365417242050171,-0.286069393157959,0.9582272171974182,0.5720771551132202,0.6198737621307373,-0.2594815790653229,0.9683488607406616,0.5625146627426147,0.6279889345169067,-0.3009369969367981,0.95911705493927,0.5721215009689331,0.6082099080085754,-0.21709342300891876,0.9604784846305847,0.5618867874145508,0.6184942126274109,-0.26061615347862244,0.9489365220069885,0.5858219861984253,0.5774915814399719,0.01309975329786539,0.9997223019599915,0.5407008528709412,0.5778409838676453,-0.01325975451618433,0.999732255935669,0.5782601833343506,0.7448202967643738,0.04290291294455528,0.9907885789871216,0.5341155529022217,0.7419888973236084,0.014847707003355026,0.993707001209259,0.5757109522819519,0.8788354992866516,0.19719219207763672,0.9919449090957642,0.5253627896308899,0.8798527717590332,0.16259479522705078,0.9918692708015442,0.5684397220611572,0.8925310373306274,0.2066936492919922,0.9302659034729004,0.529049813747406,0.8912341594696045,0.17186620831489563,0.8282989859580994,0.5843308568000793,0.9364946484565735,0.10396047681570053,0.9870550632476807,0.5270716547966003,0.9347639083862305,0.06022431328892708,0.9852972626686096
6433.333333333319,0.5609015226364136,0.30040714144706726,-0.37019264698028564,0.9999930262565613,0.566657304763794,0.2858424186706543,-0.35864952206611633,0.9999728202819824,0.5703566670417786,0.2860625386238098,-0.3586288392543793,0.9999714493751526,0.5732846856117249,0.28630203008651733,-0.3586307764053345,0.9999694228172302,0.5566799640655518,0.2850791811943054,-0.35737133026123047,0.999973714351654,0.5536975264549255,0.28466373682022095,-0.3574567437171936,0.9999756813049316,0.5508989095687866,0.2845340371131897,-0.35752275586128235,0.9999751448631287,0.5791774988174438,0.29295533895492554,-0.26629549264907837,0.9999043345451355,0.5489886999130249,0.2908640503883362,-0.2609199285507202,0.999951183795929,0.5677235126495361,0.31592464447021484,-0.33362075686454773,0.99998939037323,0.555245578289032,0.3160835802555084,-0.3322772681713104,0.9999907612800598,0.6082066297531128,0.37732335925102234,-0.1716524064540863,0.9999591112136841,0.5309233665466309,0.3834681510925293,-0.2080834060907364,0.9999600052833557,0.6103238463401794,0.4950396418571472,-0.1325007975101471,0.991290807723999,0.5251718163490295,0.49948322772979736,-0.18799923360347748,0.991766631603241,0.5819488167762756,0.5932579040527344,-0.19495388865470886,0.9860652089118958,0.5511676669120789,0.6035157442092896,-0.25306588411331177,0.9808764457702637,0.5763201117515564,0.6273221373558044,-0.2242572158575058,0.9635877013206482,0.5575640201568604,0.6325631141662598,-0.2803230881690979,0.9563366174697876,0.5704891085624695,0.6193682551383972,-0.24505704641342163,0.9660391211509705,0.5637890696525574,0.6235162615776062,-0.29277172684669495,0.957091748714447,0.5705284476280212,0.6076842546463013,-0.20394983887672424,0.9577370285987854,0.5633619427680969,0.6150413155555725,-0.25512731075286865,0.9463521838188171,0.5857638120651245,0.5783162713050842,0.013369405642151833,0.9997207522392273,0.5407214760780334,0.5789657235145569,-0.01352195255458355,0.9997311234474182,0.5783303380012512,0.7453911304473877,0.03902491554617882,0.9905183911323547,0.5340774059295654,0.7428649663925171,0.013573327101767063,0.9935454726219177,0.5757052898406982,0.8786017298698425,0.1939326822757721,0.9917657375335693,0.5252434015274048,0.8795619606971741,0.16124053299427032,0.99170982837677,0.5684223771095276,0.892243504524231,0.2035432755947113,0.9300708770751953,0.5287619233131409,0.8905889391899109,0.17062893509864807,0.825466513633728,0.5842904448509216,0.9364683628082275,0.10158442705869675,0.9867339134216309,0.5271570086479187,0.9346671104431152,0.05988246947526932,0.9850096702575684
6466.666666666652,0.5610255002975464,0.30004093050956726,-0.3639077842235565,0.999992311000824,0.5667399168014526,0.2856397330760956,-0.3526483476161957,0.999970555305481,0.570451021194458,0.2858423888683319,-0.3526283800601959,0.9999691247940063,0.5734316110610962,0.28607895970344543,-0.35263246297836304,0.9999670386314392,0.5567923188209534,0.2849913239479065,-0.3513467609882355,0.9999713897705078,0.5538129210472107,0.28463849425315857,-0.3514283001422882,0.9999735355377197,0.5510562062263489,0.2845318913459778,-0.3514920771121979,0.9999729990959167,0.5792351961135864,0.2928740978240967,-0.26069408655166626,0.9998971819877625,0.5491970777511597,0.2909799814224243,-0.2556039094924927,0.9999475479125977,0.5679088234901428,0.31559643149375916,-0.3276134729385376,0.9999884366989136,0.5553654432296753,0.31587308645248413,-0.32622283697128296,0.9999898076057434,0.6083630919456482,0.37745192646980286,-0.16775549948215485,0.9999546408653259,0.5317069292068481,0.3834657371044159,-0.19985584914684296,0.9999547004699707,0.6103113293647766,0.4953487813472748,-0.12667915225028992,0.9907744526863098,0.5261229276657104,0.49946391582489014,-0.18733492493629456,0.9912948608398438,0.5839283466339111,0.5932624340057373,-0.187074214220047,0.984937846660614,0.5518712997436523,0.6025369763374329,-0.24023683369159698,0.9791325926780701,0.5781702399253845,0.6272706985473633,-0.21529915928840637,0.9610980749130249,0.5582967400550842,0.6303077936172485,-0.26877790689468384,0.9529242515563965,0.5721974968910217,0.6193913221359253,-0.2367621809244156,0.9636327028274536,0.5644814372062683,0.6213024854660034,-0.28076085448265076,0.9535708427429199,0.5722267031669617,0.6077682971954346,-0.1961137354373932,0.9549596905708313,0.5641415119171143,0.6131896376609802,-0.24330729246139526,0.9420949220657349,0.5858263373374939,0.578895628452301,0.013033228926360607,0.9997106790542603,0.5409122705459595,0.579198956489563,-0.013187556527554989,0.9997218251228333,0.5783483982086182,0.7458169460296631,0.03830831125378609,0.990346372127533,0.534042477607727,0.742792546749115,0.012919020839035511,0.9934209585189819,0.5759251117706299,0.8786054253578186,0.19072847068309784,0.9916127920150757,0.5247113704681396,0.8796713352203369,0.15945318341255188,0.9915775656700134,0.5686591863632202,0.8922299742698669,0.20009642839431763,0.9292410612106323,0.5283496975898743,0.8906540870666504,0.16864554584026337,0.8227630257606506,0.5842567086219788,0.9364815354347229,0.09739184379577637,0.9863700866699219,0.5271355509757996,0.935064971446991,0.05784238502383232,0.9846912026405334
6499.999999999985,0.5612581372261047,0.2996419370174408,-0.35399094223976135,0.999991774559021,0.5668665170669556,0.28529754281044006,-0.34252113103866577,0.9999690055847168,0.5705838799476624,0.28543975949287415,-0.3425064980983734,0.9999675750732422,0.5736389756202698,0.28562629222869873,-0.3425101637840271,0.9999654293060303,0.5569235682487488,0.28488078713417053,-0.34125080704689026,0.9999695420265198,0.5539311766624451,0.2846167981624603,-0.3413248658180237,0.9999717473983765,0.5512365698814392,0.2845333218574524,-0.3413845896720886,0.9999711513519287,0.5792770981788635,0.29260942339897156,-0.2504459619522095,0.9998931288719177,0.5493780970573425,0.2912123203277588,-0.2452952265739441,0.9999444484710693,0.5683342218399048,0.31511029601097107,-0.31777989864349365,0.9999878406524658,0.5555773973464966,0.3155483603477478,-0.31636175513267517,0.9999890923500061,0.6087192296981812,0.3775978684425354,-0.15898793935775757,0.9999516606330872,0.5323037505149841,0.3834666311740875,-0.1870269477367401,0.9999489188194275,0.6104824542999268,0.49541568756103516,-0.11522763222455978,0.9904006123542786,0.525829017162323,0.49944406747817993,-0.16904029250144958,0.9907465577125549,0.586856484413147,0.5925788879394531,-0.17897291481494904,0.9842292666435242,0.551060140132904,0.600493848323822,-0.22783444821834564,0.9773498773574829,0.5813471674919128,0.6269713044166565,-0.2070886790752411,0.9596394300460815,0.5580494403839111,0.6279454827308655,-0.2572569251060486,0.9496241211891174,0.5751681923866272,0.6189546585083008,-0.22978219389915466,0.9622184634208679,0.5642536282539368,0.6188271045684814,-0.2719942629337311,0.95017009973526,0.5749486088752747,0.6074896454811096,-0.18849097192287445,0.9532724618911743,0.5639963150024414,0.6107471585273743,-0.23315073549747467,0.9379056692123413,0.5858563780784607,0.5800314545631409,0.012962903827428818,0.9997022151947021,0.5408794283866882,0.5798074007034302,-0.013126777485013008,0.9997110962867737,0.5785787105560303,0.7474809288978577,0.03301980346441269,0.9904255270957947,0.5340268611907959,0.7430886030197144,0.01284460537135601,0.9934797883033752,0.5763224959373474,0.8790801167488098,0.18978293240070343,0.9916612505912781,0.5246728658676147,0.880302906036377,0.1591465175151825,0.9916112422943115,0.569121778011322,0.892613410949707,0.1989266723394394,0.929275631904602,0.5282308459281921,0.8911468386650085,0.16833902895450592,0.8223236203193665,0.5844100713729858,0.9367545247077942,0.09475796669721603,0.9863287210464478,0.5271894335746765,0.9353406429290771,0.05677944794297218,0.9846796989440918
6533.3333333333185,0.5614122748374939,0.2994806170463562,-0.345828652381897,0.9999910593032837,0.5668783187866211,0.28509771823883057,-0.33408164978027344,0.9999666213989258,0.570591390132904,0.28515613079071045,-0.33406689763069153,0.999965250492096,0.5737190246582031,0.28528568148612976,-0.33406639099121094,0.9999629855155945,0.5569697022438049,0.28482526540756226,-0.3329012989997864,0.9999666810035706,0.5539875626564026,0.2846085727214813,-0.3329715430736542,0.9999691247940063,0.5513721704483032,0.2845396399497986,-0.3330325782299042,0.9999683499336243,0.5792543888092041,0.29223543405532837,-0.24173428118228912,0.9998871088027954,0.5495123267173767,0.2913680374622345,-0.2368348389863968,0.9999399781227112,0.5685796141624451,0.3148268163204193,-0.3095981478691101,0.9999871253967285,0.5557504296302795,0.3154110014438629,-0.30824458599090576,0.9999882578849792,0.6091102361679077,0.3777252733707428,-0.15167348086833954,0.99994957447052,0.5327070951461792,0.38333430886268616,-0.17959348857402802,0.9999436140060425,0.6106571555137634,0.49545949697494507,-0.10712017118930817,0.9899570941925049,0.5253627300262451,0.4992680251598358,-0.1599770486354828,0.9902094006538391,0.5880911946296692,0.5925318002700806,-0.17116418480873108,0.9834005832672119,0.5523210763931274,0.5990756154060364,-0.2183717042207718,0.9752429127693176,0.5819602608680725,0.6267992854118347,-0.1992444097995758,0.9580168128013611,0.5595300197601318,0.6260342597961426,-0.2472478598356247,0.9457207918167114,0.5756869912147522,0.6183564066886902,-0.22156381607055664,0.960659384727478,0.5653027892112732,0.6174020767211914,-0.26264819502830505,0.9461204409599304,0.5755603313446045,0.6071414947509766,-0.1805269420146942,0.9514250755310059,0.5650957822799683,0.6092337369918823,-0.2241937667131424,0.9329553842544556,0.5859977006912231,0.5825772881507874,0.012748663313686848,0.9996976852416992,0.5409454703330994,0.5811988115310669,-0.012906068935990334,0.9997017979621887,0.5788018703460693,0.7497053146362305,0.028150949627161026,0.9904794692993164,0.5339202284812927,0.7434993982315063,0.011382857337594032,0.9935287237167358,0.5763740539550781,0.8798650503158569,0.18845565617084503,0.991718053817749,0.5244241952896118,0.8803229331970215,0.15915673971176147,0.9916014671325684,0.5691626071929932,0.8931301236152649,0.19782479107379913,0.9292551279067993,0.52805095911026,0.8910430073738098,0.16854381561279297,0.8213801383972168,0.5845279693603516,0.9372594952583313,0.09344242513179779,0.9863397479057312,0.5271952152252197,0.9357510209083557,0.05663042888045311,0.9846657514572144
6566.6666666666515,0.5615518093109131,0.2991185784339905,-0.35113465785980225,0.9999901056289673,0.5668836236000061,0.28493615984916687,-0.3390456438064575,0.9999635219573975,0.5705975890159607,0.28494909405708313,-0.33903300762176514,0.9999622106552124,0.5737868547439575,0.2850439250469208,-0.3390358090400696,0.9999597072601318,0.5570051074028015,0.2847413420677185,-0.33817002177238464,0.9999632835388184,0.5540450215339661,0.2845726013183594,-0.338241308927536,0.999966025352478,0.5514949560165405,0.2845315635204315,-0.3383020758628845,0.9999650716781616,0.579250693321228,0.29197368025779724,-0.24506238102912903,0.9998766183853149,0.5496554970741272,0.29143279790878296,-0.24171693623065948,0.9999338984489441,0.5687702298164368,0.31419137120246887,-0.3143841326236725,0.9999858736991882,0.555884063243866,0.3148522973060608,-0.3134480118751526,0.9999870657920837,0.6092855334281921,0.3779563009738922,-0.15414299070835114,0.9999462366104126,0.5327213406562805,0.3833301365375519,-0.18390926718711853,0.9999361634254456,0.6106628179550171,0.49545830488204956,-0.11137767881155014,0.9893336892127991,0.5250020027160645,0.499252587556839,-0.16036033630371094,0.9896653890609741,0.5884833931922913,0.5919946432113647,-0.17695137858390808,0.9822050929069519,0.5540295243263245,0.5976776480674744,-0.21968841552734375,0.9730071425437927,0.5820468068122864,0.6258416771888733,-0.20426440238952637,0.9555887579917908,0.5611041188240051,0.6243433356285095,-0.24881018698215485,0.941466212272644,0.5756919384002686,0.6169828772544861,-0.22791023552417755,0.9583592414855957,0.5667319893836975,0.6158577799797058,-0.2667384743690491,0.94173663854599,0.5757235884666443,0.6060194969177246,-0.18669430911540985,0.9486729502677917,0.5665801763534546,0.6075575947761536,-0.22744180262088776,0.9275007843971252,0.586079478263855,0.5829802751541138,0.012609755620360374,0.9996924996376038,0.5409522652626038,0.5815123319625854,-0.01276230439543724,0.9996914863586426,0.578877329826355,0.7496646046638489,0.028936101123690605,0.9904192686080933,0.5338935852050781,0.7432594299316406,0.011506698094308376,0.9934346079826355,0.5764816999435425,0.8798626661300659,0.19367362558841705,0.9917131066322327,0.5244300365447998,0.8799281120300293,0.16606134176254272,0.9915248155593872,0.5692765116691589,0.8931309580802917,0.20382925868034363,0.9291039109230042,0.5279966592788696,0.890469491481781,0.17624947428703308,0.8200653791427612,0.5846861600875854,0.9371891021728516,0.09789729863405228,0.9863013625144958,0.5272489786148071,0.9357399940490723,0.06392115354537964,0.9845694899559021
6599.9999999999845,0.5616394877433777,0.29910406470298767,-0.35018613934516907,0.9999889135360718,0.566900908946991,0.2849287688732147,-0.33776941895484924,0.999959409236908,0.5706225037574768,0.28494197130203247,-0.33776161074638367,0.9999582171440125,0.573876142501831,0.28503620624542236,-0.33776891231536865,0.9999553561210632,0.5570166110992432,0.28473490476608276,-0.3369938135147095,0.9999588131904602,0.5540812015533447,0.28457310795783997,-0.3370617628097534,0.9999619126319885,0.5515857934951782,0.28454118967056274,-0.3371225893497467,0.999960720539093,0.5792487263679504,0.29194140434265137,-0.24295946955680847,0.9998643398284912,0.5497570633888245,0.2915300726890564,-0.23993130028247833,0.9999262094497681,0.5688555240631104,0.31413769721984863,-0.31314927339553833,0.9999843835830688,0.5559689998626709,0.3148086965084076,-0.3123340904712677,0.9999855756759644,0.6092891693115234,0.3782980740070343,-0.15381482243537903,0.9999423623085022,0.5326800346374512,0.38325634598731995,-0.18108820915222168,0.9999275803565979,0.6105906367301941,0.49546486139297485,-0.11206091940402985,0.9885855913162231,0.5247841477394104,0.4992433190345764,-0.16151686012744904,0.9890487194061279,0.5886313915252686,0.591521680355072,-0.17942707240581512,0.9805677533149719,0.5547997355461121,0.5966255068778992,-0.22236134111881256,0.9704288244247437,0.5822300314903259,0.6240723729133606,-0.20682774484157562,0.9524140954017639,0.5617659091949463,0.6226140260696411,-0.25180360674858093,0.9367585778236389,0.5759187340736389,0.6153678894042969,-0.23067814111709595,0.9553409218788147,0.5673539042472839,0.6147314310073853,-0.2684365510940552,0.9369080066680908,0.5760002732276917,0.6050763130187988,-0.1892411857843399,0.9451189637184143,0.5672308206558228,0.6064857840538025,-0.2291530966758728,0.9215096831321716,0.5860894918441772,0.5841504335403442,0.011334648355841637,0.9996843934059143,0.540939450263977,0.5825765132904053,-0.011462357826530933,0.9996781349182129,0.5789492726325989,0.7501512765884399,0.027451159432530403,0.9904881119728088,0.5338443517684937,0.7439529299736023,0.01282292790710926,0.9933363199234009,0.5768923163414001,0.8798514008522034,0.19511444866657257,0.9917381405830383,0.5244978666305542,0.8800370097160339,0.172676220536232,0.9914141893386841,0.5697147250175476,0.8930798172950745,0.2057919055223465,0.9287822842597961,0.5281680226325989,0.8904445171356201,0.18328581750392914,0.8186286687850952,0.5847499370574951,0.9371848106384277,0.0985964685678482,0.986284077167511,0.5272811651229858,0.9359983801841736,0.07022154331207275,0.9844269156455994
6633.333333333318,0.5618217587471008,0.2987980544567108,-0.34939154982566833,0.9999881982803345,0.5670713782310486,0.2846328318119049,-0.3366909623146057,0.9999570846557617,0.5707902312278748,0.28470322489738464,-0.3366841971874237,0.9999560117721558,0.5741018056869507,0.28482967615127563,-0.33669060468673706,0.9999528527259827,0.5570814609527588,0.2844636142253876,-0.3360673785209656,0.9999561905860901,0.5541406273841858,0.2843269109725952,-0.33613237738609314,0.9999595284461975,0.5516785979270935,0.28432175517082214,-0.33619198203086853,0.9999581575393677,0.5792776346206665,0.29179516434669495,-0.24132969975471497,0.9998572468757629,0.5497868061065674,0.2914734184741974,-0.23898549377918243,0.9999215602874756,0.5689623355865479,0.3138592839241028,-0.3122099041938782,0.9999833703041077,0.556019127368927,0.31440532207489014,-0.3116021454334259,0.999984622001648,0.6092919111251831,0.37886950373649597,-0.15333150327205658,0.9999390244483948,0.5325953364372253,0.383226603269577,-0.17977602779865265,0.999919593334198,0.6103197336196899,0.49546560645103455,-0.11196780204772949,0.9879003167152405,0.5246394276618958,0.4992310106754303,-0.16188007593154907,0.9885115027427673,0.5888166427612305,0.5908312201499939,-0.18065503239631653,0.9792045950889587,0.5553257465362549,0.5962188839912415,-0.22382138669490814,0.9682673215866089,0.5824449062347412,0.6227887272834778,-0.20820777118206024,0.9498497843742371,0.5624347925186157,0.6221780180931091,-0.25332024693489075,0.9327872395515442,0.5762282609939575,0.6142522096633911,-0.2320888638496399,0.9529021382331848,0.5680678486824036,0.6145182251930237,-0.2697691321372986,0.9328492283821106,0.5763447880744934,0.6044227480888367,-0.1905098706483841,0.942203938961029,0.567936360836029,0.6062454581260681,-0.2303527444601059,0.916454553604126,0.5860933661460876,0.5847171545028687,0.009789147414267063,0.9996803998947144,0.5409291982650757,0.5832873582839966,-0.009900742210447788,0.9996699094772339,0.5790675282478333,0.7502524256706238,0.02716546505689621,0.9906650185585022,0.5338194966316223,0.7438910007476807,0.015445182099938393,0.9932894706726074,0.5769222378730774,0.8797913193702698,0.19483916461467743,0.9918746948242188,0.5245393514633179,0.8801204562187195,0.17602430284023285,0.9914295077323914,0.5697675943374634,0.8929356932640076,0.20536573231220245,0.929172158241272,0.5282251238822937,0.8904397487640381,0.18648304045200348,0.8189578652381897,0.5847253799438477,0.9371305704116821,0.09756292402744293,0.9864500761032104,0.5272607207298279,0.9362093806266785,0.0733339712023735,0.9845080971717834
6666.666666666651,0.5619112253189087,0.29807761311531067,-0.3485177159309387,0.9999876022338867,0.5671722292900085,0.2840637266635895,-0.3355923891067505,0.9999549984931946,0.5708800554275513,0.28425049781799316,-0.3355856239795685,0.9999539852142334,0.574226438999176,0.28444787859916687,-0.3355921506881714,0.999950647354126,0.5570966601371765,0.28383713960647583,-0.33515360951423645,0.9999538064002991,0.5541474223136902,0.2836852967739105,-0.33521801233291626,0.9999573826789856,0.5517008900642395,0.2837231159210205,-0.33527740836143494,0.9999558329582214,0.5792681574821472,0.2914125621318817,-0.23984766006469727,0.9998508095741272,0.5497779846191406,0.2910756766796112,-0.2384539097547531,0.9999172687530518,0.5689688324928284,0.31326985359191895,-0.31127265095710754,0.9999827146530151,0.5560226440429688,0.31359100341796875,-0.31093814969062805,0.9999839663505554,0.6092756986618042,0.3792351484298706,-0.15269532799720764,0.9999372363090515,0.532548725605011,0.3827957212924957,-0.17990991473197937,0.9999128580093384,0.6099533438682556,0.49544933438301086,-0.11193571239709854,0.9875599145889282,0.5245857238769531,0.49915584921836853,-0.16262274980545044,0.9880908727645874,0.5890051126480103,0.5897364616394043,-0.18126747012138367,0.9786779284477234,0.5550267696380615,0.5961112976074219,-0.22444398701190948,0.9666634798049927,0.5827205181121826,0.6209991574287415,-0.20923347771167755,0.9488804936408997,0.5619633197784424,0.6222255825996399,-0.2537502348423004,0.9298886060714722,0.5765525102615356,0.6131548881530762,-0.23216484487056732,0.9519785642623901,0.5677567720413208,0.6148681044578552,-0.2703559696674347,0.92989581823349,0.5766623616218567,0.6037578582763672,-0.19118632376194,0.9409974217414856,0.5676245093345642,0.6065336465835571,-0.23110583424568176,0.9127355813980103,0.5861065983772278,0.5847249031066895,0.009520295076072216,0.9996789693832397,0.5409054160118103,0.5839148163795471,-0.00962947029620409,0.9996629357337952,0.5790933966636658,0.7501925826072693,0.02593962475657463,0.9908055067062378,0.5337896943092346,0.7441161274909973,0.01513493712991476,0.9932035803794861,0.5770345330238342,0.8797035217285156,0.1966862827539444,0.9919378757476807,0.5249379277229309,0.8795895576477051,0.1781856119632721,0.9913702011108398,0.5698531270027161,0.8927911520004272,0.2076462060213089,0.929333508014679,0.5286665558815002,0.8890912532806396,0.18898329138755798,0.8183969259262085,0.5847795605659485,0.9371140599250793,0.09978576749563217,0.9865312576293945,0.5272568464279175,0.9362095594406128,0.07603303343057632,0.9844821691513062
6699.999999999984,0.56202632188797,0.2975083291530609,-0.3509998917579651,0.9999873042106628,0.5673325657844543,0.2836085557937622,-0.3384595513343811,0.9999537467956543,0.5710098743438721,0.2838881015777588,-0.33845025300979614,0.9999527335166931,0.5743728280067444,0.28413593769073486,-0.33845624327659607,0.9999492168426514,0.5571451783180237,0.2833256721496582,-0.3378698527812958,0.9999524354934692,0.5541695952415466,0.28315627574920654,-0.33793753385543823,0.9999562501907349,0.5517399907112122,0.283210426568985,-0.33799636363983154,0.9999544620513916,0.5792628526687622,0.2911113500595093,-0.24311332404613495,0.9998462796211243,0.5497698187828064,0.29068320989608765,-0.24118395149707794,0.9999148845672607,0.5689795017242432,0.3128661811351776,-0.3138890862464905,0.9999822378158569,0.5560277700424194,0.31296733021736145,-0.31326982378959656,0.999983549118042,0.609235405921936,0.3796502947807312,-0.1546134352684021,0.9999358654022217,0.5323792695999146,0.38271912932395935,-0.1801901012659073,0.9999077916145325,0.6095846891403198,0.49549350142478943,-0.11392868310213089,0.9873383045196533,0.5245459675788879,0.4991448223590851,-0.16650667786598206,0.9878966212272644,0.5891531705856323,0.5893728137016296,-0.18756422400474548,0.9783574342727661,0.554912269115448,0.5960726141929626,-0.23016221821308136,0.9658301472663879,0.5829629302024841,0.6199252605438232,-0.2174667865037918,0.9482426047325134,0.5616335272789001,0.6221699118614197,-0.2608163356781006,0.9283180832862854,0.5767859220504761,0.6127535700798035,-0.23977349698543549,0.951359748840332,0.5674417018890381,0.6152260303497314,-0.27633512020111084,0.9282933473587036,0.5768870711326599,0.6035662293434143,-0.19733713567256927,0.9401950240135193,0.5673453211784363,0.6068455576896667,-0.23636014759540558,0.9106546640396118,0.5861114263534546,0.5846390128135681,0.008984698913991451,0.9996795058250427,0.540894091129303,0.5841214656829834,-0.009089021943509579,0.9996607899665833,0.5790929198265076,0.749773383140564,0.02624843455851078,0.9908702969551086,0.5337687134742737,0.7440468072891235,0.017150385305285454,0.9930344820022583,0.5770702362060547,0.8794876933097839,0.1966513842344284,0.9919315576553345,0.5255930423736572,0.8790516257286072,0.18030224740505219,0.9912478923797607,0.5698517560958862,0.8925403952598572,0.20739711821079254,0.9295167326927185,0.5293099880218506,0.8884907364845276,0.1910245567560196,0.8177788257598877,0.5848875641822815,0.9370800852775574,0.10051858425140381,0.9865279793739319,0.527253270149231,0.9361885786056519,0.07925418764352798,0.9843558669090271
6733.333333333317,0.5620610117912292,0.2967933416366577,-0.3567104637622833,0.9999870657920837,0.5674248933792114,0.28305572271347046,-0.34319108724594116,0.9999527335166931,0.5710775256156921,0.28341859579086304,-0.3431849777698517,0.9999516010284424,0.5744565725326538,0.2837401032447815,-0.3431924879550934,0.9999479055404663,0.5571621656417847,0.28270232677459717,-0.34308573603630066,0.9999514222145081,0.5541728734970093,0.28253844380378723,-0.3431529998779297,0.999955415725708,0.551753580570221,0.2826368808746338,-0.34321242570877075,0.99995356798172,0.5792522430419922,0.2908322215080261,-0.2441457211971283,0.999841570854187,0.5497540235519409,0.290206640958786,-0.24495621025562286,0.9999130964279175,0.5689698457717896,0.31241127848625183,-0.31862229108810425,0.9999819397926331,0.5560230016708374,0.3122505247592926,-0.3187010586261749,0.9999833106994629,0.6092256307601929,0.3800380527973175,-0.15611901879310608,0.9999348521232605,0.5319252014160156,0.3824133276939392,-0.1874403953552246,0.9999049305915833,0.6093178987503052,0.49572843313217163,-0.11830990016460419,0.9870145320892334,0.5245310068130493,0.49912792444229126,-0.17396052181720734,0.9877944588661194,0.5890457034111023,0.5894054770469666,-0.19689419865608215,0.9776803851127625,0.5549044013023376,0.5961143374443054,-0.23973126709461212,0.9650725722312927,0.5828263163566589,0.6197922825813293,-0.2280532270669937,0.9468265771865845,0.5613396167755127,0.6223500370979309,-0.2717446982860565,0.926814079284668,0.5765117406845093,0.6127660870552063,-0.2503555119037628,0.9500117301940918,0.5671573281288147,0.6154977679252625,-0.2866932153701782,0.926770806312561,0.5767232179641724,0.6035891175270081,-0.20678435266017914,0.9385113716125488,0.5670872926712036,0.6070697903633118,-0.24571914970874786,0.9086138606071472,0.5861089825630188,0.5849125385284424,0.008990559726953506,0.9996839165687561,0.5408480763435364,0.5846684575080872,-0.009095854125916958,0.9996622800827026,0.5790876150131226,0.749727189540863,0.029201490804553032,0.9908190965652466,0.5337538123130798,0.7437703013420105,0.018536122515797615,0.9928117990493774,0.5770872235298157,0.8791614770889282,0.20935775339603424,0.9918230772018433,0.5258738994598389,0.8766396045684814,0.192423477768898,0.9910362958908081,0.5698521733283997,0.8922097682952881,0.22126911580562592,0.9291682839393616,0.529568076133728,0.8858792185783386,0.2044559121131897,0.8162103891372681,0.5849568843841553,0.9370587468147278,0.11440136283636093,0.9864468574523926,0.5271992087364197,0.9358383417129517,0.09193780273199081,0.9841488599777222
6766.66666666665,0.5620540380477905,0.2964586615562439,-0.36457982659339905,0.999987006187439,0.5674245357513428,0.28276199102401733,-0.3512935936450958,0.9999523162841797,0.5710726976394653,0.28312820196151733,-0.35128191113471985,0.9999511241912842,0.574449896812439,0.28348952531814575,-0.35129544138908386,0.9999473690986633,0.5571596026420593,0.28244853019714355,-0.3512411415576935,0.9999510645866394,0.5541706681251526,0.2823205590248108,-0.3513124883174896,0.9999552369117737,0.5517500638961792,0.2824814021587372,-0.3513675928115845,0.9999533891677856,0.5791481733322144,0.29069197177886963,-0.25304508209228516,0.9998387098312378,0.5496940016746521,0.29014110565185547,-0.25406429171562195,0.999912679195404,0.5689201951026917,0.3121601343154907,-0.3266478478908539,0.9999817609786987,0.5560000538825989,0.31196895241737366,-0.3268662691116333,0.9999831914901733,0.6090900301933289,0.3804992735385895,-0.1627882570028305,0.999933660030365,0.5314286351203918,0.3823741376399994,-0.19789166748523712,0.9999030232429504,0.6091517806053162,0.4961225688457489,-0.1251954287290573,0.9867377877235413,0.5245760679244995,0.4991166889667511,-0.18361467123031616,0.9877709150314331,0.5890732407569885,0.5895512104034424,-0.2011462301015854,0.9770676493644714,0.5549806952476501,0.5961376428604126,-0.24615921080112457,0.9643411636352539,0.5829254984855652,0.6197618842124939,-0.23182307183742523,0.9454495906829834,0.5611700415611267,0.6225321292877197,-0.27805227041244507,0.9253504276275635,0.5765469670295715,0.6128726601600647,-0.25422045588493347,0.9487072825431824,0.5669909715652466,0.6155328154563904,-0.29245615005493164,0.9252787828445435,0.5767799019813538,0.6036512851715088,-0.21099594235420227,0.9368827939033508,0.5669653415679932,0.6071063876152039,-0.2518880367279053,0.906614363193512,0.5859466195106506,0.5849100947380066,0.009457890875637531,0.9996894001960754,0.5406268239021301,0.5846465826034546,-0.00956905260682106,0.9996681213378906,0.5790517926216125,0.7496510744094849,0.034206558018922806,0.9907920956611633,0.5336378216743469,0.7435330152511597,0.01819751039147377,0.9927432537078857,0.57709139585495,0.8791514039039612,0.20797783136367798,0.9918232560157776,0.5258232951164246,0.876680850982666,0.18667836487293243,0.9909948110580444,0.5697837471961975,0.8922214508056641,0.21925292909145355,0.9293729066848755,0.5294858813285828,0.8859649896621704,0.19798560440540314,0.8152700662612915,0.5849798321723938,0.9370822310447693,0.11332618445158005,0.9864840507507324,0.5271974205970764,0.9357166886329651,0.08586319535970688,0.98410564661026
6799.999999999983,0.5620111227035522,0.2961910367012024,-0.3645173907279968,0.9999865293502808,0.5673955678939819,0.2825765013694763,-0.35143688321113586,0.999950647354126,0.5710275769233704,0.2829373776912689,-0.35142457485198975,0.99994957447052,0.5744008421897888,0.2833467721939087,-0.35143807530403137,0.9999458193778992,0.5571248531341553,0.2822622060775757,-0.3513171374797821,0.9999491572380066,0.5541415810585022,0.28215834498405457,-0.3513873219490051,0.99995356798172,0.5517171621322632,0.2823669910430908,-0.3514416813850403,0.9999515414237976,0.578968346118927,0.2905840277671814,-0.25388142466545105,0.9998343586921692,0.5495948195457458,0.29006361961364746,-0.25444167852401733,0.9999091029167175,0.5687076449394226,0.311943382024765,-0.326728880405426,0.9999812245368958,0.5559068918228149,0.31171727180480957,-0.32684677839279175,0.9999825954437256,0.6088759899139404,0.3806239664554596,-0.1646273285150528,0.9999327659606934,0.5308122038841248,0.3823453485965729,-0.1971115916967392,0.9998972415924072,0.6090143322944641,0.4963412284851074,-0.12601600587368011,0.9865890741348267,0.5245681405067444,0.4991465210914612,-0.18079093098640442,0.987365186214447,0.5891110301017761,0.5898402333259583,-0.19904737174510956,0.9765075445175171,0.5552112460136414,0.5962350964546204,-0.24273903667926788,0.9623625874519348,0.5828748941421509,0.6197942495346069,-0.2292233407497406,0.9442443251609802,0.5614565014839172,0.6226739287376404,-0.2740115523338318,0.921799898147583,0.5764035582542419,0.6129050850868225,-0.251555472612381,0.9475629925727844,0.5671442151069641,0.615611732006073,-0.2890668511390686,0.9216945171356201,0.5767387747764587,0.6037139892578125,-0.20876666903495789,0.9355018138885498,0.5671460628509521,0.607273519039154,-0.24869060516357422,0.9022403955459595,0.5857845544815063,0.5850107073783875,0.009416877292096615,0.9996917247772217,0.540485680103302,0.5848159193992615,-0.009529591538012028,0.9996657967567444,0.5789564251899719,0.7499906420707703,0.034005362540483475,0.9908820986747742,0.5335153341293335,0.7435204982757568,0.019480567425489426,0.9926806688308716,0.5770877599716187,0.8792533874511719,0.20870660245418549,0.9918457269668579,0.5259063243865967,0.8764539957046509,0.1907627284526825,0.9909283518791199,0.5697822570800781,0.8922953009605408,0.22040224075317383,0.9289410710334778,0.5295284986495972,0.8860053420066833,0.20251253247261047,0.8138870596885681,0.5849786400794983,0.9370918869972229,0.11397484689950943,0.9865126013755798,0.5272112488746643,0.9356577396392822,0.09111358225345612,0.9840644598007202
6833.333333333316,0.5617552399635315,0.29594686627388,-0.3639940619468689,0.9999852180480957,0.5671519637107849,0.2824389934539795,-0.35099896788597107,0.9999452829360962,0.5707136988639832,0.2827851176261902,-0.3509865701198578,0.9999443292617798,0.5740638971328735,0.28323784470558167,-0.3509989380836487,0.9999402761459351,0.5570100545883179,0.2820882201194763,-0.3507855534553528,0.9999437928199768,0.5540628433227539,0.281997948884964,-0.35085582733154297,0.9999488592147827,0.5516109466552734,0.28224045038223267,-0.3509105145931244,0.9999465942382812,0.5786416530609131,0.2903785705566406,-0.2545808255672455,0.9998173117637634,0.5494843125343323,0.2899072468280792,-0.2540585994720459,0.999899685382843,0.5681385397911072,0.3116966485977173,-0.32626423239707947,0.9999796152114868,0.5557278394699097,0.31146132946014404,-0.3262791633605957,0.9999811053276062,0.6087384819984436,0.38064131140708923,-0.16579954326152802,0.9999305009841919,0.5301299095153809,0.38194721937179565,-0.1964898258447647,0.9998936653137207,0.6089248061180115,0.4965837299823761,-0.12687502801418304,0.9864229559898376,0.5245513319969177,0.49914273619651794,-0.1795109212398529,0.9871111512184143,0.5889256596565247,0.5903744101524353,-0.1977873593568802,0.9759290814399719,0.5548509955406189,0.5962620377540588,-0.2413187474012375,0.961212694644928,0.5825939774513245,0.6199375987052917,-0.22769379615783691,0.9430834054946899,0.5612014532089233,0.6227819919586182,-0.2725827991962433,0.9198251962661743,0.5760254263877869,0.613028883934021,-0.2500188648700714,0.9464582204818726,0.5669257640838623,0.615662157535553,-0.2881488502025604,0.9196668267250061,0.5764334201812744,0.6038761138916016,-0.20743581652641296,0.9341639876365662,0.5669373869895935,0.6074134707450867,-0.2474604696035385,0.8996694087982178,0.5855752825737,0.5849631428718567,0.009423170238733292,0.9996906518936157,0.5402761697769165,0.5847784280776978,-0.00953640602529049,0.9996627569198608,0.5788173079490662,0.7499614953994751,0.03296229615807533,0.9908990859985352,0.5333203077316284,0.743328869342804,0.018969712778925896,0.9925916194915771,0.5770745873451233,0.8792814016342163,0.20686176419258118,0.9918218851089478,0.5260052680969238,0.8760718107223511,0.18694718182086945,0.9908020496368408,0.5697579979896545,0.8923181891441345,0.218048095703125,0.9283168911933899,0.5295707583427429,0.8857933282852173,0.19828201830387115,0.8118401169776917,0.5850128531455994,0.9373250603675842,0.11133420467376709,0.9864635467529297,0.5272478461265564,0.9354996085166931,0.08721288293600082,0.9839169383049011
6866.666666666649,0.5614802241325378,0.2958340346813202,-0.3654567003250122,0.9999836087226868,0.5668659806251526,0.2823694050312042,-0.35292595624923706,0.9999389052391052,0.5703424215316772,0.28270092606544495,-0.35291391611099243,0.9999380111694336,0.5736731290817261,0.2831786274909973,-0.3529321253299713,0.999933660030365,0.5568615794181824,0.28201451897621155,-0.35245710611343384,0.9999375939369202,0.5539356470108032,0.2819429039955139,-0.3525286912918091,0.9999434351921082,0.5514245629310608,0.28221386671066284,-0.3525896966457367,0.9999410510063171,0.5783576369285583,0.2902946472167969,-0.2572466731071472,0.9997969269752502,0.5492985844612122,0.2899089753627777,-0.25561168789863586,0.9998893141746521,0.5677064061164856,0.3116288185119629,-0.32791340351104736,0.9999777674674988,0.5556041598320007,0.3114096522331238,-0.3275882601737976,0.9999793767929077,0.6086825728416443,0.3807154595851898,-0.1677989661693573,0.9999277591705322,0.5292790532112122,0.38192451000213623,-0.1980520337820053,0.999889612197876,0.6088339686393738,0.4965697228908539,-0.12964755296707153,0.9862611293792725,0.524505615234375,0.4991445541381836,-0.18174879252910614,0.9869716763496399,0.5887241363525391,0.5908206105232239,-0.20028404891490936,0.9752731323242188,0.5545971989631653,0.5963068008422852,-0.24210532009601593,0.9603539705276489,0.5822564363479614,0.6199861168861389,-0.23056170344352722,0.9416742920875549,0.5609452128410339,0.6228145360946655,-0.27325937151908875,0.9182597398757935,0.5756521224975586,0.6131029725074768,-0.25246942043304443,0.9451186656951904,0.5667064189910889,0.615814208984375,-0.28823888301849365,0.9180426001548767,0.5761393308639526,0.6038952469825745,-0.20976148545742035,0.9325528144836426,0.5667341947555542,0.6075616478919983,-0.24798031151294708,0.8974934220314026,0.5852792263031006,0.5849317908287048,0.009456265717744827,0.999688982963562,0.5397176742553711,0.5847482681274414,-0.00957003328949213,0.9996591210365295,0.578748881816864,0.7499840259552002,0.032750584185123444,0.9909228086471558,0.5331369638442993,0.7433461546897888,0.018691154196858406,0.9925101399421692,0.577073335647583,0.8792644143104553,0.2068772315979004,0.9917939305305481,0.5261057019233704,0.8758838176727295,0.1882738620042801,0.9906834363937378,0.5697407126426697,0.8922252058982849,0.21841563284397125,0.9278305172920227,0.5295900106430054,0.8855166435241699,0.20001433789730072,0.8097960948944092,0.5850734710693359,0.9376459717750549,0.1123342216014862,0.9864175319671631,0.5272575616836548,0.9354690313339233,0.08920338749885559,0.9837672114372253
6899.999999999982,0.5613691210746765,0.2958313226699829,-0.3778865933418274,0.9999828934669495,0.5666844248771667,0.28235822916030884,-0.3659086525440216,0.999936044216156,0.5701066255569458,0.28267326951026917,-0.36589378118515015,0.9999350905418396,0.5733988285064697,0.2831534743309021,-0.365922749042511,0.9999307990074158,0.5567567944526672,0.2820124626159668,-0.36539316177368164,0.9999350309371948,0.5538325905799866,0.28194350004196167,-0.36547374725341797,0.999941349029541,0.5512616038322449,0.28222447633743286,-0.3655373156070709,0.9999390840530396,0.5781136751174927,0.29022517800331116,-0.2708224654197693,0.9997876882553101,0.5490443706512451,0.2899823486804962,-0.2692921459674835,0.9998856782913208,0.5674967169761658,0.3116249740123749,-0.3404494822025299,0.9999766945838928,0.5555622577667236,0.31141963601112366,-0.34011906385421753,0.9999784827232361,0.6084348559379578,0.380717009305954,-0.1801021248102188,0.9999250769615173,0.5283218026161194,0.3819226026535034,-0.20988765358924866,0.9998869299888611,0.6083692312240601,0.4965437650680542,-0.142353355884552,0.9861934185028076,0.5244737863540649,0.4996880888938904,-0.19471150636672974,0.9871013164520264,0.5881237387657166,0.5918285846710205,-0.2096143215894699,0.9748944640159607,0.5544275641441345,0.5969535112380981,-0.252539724111557,0.9601737856864929,0.5817181468009949,0.6208341121673584,-0.2395823448896408,0.9407102465629578,0.5607643723487854,0.6230825781822205,-0.28351038694381714,0.9177255630493164,0.5751522183418274,0.6137896776199341,-0.2617014944553375,0.9441977143287659,0.5665490627288818,0.6162559986114502,-0.2977962791919708,0.9174862504005432,0.5756567120552063,0.6045193076133728,-0.21904084086418152,0.9314618706703186,0.5665790438652039,0.6080527305603027,-0.2580396831035614,0.8966855406761169,0.5849500894546509,0.583895206451416,0.009421196766197681,0.9996839761734009,0.5394824743270874,0.5841952562332153,-0.009535442106425762,0.9996551871299744,0.5786229372024536,0.7499590516090393,0.03269999101758003,0.9908586740493774,0.5329016447067261,0.7433233261108398,0.01846848800778389,0.992371141910553,0.577095091342926,0.8792545199394226,0.20350342988967896,0.9916861057281494,0.5261855721473694,0.876266360282898,0.1861455887556076,0.9905382990837097,0.5697386860847473,0.8921838402748108,0.21478132903575897,0.9273455142974854,0.5296476483345032,0.8858189582824707,0.19761356711387634,0.8074456453323364,0.5852018594741821,0.938012421131134,0.11105319112539291,0.9862363338470459,0.5272584557533264,0.9356189370155334,0.08880908042192459,0.9834553599357605
6933.333333333315,0.5609706044197083,0.2958321273326874,-0.3741987645626068,0.9999815225601196,0.5662797093391418,0.2823469638824463,-0.36211517453193665,0.9999303221702576,0.5696307420730591,0.2826332151889801,-0.3621003329753876,0.9999291896820068,0.5729043483734131,0.28309881687164307,-0.36212214827537537,0.9999245405197144,0.5564430952072144,0.28201714158058167,-0.3616679310798645,0.9999298453330994,0.5535259246826172,0.28196826577186584,-0.3617461025714874,0.9999368786811829,0.5508988499641418,0.28228113055229187,-0.36181145906448364,0.9999346733093262,0.5777833461761475,0.29010429978370667,-0.26704010367393494,0.999765932559967,0.5486829876899719,0.29009634256362915,-0.26597198843955994,0.9998775720596313,0.5670607686042786,0.31160664558410645,-0.3368408977985382,0.9999746680259705,0.555351197719574,0.31142762303352356,-0.336599200963974,0.9999769330024719,0.6077173352241516,0.3804490268230438,-0.17646923661231995,0.9999211430549622,0.5278828144073486,0.38176780939102173,-0.20828618109226227,0.9998854398727417,0.6075322031974792,0.49621886014938354,-0.13759030401706696,0.9859038591384888,0.524333655834198,0.49990251660346985,-0.1937357634305954,0.9872252345085144,0.5878540277481079,0.5918411612510681,-0.20587944984436035,0.9743035435676575,0.5543081164360046,0.5972057580947876,-0.2506742775440216,0.9603135585784912,0.5814026594161987,0.6210453510284424,-0.23576955497264862,0.9394567608833313,0.5606156587600708,0.6231456995010376,-0.2813170254230499,0.9178730845451355,0.5749204158782959,0.6139189600944519,-0.2580660879611969,0.943007230758667,0.5665139555931091,0.616425096988678,-0.29594624042510986,0.9176076054573059,0.5754005908966064,0.6046047210693359,-0.21541517972946167,0.9300826787948608,0.5665423274040222,0.6083059906959534,-0.2562772333621979,0.8967068791389465,0.5845460295677185,0.5830893516540527,0.009838572703301907,0.9996788501739502,0.5391798615455627,0.5840269923210144,-0.009952894411981106,0.9996528625488281,0.5784927010536194,0.7485724687576294,0.03245494142174721,0.99074387550354,0.5327171087265015,0.7430616617202759,0.01739722117781639,0.9922252893447876,0.5769519805908203,0.8790064454078674,0.20312996208667755,0.9915742874145508,0.5264056324958801,0.8758004307746887,0.18333250284194946,0.9904136657714844,0.5695035457611084,0.8920266628265381,0.21429672837257385,0.9273840188980103,0.5297486782073975,0.8856186270713806,0.19465580582618713,0.8060386776924133,0.5852033495903015,0.9379895925521851,0.11005330085754395,0.9861025214195251,0.5272582173347473,0.9353166222572327,0.08646082133054733,0.9832486510276794
6966.666666666648,0.560513436794281,0.29577505588531494,-0.3680263161659241,0.9999804496765137,0.5657258629798889,0.28225788474082947,-0.3560493290424347,0.9999261498451233,0.5690261721611023,0.2824990749359131,-0.35603389143943787,0.9999251365661621,0.5722774863243103,0.2829299867153168,-0.356056272983551,0.9999202489852905,0.5559752583503723,0.2820035517215729,-0.3555660545825958,0.9999256730079651,0.5530789494514465,0.281971275806427,-0.35564327239990234,0.9999331831932068,0.5503913164138794,0.2823047637939453,-0.3557150065898895,0.9999306797981262,0.5773495435714722,0.28990599513053894,-0.26225677132606506,0.9997541904449463,0.5481014251708984,0.2902216911315918,-0.26098939776420593,0.9998710751533508,0.5666192173957825,0.3115026652812958,-0.33110567927360535,0.999973475933075,0.5550493001937866,0.31142017245292664,-0.3308456242084503,0.9999758005142212,0.6069880723953247,0.38036301732063293,-0.17423538863658905,0.999918520450592,0.5273913741111755,0.38165584206581116,-0.20478662848472595,0.9998839497566223,0.606808066368103,0.4962182641029358,-0.13448098301887512,0.9858236908912659,0.5241232514381409,0.49994078278541565,-0.18878668546676636,0.9871432781219482,0.5871736407279968,0.592055082321167,-0.19778305292129517,0.9739904999732971,0.5530907511711121,0.5972324013710022,-0.24243108928203583,0.9600594639778137,0.5808955430984497,0.621583104133606,-0.22694508731365204,0.9387753009796143,0.5592833757400513,0.623232364654541,-0.2721060812473297,0.9175085425376892,0.5745090246200562,0.6143723726272583,-0.24892377853393555,0.9423447847366333,0.5658589005470276,0.6164941787719727,-0.2877076268196106,0.9172228574752808,0.5749130845069885,0.6048739552497864,-0.20711609721183777,0.9293448328971863,0.5658660531044006,0.6083618402481079,-0.24844935536384583,0.8961788415908813,0.5838898420333862,0.5831005573272705,0.00984464306384325,0.9996762871742249,0.538590133190155,0.5844513773918152,-0.009959380142390728,0.9996514320373535,0.5784174203872681,0.7499715089797974,0.029059601947665215,0.9909852147102356,0.5320087671279907,0.7443440556526184,0.01694420725107193,0.9923670887947083,0.5769321322441101,0.8794140219688416,0.20305389165878296,0.9917293787002563,0.5265367031097412,0.8762612342834473,0.18299151957035065,0.9905466437339783,0.5694913268089294,0.8922858238220215,0.21408896148204803,0.9284343123435974,0.5299428105354309,0.8858796954154968,0.19423627853393555,0.806574821472168,0.5852749347686768,0.9382920861244202,0.10957358032464981,0.9862934947013855,0.5272290110588074,0.9354643821716309,0.0855952650308609,0.9834496378898621
6999.999999999981,0.5601128935813904,0.2957015335559845,-0.3683992326259613,0.9999796748161316,0.5652040243148804,0.28212836384773254,-0.3562972843647003,0.9999235272407532,0.5684825778007507,0.28233030438423157,-0.3562815487384796,0.999922513961792,0.5717117786407471,0.2827216386795044,-0.35630398988723755,0.9999176263809204,0.5554697513580322,0.2819834351539612,-0.3558908700942993,0.9999231100082397,0.5525581240653992,0.28197744488716125,-0.35596805810928345,0.9999308586120605,0.5497844219207764,0.2823507785797119,-0.3560393750667572,0.9999282956123352,0.5769055485725403,0.2896221876144409,-0.2617394030094147,0.9997471570968628,0.5473158359527588,0.2904335856437683,-0.2606390416622162,0.9998672604560852,0.5662358999252319,0.31136438250541687,-0.33115723729133606,0.9999727010726929,0.5546976923942566,0.31141969561576843,-0.33098289370536804,0.9999750852584839,0.6062050461769104,0.38020241260528564,-0.17318014800548553,0.9999163746833801,0.5270962715148926,0.3812882602214813,-0.20350190997123718,0.999882698059082,0.6061974763870239,0.49623680114746094,-0.13389967381954193,0.9856950044631958,0.5235815644264221,0.4998399019241333,-0.1872718632221222,0.9870817065238953,0.5865756869316101,0.5924684405326843,-0.1970178633928299,0.973639190196991,0.5514219403266907,0.5972113609313965,-0.24283383786678314,0.9597382545471191,0.5805279016494751,0.6221838593482971,-0.22610190510749817,0.9380110502243042,0.5582015514373779,0.6234018206596375,-0.2728477418422699,0.9169091582298279,0.5741968154907227,0.6150160431861877,-0.2484077364206314,0.9416037797927856,0.5649754405021667,0.6165421605110168,-0.28844425082206726,0.9166087508201599,0.574516236782074,0.6053339838981628,-0.20647986233234406,0.9284677505493164,0.5648565292358398,0.6084102988243103,-0.24887676537036896,0.8953560590744019,0.5833211541175842,0.5828526020050049,0.009894037619233131,0.9996745586395264,0.5381049513816833,0.5844354629516602,-0.010009657591581345,0.9996514916419983,0.5784156322479248,0.750191330909729,0.028708970174193382,0.9911492466926575,0.5311344861984253,0.7451265454292297,0.016849597916007042,0.9924592971801758,0.5768941044807434,0.8794862627983093,0.20461563766002655,0.9918147921562195,0.5265097618103027,0.8773874640464783,0.18303412199020386,0.9906699061393738,0.5694688558578491,0.8923286199569702,0.21617768704891205,0.9291113615036011,0.5299429297447205,0.8869989514350891,0.19434639811515808,0.8074564933776855,0.5853149890899658,0.9383463263511658,0.11130183190107346,0.9863955974578857,0.5272355675697327,0.9360696077346802,0.08461178094148636,0.9836220145225525
7033.333333333314,0.5595470070838928,0.2955906093120575,-0.36632850766181946,0.9999793171882629,0.5645209550857544,0.2819294035434723,-0.35433679819107056,0.9999224543571472,0.5678507685661316,0.2821043133735657,-0.35431909561157227,0.9999215006828308,0.5711082816123962,0.282444030046463,-0.3543398082256317,0.999916672706604,0.5547630190849304,0.28192269802093506,-0.3536647856235504,0.9999218583106995,0.5518680214881897,0.28197622299194336,-0.353741317987442,0.999929666519165,0.548985481262207,0.28235942125320435,-0.35381239652633667,0.9999269843101501,0.5764531493186951,0.289317786693573,-0.2606108486652374,0.9997462034225464,0.5465893149375916,0.29055526852607727,-0.25836047530174255,0.9998651742935181,0.565823495388031,0.31122255325317383,-0.32944193482398987,0.9999725818634033,0.5542299747467041,0.3114168047904968,-0.3289400637149811,0.9999748468399048,0.6055161356925964,0.3800186216831207,-0.17274095118045807,0.9999156594276428,0.5268258452415466,0.38119277358055115,-0.20042739808559418,0.9998816251754761,0.6058281064033508,0.49635010957717896,-0.1314552277326584,0.9857853651046753,0.5230697989463806,0.4996753931045532,-0.18266110122203827,0.986983597278595,0.5859587788581848,0.5928670763969421,-0.19298307597637177,0.9737635850906372,0.5501895546913147,0.5971978306770325,-0.23848623037338257,0.9594776034355164,0.5800904035568237,0.6223968267440796,-0.22174812853336334,0.9381927847862244,0.5573808550834656,0.6235353946685791,-0.26823902130126953,0.9164015054702759,0.5738756656646729,0.6153386235237122,-0.2441478818655014,0.9417545795440674,0.5642648935317993,0.6166545152664185,-0.283729612827301,0.9160773754119873,0.5741212368011475,0.6055951714515686,-0.20237690210342407,0.928655207157135,0.5640539526939392,0.6084924936294556,-0.24451115727424622,0.8947827816009521,0.5829434990882874,0.582258939743042,0.009793245233595371,0.9996716380119324,0.5378866195678711,0.5840780735015869,-0.009910253807902336,0.9996490478515625,0.578338086605072,0.7501767873764038,0.026044465601444244,0.9912446141242981,0.5303981900215149,0.7451171875,0.016099601984024048,0.9924852252006531,0.5768886208534241,0.8793066740036011,0.20419804751873016,0.9918001890182495,0.5264703035354614,0.877495527267456,0.18128134310245514,0.9906743168830872,0.5694679021835327,0.8921214938163757,0.21611979603767395,0.9289620518684387,0.5298917889595032,0.8871205449104309,0.19249695539474487,0.8069906234741211,0.585318386554718,0.9383277893066406,0.11095982044935226,0.9863080978393555,0.5273425579071045,0.9363011717796326,0.08216173946857452,0.9835823774337769
7066.666666666647,0.5589405298233032,0.29518523812294006,-0.3662305176258087,0.9999792575836182,0.563839316368103,0.28149330615997314,-0.35424014925956726,0.9999224543571472,0.5672581791877747,0.281665563583374,-0.3542230725288391,0.9999216794967651,0.5705637335777283,0.2819737195968628,-0.3542456328868866,0.9999170899391174,0.5541135668754578,0.28164806962013245,-0.353479266166687,0.999921441078186,0.5512429475784302,0.2818424105644226,-0.3535551130771637,0.9999291896820068,0.5482982993125916,0.28228023648262024,-0.3536244034767151,0.9999263286590576,0.5760133266448975,0.28893569111824036,-0.2603960633277893,0.9997496604919434,0.5459386706352234,0.29056018590927124,-0.2581692039966583,0.9998641014099121,0.5653888583183289,0.31094086170196533,-0.32941290736198425,0.9999728798866272,0.5537212491035461,0.31126418709754944,-0.32886451482772827,0.9999748468399048,0.6048075556755066,0.3799440860748291,-0.17284449934959412,0.9999166131019592,0.526414155960083,0.3807411789894104,-0.19873681664466858,0.9998797178268433,0.6054522395133972,0.49654343724250793,-0.13161638379096985,0.9861098527908325,0.5222682356834412,0.4996553659439087,-0.17889967560768127,0.9868568778038025,0.5852683186531067,0.5929810404777527,-0.19311627745628357,0.974322497844696,0.5493107438087463,0.5974192023277283,-0.23556114733219147,0.9590921401977539,0.579596757888794,0.6224043965339661,-0.221954807639122,0.9392902851104736,0.5565844178199768,0.6244612336158752,-0.2651655077934265,0.9157576560974121,0.5735335946083069,0.6155419945716858,-0.24447764456272125,0.9427858591079712,0.5634338855743408,0.6177819967269897,-0.28077515959739685,0.9154383540153503,0.5737133622169495,0.6057791709899902,-0.20263981819152832,0.9298709630966187,0.5631081461906433,0.6094169616699219,-0.24166862666606903,0.8940943479537964,0.5821026563644409,0.5820602774620056,0.009006859734654427,0.9996731281280518,0.5371987819671631,0.5840350389480591,-0.00912689883261919,0.9996477365493774,0.5778684616088867,0.750203013420105,0.02314845286309719,0.9912787675857544,0.5296913981437683,0.7451182007789612,0.016299262642860413,0.9924187660217285,0.5766897201538086,0.8792784214019775,0.20380833745002747,0.9917005300521851,0.5264180302619934,0.8774754405021667,0.18301299214363098,0.9905304312705994,0.5693960785865784,0.8920711874961853,0.21558095514774323,0.9284363389015198,0.5298672318458557,0.8871258497238159,0.19451706111431122,0.8051224946975708,0.5853071212768555,0.9383146166801453,0.11082654446363449,0.9861055612564087,0.5275033116340637,0.9364627599716187,0.0845944955945015,0.9833269119262695
7099.99999999998,0.5578135848045349,0.2951204776763916,-0.36493033170700073,0.9999789595603943,0.5626712441444397,0.2812245190143585,-0.3530668020248413,0.9999217391014099,0.5662556290626526,0.28137484192848206,-0.35305309295654297,0.9999213218688965,0.5697116255760193,0.28164806962013245,-0.35307806730270386,0.9999169111251831,0.5530977845191956,0.28154999017715454,-0.35183775424957275,0.9999202489852905,0.5502749085426331,0.2818155288696289,-0.3519115746021271,0.9999278783798218,0.547318160533905,0.2822719216346741,-0.35198038816452026,0.9999248385429382,0.5754954218864441,0.28869205713272095,-0.2599680721759796,0.9997520446777344,0.5452762246131897,0.29056206345558167,-0.2551098167896271,0.999861478805542,0.5646008849143982,0.310883104801178,-0.3283740282058716,0.999972939491272,0.5529031753540039,0.31126341223716736,-0.3271333873271942,0.9999746084213257,0.6043860912322998,0.3798268437385559,-0.17240478098392487,0.9999169111251831,0.5260837078094482,0.3805745542049408,-0.1941203624010086,0.9998776316642761,0.6050640344619751,0.49687761068344116,-0.13141374289989471,0.9862298369407654,0.5214161276817322,0.49958133697509766,-0.17339304089546204,0.9866138100624084,0.5844787359237671,0.5929811596870422,-0.19330178201198578,0.9744204878807068,0.5485623478889465,0.5975173115730286,-0.2309071272611618,0.9583148956298828,0.5783035159111023,0.6224108338356018,-0.22227145731449127,0.939468264579773,0.5559259057044983,0.624822199344635,-0.2604213058948517,0.9143803715705872,0.5726551413536072,0.6156689524650574,-0.24468298256397247,0.9429550170898438,0.5627430081367493,0.6180544495582581,-0.27618762850761414,0.914055585861206,0.5729700922966003,0.6058491468429565,-0.20274461805820465,0.930063784122467,0.5622948408126831,0.6096478700637817,-0.2371465116739273,0.8925968408584595,0.5814208984375,0.5820444822311401,0.008077075704932213,0.9996731281280518,0.5364348888397217,0.5840240716934204,-0.008197944611310959,0.9996460676193237,0.5776758193969727,0.7511820197105408,0.021805785596370697,0.9914065599441528,0.5289174318313599,0.7456453442573547,0.017271224409341812,0.992445170879364,0.5767599940299988,0.8793075680732727,0.20352478325366974,0.991737425327301,0.5261141061782837,0.8779900074005127,0.18450011312961578,0.9904904365539551,0.5696324110031128,0.8920691609382629,0.21529290080070496,0.928094744682312,0.5295674204826355,0.8874519467353821,0.19608443975448608,0.8040527701377869,0.5853108167648315,0.938366711139679,0.11043773591518402,0.9860638976097107,0.527546226978302,0.9367284178733826,0.08557839691638947,0.9832276701927185
7133.333333333313,0.5564571619033813,0.2951308786869049,-0.364910751581192,0.9999793171882629,0.5613946318626404,0.2811376452445984,-0.35315197706222534,0.9999232292175293,0.5651138424873352,0.2812613248825073,-0.3531378507614136,0.9999229311943054,0.5687780976295471,0.28149622678756714,-0.3531624674797058,0.9999187588691711,0.5520185828208923,0.2815471291542053,-0.3518308401107788,0.9999215006828308,0.549201250076294,0.2818199098110199,-0.3519045114517212,0.9999287724494934,0.546224057674408,0.282286673784256,-0.3519727885723114,0.9999256134033203,0.5749212503433228,0.2885688841342926,-0.2610187828540802,0.9997591376304626,0.5444753766059875,0.2905527949333191,-0.25499090552330017,0.9998627305030823,0.5634653568267822,0.3108804225921631,-0.3283987045288086,0.9999735951423645,0.551734209060669,0.31136390566825867,-0.3270256221294403,0.9999749660491943,0.6038942337036133,0.3797379732131958,-0.17320840060710907,0.99991774559021,0.5258322954177856,0.37982529401779175,-0.1936480551958084,0.9998785853385925,0.6047915816307068,0.4969806373119354,-0.13162174820899963,0.9864358901977539,0.5204182267189026,0.49910175800323486,-0.1721472144126892,0.9863449931144714,0.5843477845191956,0.5922539234161377,-0.19319367408752441,0.9745986461639404,0.54759281873703,0.5973821878433228,-0.2293129861354828,0.9574565291404724,0.5776978731155396,0.6218916773796082,-0.22203536331653595,0.9396992921829224,0.5550822019577026,0.6248376369476318,-0.25836417078971863,0.9127932190895081,0.5720380544662476,0.6155403852462769,-0.24427899718284607,0.9431804418563843,0.5618727207183838,0.6181874871253967,-0.27425822615623474,0.9124481678009033,0.5724704265594482,0.6057543158531189,-0.20249062776565552,0.9303104877471924,0.5613800287246704,0.6097226142883301,-0.23559287190437317,0.8909109234809875,0.5808507800102234,0.5811631083488464,0.00779120484367013,0.9996732473373413,0.5358007550239563,0.5833931565284729,-0.007915467955172062,0.9996466636657715,0.5774039030075073,0.7503986954689026,0.020143477246165276,0.9914568662643433,0.5283958315849304,0.7456158995628357,0.017113232985138893,0.9924410581588745,0.5767422914505005,0.8790006637573242,0.19444464147090912,0.991766631603241,0.5256155729293823,0.8781713843345642,0.17936037480831146,0.9904963374137878,0.5696304440498352,0.8917187452316284,0.2057434767484665,0.9283663034439087,0.5289766192436218,0.8876792788505554,0.19021283090114594,0.8040390014648438,0.5853044390678406,0.9382160305976868,0.1013164147734642,0.9860240817070007,0.5275496244430542,0.9366621375083923,0.08016809076070786,0.9831864237785339
7166.666666666646,0.5553939938545227,0.29504361748695374,-0.3594679832458496,0.9999789595603943,0.5606065988540649,0.2809506356716156,-0.34796342253685,0.9999222159385681,0.5643935799598694,0.281094491481781,-0.3479503095149994,0.999921977519989,0.5681190490722656,0.28134024143218994,-0.34797048568725586,0.9999179244041443,0.5512860417366028,0.28139325976371765,-0.34626707434654236,0.9999200701713562,0.5484228730201721,0.28166815638542175,-0.3463374376296997,0.9999271631240845,0.5454456806182861,0.2821411192417145,-0.34640607237815857,0.999923825263977,0.5744122862815857,0.28852394223213196,-0.2557471692562103,0.9997587203979492,0.5438543558120728,0.29019853472709656,-0.24846722185611725,0.9998593926429749,0.5623070597648621,0.31079035997390747,-0.32304123044013977,0.9999735355377197,0.5506754517555237,0.3113296926021576,-0.32116037607192993,0.9999747276306152,0.6030619740486145,0.3796790838241577,-0.1678438037633896,0.9999178051948547,0.5254595279693604,0.37849849462509155,-0.1884666532278061,0.9998785257339478,0.6042503118515015,0.4970497488975525,-0.12571029365062714,0.9865002036094666,0.5193208456039429,0.4983925223350525,-0.16827763617038727,0.9860374331474304,0.5840376615524292,0.5919850468635559,-0.18798068165779114,0.9746422171592712,0.5469815731048584,0.5971291065216064,-0.22681283950805664,0.9564085006713867,0.5769827365875244,0.6217561364173889,-0.21691985428333282,0.9398164749145508,0.5545628070831299,0.6248458027839661,-0.2561953663825989,0.9110015630722046,0.5712212324142456,0.6155301332473755,-0.23918147385120392,0.943300187587738,0.561214029788971,0.6184028387069702,-0.27205368876457214,0.9106464982032776,0.5718041658401489,0.6057471036911011,-0.19723419845104218,0.9304380416870117,0.5607324242591858,0.6098223328590393,-0.23307830095291138,0.8889241814613342,0.5802732110023499,0.5811711549758911,0.007955559529364109,0.9996725916862488,0.5351123809814453,0.5834097266197205,-0.008078476414084435,0.9996461272239685,0.5770942568778992,0.7504011988639832,0.02036222256720066,0.9913895130157471,0.527919590473175,0.7456137537956238,0.014966757968068123,0.9923915863037109,0.5767039656639099,0.8787329196929932,0.19459205865859985,0.9916650652885437,0.5253612399101257,0.8790678381919861,0.17842605710029602,0.9903959035873413,0.5696027278900146,0.8914180994033813,0.20619042217731476,0.9277587532997131,0.5285815000534058,0.8884257078170776,0.18943515419960022,0.8025785088539124,0.5853024125099182,0.9380105137825012,0.10151217132806778,0.9858255386352539,0.5275614261627197,0.9367803335189819,0.07835038751363754,0.9829886555671692
7199.999999999979,0.5544384121894836,0.2949678301811218,-0.3612262010574341,0.9999784827232361,0.5598897337913513,0.2808094620704651,-0.350158154964447,0.999920666217804,0.5637052059173584,0.28098011016845703,-0.35014408826828003,0.9999203681945801,0.5674536228179932,0.2812471091747284,-0.3501717746257782,0.9999165534973145,0.5506236553192139,0.2812294065952301,-0.34827274084091187,0.9999186396598816,0.5477635860443115,0.2814641296863556,-0.3483498990535736,0.9999256134033203,0.5448299646377563,0.2819034457206726,-0.348422110080719,0.9999223947525024,0.5738526582717896,0.28851833939552307,-0.2583739757537842,0.9997556209564209,0.543338418006897,0.2896563708782196,-0.25055161118507385,0.9998571872711182,0.5610836148262024,0.3107319474220276,-0.3249163031578064,0.9999729990959167,0.5497775673866272,0.3112897574901581,-0.3227829337120056,0.9999741911888123,0.6019255518913269,0.3796727657318115,-0.16922521591186523,0.999914824962616,0.5247050523757935,0.378093421459198,-0.19159644842147827,0.999879002571106,0.6037838459014893,0.49724718928337097,-0.12743736803531647,0.9863569736480713,0.5185221433639526,0.49820539355278015,-0.17205609381198883,0.9859475493431091,0.5831531882286072,0.5920407176017761,-0.18892650306224823,0.9738731384277344,0.5467260479927063,0.5969897508621216,-0.2275087982416153,0.95561683177948,0.5753319263458252,0.6219236254692078,-0.2179396152496338,0.9381153583526611,0.554290771484375,0.6248644590377808,-0.25754329562187195,0.909482479095459,0.5694800615310669,0.6157764792442322,-0.24016718566417694,0.941707968711853,0.5607470870018005,0.6185885667800903,-0.27338969707489014,0.9091513156890869,0.570461630821228,0.6058825254440308,-0.19821962714195251,0.9286675453186035,0.5602903962135315,0.6099240183830261,-0.2338695079088211,0.887322723865509,0.5797572731971741,0.5810583233833313,0.008206402882933617,0.9996671080589294,0.5343853831291199,0.5833460092544556,-0.0083292992785573,0.9996450543403625,0.5766133666038513,0.749607503414154,0.020600225776433945,0.9911690950393677,0.5273489356040955,0.745710551738739,0.013539333827793598,0.9921836256980896,0.5764421224594116,0.878715991973877,0.19315217435359955,0.9914147853851318,0.5248106718063354,0.8796006441116333,0.1732935905456543,0.9901275038719177,0.5694692730903625,0.8914611339569092,0.2045494019985199,0.9267457723617554,0.5283223390579224,0.8889394402503967,0.18393534421920776,0.7989240288734436,0.5852311849594116,0.9376859664916992,0.10035296529531479,0.9853543639183044,0.527455747127533,0.936890184879303,0.07266710698604584,0.9824327230453491
7233.333333333312,0.553869366645813,0.29496604204177856,-0.3827269673347473,0.9999785423278809,0.5594826340675354,0.2807632386684418,-0.3716713488101959,0.9999210238456726,0.5633177161216736,0.2809431850910187,-0.3716525137424469,0.9999205470085144,0.5670605897903442,0.28122076392173767,-0.3716842830181122,0.9999169111251831,0.5501760840415955,0.28119081258773804,-0.36970043182373047,0.9999193549156189,0.5473123788833618,0.28141483664512634,-0.3697829246520996,0.9999260902404785,0.5443834662437439,0.281844824552536,-0.3698521852493286,0.9999231696128845,0.5735050439834595,0.2885168492794037,-0.27778276801109314,0.9997570514678955,0.542949914932251,0.2894498109817505,-0.2695842683315277,0.9998587369918823,0.5604149699211121,0.310730516910553,-0.34552961587905884,0.999972939491272,0.5492352843284607,0.31130853295326233,-0.34329932928085327,0.9999743103981018,0.6013085246086121,0.3796522617340088,-0.1845497339963913,0.999912679195404,0.524025559425354,0.3779965937137604,-0.20828190445899963,0.9998816847801208,0.6035048961639404,0.49739697575569153,-0.14396509528160095,0.9860730171203613,0.5177060961723328,0.498198002576828,-0.19006580114364624,0.9860419631004333,0.582439124584198,0.5921446681022644,-0.2052018642425537,0.9724807739257812,0.5461294651031494,0.5969766974449158,-0.24652047455310822,0.9552531242370605,0.5745070576667786,0.6220981478691101,-0.23421883583068848,0.9351526498794556,0.5538268685340881,0.6249861717224121,-0.2767758071422577,0.9085909128189087,0.5687975287437439,0.6159467697143555,-0.2566092908382416,0.9388483166694641,0.5602725148200989,0.6186619997024536,-0.2919616103172302,0.9082016944885254,0.5697991251945496,0.6059456467628479,-0.21456477046012878,0.9254257678985596,0.5597410202026367,0.6099396347999573,-0.25251704454421997,0.8861423134803772,0.5790932178497314,0.5808992385864258,0.008230521343648434,0.9996708035469055,0.533540666103363,0.5832539796829224,-0.00835346058011055,0.9996522665023804,0.5763090252876282,0.7485480308532715,0.021897485479712486,0.9912136197090149,0.5269747376441956,0.7456969618797302,0.015732470899820328,0.9922511577606201,0.5760586261749268,0.8787119388580322,0.19803830981254578,0.9914678931236267,0.5247712731361389,0.8796660304069519,0.18124030530452728,0.9902372360229492,0.5689874887466431,0.8915044069290161,0.20996326208114624,0.9275187253952026,0.5283927917480469,0.8891307711601257,0.1926446259021759,0.800253689289093,0.5851704478263855,0.9377170205116272,0.105179563164711,0.9854336977005005,0.527324914932251,0.9369151592254639,0.081265889108181,0.9825634360313416
7266.666666666645,0.5529420375823975,0.2951067090034485,-0.38532212376594543,0.9999780654907227,0.5585505962371826,0.2807687222957611,-0.3744397759437561,0.9999191761016846,0.5624353289604187,0.28094327449798584,-0.3744230270385742,0.9999185800552368,0.5662432909011841,0.2812231481075287,-0.3744536340236664,0.9999150633811951,0.5493160486221313,0.2811982333660126,-0.3722282946109772,0.9999179244041443,0.5464648604393005,0.28141531348228455,-0.3723122179508209,0.9999246597290039,0.5435881018638611,0.281844824552536,-0.3723854422569275,0.999921977519989,0.5729630589485168,0.2885294556617737,-0.28114134073257446,0.9997513890266418,0.5424139499664307,0.28929561376571655,-0.271756112575531,0.9998565316200256,0.5593955516815186,0.3108309507369995,-0.3483354151248932,0.9999721646308899,0.5485049486160278,0.3114648461341858,-0.34577029943466187,0.9999737739562988,0.6008150577545166,0.3796239197254181,-0.18807201087474823,0.9999099373817444,0.5233305096626282,0.3778601586818695,-0.21122440695762634,0.9998840093612671,0.6030089259147644,0.4975367784500122,-0.1493225246667862,0.9857789278030396,0.5169772505760193,0.49823319911956787,-0.19361676275730133,0.9861465692520142,0.5813548564910889,0.5923259854316711,-0.2116556167602539,0.9711072444915771,0.5455650091171265,0.5971103310585022,-0.25064921379089355,0.9550266265869141,0.5734091997146606,0.6224650144577026,-0.24116846919059753,0.9322930574417114,0.5533151626586914,0.6255242824554443,-0.2809768319129944,0.9079003930091858,0.5677397847175598,0.6163033843040466,-0.26320311427116394,0.9361160397529602,0.5596712231636047,0.6189917325973511,-0.29606783390045166,0.9074592590332031,0.5687029361724854,0.6061407327651978,-0.2209222912788391,0.9223096370697021,0.5590378046035767,0.6101409792900085,-0.2565764784812927,0.8852436542510986,0.5783708095550537,0.5808737874031067,0.008253312669694424,0.9996703267097473,0.5327836275100708,0.5832490921020508,-0.008376140147447586,0.9996556043624878,0.5760475397109985,0.7470097541809082,0.024239283055067062,0.9911004900932312,0.5265265107154846,0.7456859946250916,0.017713159322738647,0.9921765923500061,0.5759860277175903,0.8785972595214844,0.20124134421348572,0.9913548827171326,0.5245931148529053,0.8797721862792969,0.18520428240299225,0.9901103377342224,0.5689393877983093,0.8914003372192383,0.21331161260604858,0.9270608425140381,0.5283762812614441,0.8891294002532959,0.1969028264284134,0.7988590002059937,0.5851215720176697,0.9376693964004517,0.1082199290394783,0.9852388501167297,0.5272037386894226,0.9368905425071716,0.08571361750364304,0.9823075532913208
7299.999999999978,0.5518950819969177,0.2951870560646057,-0.3932415843009949,0.9999769926071167,0.5572983622550964,0.280762642621994,-0.3824586272239685,0.9999153017997742,0.5611833930015564,0.28092002868652344,-0.38244572281837463,0.9999147057533264,0.5650452375411987,0.28119102120399475,-0.38248226046562195,0.999911367893219,0.5482385158538818,0.28119683265686035,-0.37954652309417725,0.9999143481254578,0.5453878045082092,0.2814141511917114,-0.37962988018989563,0.9999210834503174,0.542585551738739,0.28184565901756287,-0.37970679998397827,0.9999188184738159,0.5722623467445374,0.28850504755973816,-0.2890174686908722,0.9997413754463196,0.5417422652244568,0.28919273614883423,-0.27637237310409546,0.999849796295166,0.5584526658058167,0.31087857484817505,-0.35618796944618225,0.9999709725379944,0.5477584004402161,0.31157875061035156,-0.35268735885620117,0.9999727606773376,0.6004651784896851,0.3795188367366791,-0.19637179374694824,0.9999072551727295,0.5227567553520203,0.3776772916316986,-0.2134978175163269,0.9998846650123596,0.6025344729423523,0.497732549905777,-0.16000132262706757,0.9855129718780518,0.5165339708328247,0.49820300936698914,-0.19557438790798187,0.9860519766807556,0.5808135867118835,0.5924298763275146,-0.2237360030412674,0.9696744084358215,0.544913113117218,0.597329318523407,-0.25499942898750305,0.9542738199234009,0.5729609131813049,0.6226310133934021,-0.2537882626056671,0.9294648766517639,0.5527516603469849,0.625880777835846,-0.2858322858810425,0.9064050912857056,0.56728595495224,0.6164960861206055,-0.2759975790977478,0.9333856105804443,0.559105634689331,0.6191505789756775,-0.30058753490448,0.905865490436554,0.5681517124176025,0.6062537431716919,-0.2330021858215332,0.9191324710845947,0.5583915114402771,0.6102561950683594,-0.26089924573898315,0.8832164406776428,0.577985942363739,0.580865740776062,0.0077600362710654736,0.9996696710586548,0.5323004722595215,0.5832422971725464,-0.007877983152866364,0.9996559023857117,0.5756967067718506,0.7469770908355713,0.02488485537469387,0.9910264611244202,0.5260355472564697,0.745678722858429,0.021384362131357193,0.9921445250511169,0.5758792757987976,0.87827068567276,0.21196362376213074,0.9912369251251221,0.5245969295501709,0.8792228698730469,0.19707122445106506,0.9900174736976624,0.5688294768333435,0.8910583853721619,0.2252996265888214,0.9263737201690674,0.5284485816955566,0.8882995247840881,0.20983204245567322,0.7984074950218201,0.5849899053573608,0.9375719428062439,0.119624562561512,0.9850763082504272,0.527212917804718,0.9368559718132019,0.0987972691655159,0.9821240305900574
7333.333333333311,0.5511435866355896,0.2951730191707611,-0.38892725110054016,0.9999761581420898,0.5563632845878601,0.280673086643219,-0.37806299328804016,0.9999125599861145,0.5602098703384399,0.28079503774642944,-0.3780491054058075,0.9999120235443115,0.5640923380851746,0.28105103969573975,-0.37808486819267273,0.9999088644981384,0.5474036931991577,0.28114795684814453,-0.37550753355026245,0.9999117851257324,0.5445319414138794,0.28136342763900757,-0.3755909502506256,0.9999186396598816,0.541729211807251,0.28181740641593933,-0.3756655752658844,0.9999164938926697,0.5715930461883545,0.288420706987381,-0.2851245701313019,0.9997341632843018,0.5410107374191284,0.2890987694263458,-0.27403295040130615,0.9998450875282288,0.5577553510665894,0.3108668923377991,-0.3521031141281128,0.9999698996543884,0.5471193194389343,0.3115781843662262,-0.3490709364414215,0.9999717473983765,0.5999863147735596,0.37934520840644836,-0.1929936408996582,0.9999042749404907,0.5219331979751587,0.37778881192207336,-0.212515726685524,0.9998847246170044,0.602143406867981,0.4977770745754242,-0.15621443092823029,0.9853800535202026,0.5163461565971375,0.4982062578201294,-0.19461967051029205,0.9859641790390015,0.5802727937698364,0.5924655199050903,-0.21915285289287567,0.9687760472297668,0.5444936156272888,0.5974845886230469,-0.2525273561477661,0.953606128692627,0.5727145671844482,0.6226611733436584,-0.24875985085964203,0.9275141954421997,0.5523421168327332,0.6261439919471741,-0.28298139572143555,0.9050720930099487,0.5669718980789185,0.6165257692337036,-0.2708372473716736,0.9315219521522522,0.5586567521095276,0.6193215847015381,-0.2977083623409271,0.9044719934463501,0.5677199959754944,0.6062605977058411,-0.22833876311779022,0.9169502258300781,0.557964563369751,0.6103531718254089,-0.25835660099983215,0.8814988732337952,0.5773575305938721,0.5807424187660217,0.007786253932863474,0.9996649622917175,0.5317223072052002,0.583095908164978,-0.007904382422566414,0.9996540546417236,0.5753803253173828,0.7468424439430237,0.025576064363121986,0.9908419251441956,0.5256665349006653,0.7456827163696289,0.020856916904449463,0.9920328259468079,0.5758787393569946,0.8782784938812256,0.21119628846645355,0.9910712838172913,0.5245752334594727,0.8794822692871094,0.19486317038536072,0.9898462295532227,0.5688292980194092,0.8911207318305969,0.2242777943611145,0.9255738258361816,0.5284535884857178,0.8886982798576355,0.20729666948318481,0.7962120771408081,0.5849752426147461,0.9375447034835815,0.11821988970041275,0.9847895503044128,0.5272220969200134,0.9368345141410828,0.09614380449056625,0.9817601442337036
7366.666666666644,0.5507194399833679,0.2951688766479492,-0.4014553725719452,0.9999757409095764,0.5557600855827332,0.2806328535079956,-0.39043253660202026,0.9999109506607056,0.559581995010376,0.28072571754455566,-0.3904189467430115,0.9999104142189026,0.5634649395942688,0.28096887469291687,-0.39045682549476624,0.9999074339866638,0.5468337535858154,0.28113439679145813,-0.3879688084125519,0.9999105930328369,0.5439416170120239,0.28135350346565247,-0.38805490732192993,0.9999173879623413,0.5411365628242493,0.2818168103694916,-0.3881320357322693,0.9999155402183533,0.5709936618804932,0.2883467674255371,-0.29524239897727966,0.9997299909591675,0.5403121113777161,0.28907352685928345,-0.28452417254447937,0.9998429417610168,0.5574101805686951,0.3108251988887787,-0.3636789917945862,0.9999693036079407,0.5467031598091125,0.3115732967853546,-0.3607623279094696,0.999971330165863,0.5993838906288147,0.378930002450943,-0.20053617656230927,0.9999033808708191,0.5210058093070984,0.37779664993286133,-0.2219264805316925,0.9998863935470581,0.6017935276031494,0.4978005290031433,-0.16570304334163666,0.9853458404541016,0.5161636471748352,0.49821019172668457,-0.2055373340845108,0.9860698580741882,0.5798346400260925,0.5925099849700928,-0.2321171760559082,0.9680593609809875,0.5440108776092529,0.5980375409126282,-0.26550811529159546,0.953545868396759,0.5723413228988647,0.6227186918258667,-0.26269376277923584,0.9259900450706482,0.5518563985824585,0.6269155740737915,-0.29714635014533997,0.9048715829849243,0.5665318965911865,0.6165304183959961,-0.2851874530315399,0.930036187171936,0.5581828951835632,0.619660496711731,-0.3122526705265045,0.9042040109634399,0.5671980381011963,0.6062681078910828,-0.24159826338291168,0.9151651263237,0.5574331283569336,0.6106213927268982,-0.2715967893600464,0.8809561133384705,0.576786458492279,0.5806956887245178,0.007793651428073645,0.9996682405471802,0.531073808670044,0.5830948352813721,-0.007913339883089066,0.9996588230133057,0.575156033039093,0.7466660141944885,0.02853485755622387,0.9908512234687805,0.5252529382705688,0.7456861734390259,0.022657841444015503,0.9921018481254578,0.5757218599319458,0.8782400488853455,0.2134498655796051,0.9910820126533508,0.5245776772499084,0.8794844150543213,0.19754381477832794,0.9899449348449707,0.568629801273346,0.8911173343658447,0.2262822836637497,0.926000714302063,0.5285309553146362,0.8888696432113647,0.2099572867155075,0.7979230880737305,0.5847829580307007,0.9374576807022095,0.1198473647236824,0.9848536252975464,0.5272269248962402,0.9369254112243652,0.0979745164513588,0.9818955063819885
7399.999999999977,0.5502499341964722,0.2951700985431671,-0.404365211725235,0.9999761581420898,0.5551984310150146,0.28059595823287964,-0.3932028114795685,0.9999126195907593,0.5590468645095825,0.2806595265865326,-0.3931863009929657,0.9999119639396667,0.5629498958587646,0.2808806598186493,-0.39322295784950256,0.9999091625213623,0.5462344288825989,0.2811247706413269,-0.3912256956100464,0.9999127388000488,0.5433177351951599,0.2813474237918854,-0.3913159966468811,0.9999192953109741,0.5404983758926392,0.2818164825439453,-0.39139220118522644,0.9999176859855652,0.5705234408378601,0.2882329225540161,-0.2967973053455353,0.999734103679657,0.5395040512084961,0.2890413999557495,-0.28846508264541626,0.9998469352722168,0.5570727586746216,0.31081417202949524,-0.36608150601387024,0.9999696612358093,0.546247661113739,0.31157368421554565,-0.3638487756252289,0.9999718070030212,0.5986924767494202,0.37876275181770325,-0.1996420919895172,0.9999027252197266,0.520217776298523,0.37784895300865173,-0.22760647535324097,0.999890148639679,0.6013309359550476,0.49805495142936707,-0.1641009896993637,0.9852653741836548,0.5160117745399475,0.498264342546463,-0.21305793523788452,0.986316442489624,0.5792833566665649,0.5926966071128845,-0.2304728925228119,0.9674171209335327,0.5434463024139404,0.5983985066413879,-0.2721707224845886,0.9538425803184509,0.5718564391136169,0.6229541301727295,-0.26059848070144653,0.9245418906211853,0.5512101054191589,0.6274368166923523,-0.30408355593681335,0.9053045511245728,0.5659459829330444,0.6166289448738098,-0.2835477292537689,0.9286415576934814,0.5574643611907959,0.6199601292610168,-0.3193295896053314,0.9045745730400085,0.5666112303733826,0.6063346266746521,-0.24017639458179474,0.9134731292724609,0.5567209720611572,0.6108715534210205,-0.2783106565475464,0.8811816573143005,0.576195478439331,0.580651044845581,0.009198189713060856,0.9996731281280518,0.5304397940635681,0.5830909609794617,-0.009311833418905735,0.999668300151825,0.5747554302215576,0.7466471791267395,0.03281062841415405,0.990801215171814,0.5250471234321594,0.7456822991371155,0.02213944122195244,0.9922597408294678,0.5753681063652039,0.8784803152084351,0.2115584760904312,0.9911115765571594,0.5245372653007507,0.8802236914634705,0.19567278027534485,0.9902104139328003,0.5682091116905212,0.8917310237884521,0.2239084243774414,0.9272509217262268,0.5285615921020508,0.8909316062927246,0.20828548073768616,0.8017703890800476,0.5847788453102112,0.9374390244483948,0.11788317561149597,0.9850068688392639,0.5272189974784851,0.9375403523445129,0.09557732194662094,0.9822944402694702
7433.33333333331,0.5497360229492188,0.2951982319355011,-0.4020271897315979,0.9999760985374451,0.5545943975448608,0.28059178590774536,-0.39068660140037537,0.9999126195907593,0.5584346652030945,0.28063756227493286,-0.3906708359718323,0.9999118447303772,0.5623208284378052,0.2808430790901184,-0.3907086253166199,0.9999092221260071,0.5456660985946655,0.2811211347579956,-0.38902410864830017,0.9999130964279175,0.5427385568618774,0.2813453674316406,-0.38911566138267517,0.9999195337295532,0.5399073362350464,0.2818162739276886,-0.3891933262348175,0.9999181628227234,0.5699616074562073,0.2881554961204529,-0.2938960790634155,0.9997334480285645,0.538753867149353,0.2890074551105499,-0.2869596779346466,0.9998477697372437,0.5565723776817322,0.3108138144016266,-0.36359795928001404,0.9999696016311646,0.5457475781440735,0.3115755319595337,-0.3617691099643707,0.9999718070030212,0.5978119969367981,0.3786641061306,-0.19680409133434296,0.9999022483825684,0.5192902684211731,0.37804803252220154,-0.22665216028690338,0.9998921751976013,0.6009312868118286,0.4981505274772644,-0.16045622527599335,0.9852957725524902,0.5157878398895264,0.49832242727279663,-0.21232347190380096,0.9864889979362488,0.578788161277771,0.5927268862724304,-0.22729678452014923,0.9672827124595642,0.5428948998451233,0.5988190770149231,-0.271634042263031,0.954053521156311,0.571463942527771,0.6229676008224487,-0.2575000524520874,0.9241315126419067,0.5504544377326965,0.6279475092887878,-0.30357521772384644,0.9056311845779419,0.5655113458633423,0.61663419008255,-0.2804383337497711,0.9282631278038025,0.5566659569740295,0.6204182505607605,-0.31911420822143555,0.9048987627029419,0.5661669373512268,0.6063424944877625,-0.2370174378156662,0.912934422492981,0.5559513568878174,0.6112384796142578,-0.2778784930706024,0.8814392685890198,0.5756015181541443,0.5805457234382629,0.01022354420274496,0.9996734857559204,0.5299642086029053,0.5830813646316528,-0.010335861705243587,0.9996719360351562,0.5746147632598877,0.7469179034233093,0.032046884298324585,0.9906389713287354,0.5247798562049866,0.7459982633590698,0.020310742780566216,0.9922071695327759,0.5752775073051453,0.8787329792976379,0.21075741946697235,0.9909428954124451,0.5245382189750671,0.8808786869049072,0.19464541971683502,0.9902002215385437,0.5681456327438354,0.8921337127685547,0.2230236828327179,0.9270510077476501,0.528633713722229,0.8917240500450134,0.20721963047981262,0.8020164370536804,0.5847722887992859,0.9374323487281799,0.1171015202999115,0.9848086833953857,0.5272585153579712,0.9378994107246399,0.09140884876251221,0.9822324514389038
7466.666666666643,0.5490714907646179,0.29548415541648865,-0.4030294418334961,0.9999760389328003,0.5539012551307678,0.2807266414165497,-0.39207717776298523,0.9999125599861145,0.5577524304389954,0.280723512172699,-0.39205944538116455,0.9999116063117981,0.5616586208343506,0.2809029221534729,-0.39209362864494324,0.9999091029167175,0.5450199246406555,0.2812069356441498,-0.39004161953926086,0.9999134540557861,0.5421059131622314,0.281399130821228,-0.3901333212852478,0.9999196529388428,0.5393097996711731,0.2818533182144165,-0.3902113735675812,0.999918520450592,0.5693765878677368,0.2881522476673126,-0.29628023505210876,0.9997311234474182,0.5382101535797119,0.28900593519210815,-0.2877810597419739,0.9998481273651123,0.555863082408905,0.31098324060440063,-0.36495378613471985,0.9999693036079407,0.5450863242149353,0.3117152154445648,-0.3626548945903778,0.9999716877937317,0.5973042845726013,0.37852662801742554,-0.19807782769203186,0.999901533126831,0.5185086727142334,0.37824708223342896,-0.22710201144218445,0.9998952150344849,0.6004452109336853,0.4983043670654297,-0.16114430129528046,0.9851577281951904,0.5153775811195374,0.4983786642551422,-0.21155188977718353,0.9866555333137512,0.5781794786453247,0.5927491188049316,-0.22654001414775848,0.966792106628418,0.5421560406684875,0.5995156168937683,-0.2694142162799835,0.9543530344963074,0.5709954500198364,0.6230610609054565,-0.2561776340007782,0.923048198223114,0.5495092868804932,0.6287602782249451,-0.3008158504962921,0.9060400128364563,0.5650155544281006,0.616650402545929,-0.2792811989784241,0.9272193908691406,0.5558433532714844,0.6210476160049438,-0.31622928380966187,0.905268669128418,0.5656183362007141,0.6063494682312012,-0.23625533282756805,0.9117023348808289,0.5551093220710754,0.6117085218429565,-0.2755647599697113,0.8818162083625793,0.5747014284133911,0.5803422927856445,0.010822572745382786,0.9996756911277771,0.5292971134185791,0.5826639533042908,-0.010938026942312717,0.999677836894989,0.5743792057037354,0.7467471361160278,0.03289614990353584,0.9904606342315674,0.5246583819389343,0.745984673500061,0.019611777737736702,0.9922439455986023,0.5750208497047424,0.8789100050926208,0.2086217999458313,0.9908718466758728,0.5242647528648376,0.8809971213340759,0.18759137392044067,0.9903002977371216,0.5679128170013428,0.8924381136894226,0.22010712325572968,0.9274610877037048,0.5284278988838196,0.8920103907585144,0.1990519016981125,0.8035964369773865,0.5847476124763489,0.9373863339424133,0.11419778317213058,0.9847610592842102,0.5272103548049927,0.9378986358642578,0.08477424085140228,0.982359766960144
7499.999999999976,0.5482308864593506,0.29569393396377563,-0.395839124917984,0.9999754428863525,0.5530440807342529,0.28083333373069763,-0.3860662281513214,0.9999098777770996,0.5568907260894775,0.28079158067703247,-0.3860498368740082,0.999908983707428,0.5608063340187073,0.2809450626373291,-0.3860826790332794,0.9999063611030579,0.5441992282867432,0.2812902331352234,-0.3834957778453827,0.9999107718467712,0.5413258671760559,0.2814694046974182,-0.38358554244041443,0.9999170303344727,0.5385514497756958,0.2819032371044159,-0.3836651146411896,0.9999156594276428,0.5686051249504089,0.28814801573753357,-0.29405152797698975,0.9997232556343079,0.5375418066978455,0.2890061140060425,-0.28268417716026306,0.9998423457145691,0.555018424987793,0.311073362827301,-0.35874462127685547,0.9999685287475586,0.5443584322929382,0.31179171800613403,-0.35576996207237244,0.9999708533287048,0.5964937806129456,0.3781406283378601,-0.1962917596101761,0.9999013543128967,0.5176131129264832,0.37847620248794556,-0.22374655306339264,0.9998966455459595,0.5999245047569275,0.49832475185394287,-0.1568586826324463,0.9851812720298767,0.5149867534637451,0.4984252452850342,-0.20463572442531586,0.9865175485610962,0.5779287219047546,0.5927544236183167,-0.21949082612991333,0.9666540026664734,0.5410382747650146,0.5998646020889282,-0.2606726884841919,0.9539864659309387,0.5708547234535217,0.62312251329422,-0.24847392737865448,0.9226559400558472,0.5482180714607239,0.6290208697319031,-0.29090943932533264,0.9054287075996399,0.5647649168968201,0.6166549324989319,-0.2712022364139557,0.9268739819526672,0.5547187328338623,0.6212589144706726,-0.3077135980129242,0.9046911001205444,0.5652850270271301,0.6063530445098877,-0.22894428670406342,0.9113134741783142,0.5539891123771667,0.6118949055671692,-0.26737794280052185,0.8812645077705383,0.5741679072380066,0.5803401470184326,0.010776195675134659,0.9996741414070129,0.5285953283309937,0.5826982855796814,-0.01089166197925806,0.9996774196624756,0.573874831199646,0.746889591217041,0.03110526315867901,0.9902838468551636,0.5243341326713562,0.7462865710258484,0.018978331238031387,0.9921000599861145,0.5747438669204712,0.8789445161819458,0.20498695969581604,0.9906943440437317,0.5240759253501892,0.8802971839904785,0.18716424703598022,0.990128755569458,0.5676435828208923,0.8924849629402161,0.21653074026107788,0.9269406199455261,0.5283843278884888,0.8914180397987366,0.19867992401123047,0.8026588559150696,0.5847322344779968,0.9371275305747986,0.11134154349565506,0.9844925999641418,0.5270801186561584,0.9377188086509705,0.08482091128826141,0.9820830821990967
7533.333333333309,0.5476408004760742,0.2958970069885254,-0.39641454815864563,0.9999754428863525,0.5523927807807922,0.2809843420982361,-0.3863888084888458,0.9999095797538757,0.556226909160614,0.280899316072464,-0.38637152314186096,0.9999088048934937,0.5601252913475037,0.28102195262908936,-0.3864034116268158,0.9999062418937683,0.5435987710952759,0.28145551681518555,-0.3837464153766632,0.9999105930328369,0.5407397747039795,0.281634122133255,-0.3838365375995636,0.9999167919158936,0.5379882454872131,0.282049298286438,-0.38391348719596863,0.9999153017997742,0.5678550601005554,0.28816303610801697,-0.29443687200546265,0.9997225999832153,0.5369855761528015,0.2890969514846802,-0.28304436802864075,0.9998407959938049,0.5544442534446716,0.3111405670642853,-0.35965925455093384,0.9999682903289795,0.543811559677124,0.31187519431114197,-0.35655832290649414,0.999970555305481,0.5956875681877136,0.3780473470687866,-0.199452742934227,0.9999017119407654,0.517062783241272,0.3789130747318268,-0.22251839935779572,0.9998986124992371,0.5991610288619995,0.4985301196575165,-0.16126509010791779,0.9854084253311157,0.5144327878952026,0.4985292851924896,-0.20362330973148346,0.9865183234214783,0.5772504806518555,0.5928352475166321,-0.22194083034992218,0.967039942741394,0.5401431918144226,0.6002674102783203,-0.26022154092788696,0.9540716409683228,0.5702559351921082,0.6232901215553284,-0.2506718933582306,0.9232417345046997,0.5470459461212158,0.6294237375259399,-0.2907988727092743,0.9055339097976685,0.5640017986297607,0.6168124675750732,-0.27329957485198975,0.9274235367774963,0.553532063961029,0.6215398907661438,-0.3072596490383148,0.9047841429710388,0.5644882917404175,0.6064109206199646,-0.23120132088661194,0.9119086861610413,0.5528119206428528,0.6120883822441101,-0.266785204410553,0.8814830780029297,0.5735604166984558,0.5797996520996094,0.010629919357597828,0.9996705651283264,0.5280826687812805,0.5823391079902649,-0.010747473686933517,0.9996771216392517,0.5735265016555786,0.7458618879318237,0.03089894726872444,0.9899917840957642,0.5242142081260681,0.7461960315704346,0.018902122974395752,0.991972029209137,0.5747836828231812,0.8788131475448608,0.19793812930583954,0.9904540181159973,0.5238257646560669,0.8803176879882812,0.1806555539369583,0.9899668097496033,0.5676825642585754,0.8924842476844788,0.20878177881240845,0.9262146949768066,0.5281099677085876,0.8914975523948669,0.1914365291595459,0.8017639517784119,0.5848796963691711,0.9367151856422424,0.10472286492586136,0.9841351509094238,0.5269631147384644,0.9377186894416809,0.0799940899014473,0.9817235469818115
7566.666666666642,0.547130823135376,0.29600989818573,-0.4016181230545044,0.9999756217002869,0.5517805814743042,0.28100642561912537,-0.3907884359359741,0.9999102354049683,0.5556192398071289,0.28090187907218933,-0.3907747268676758,0.9999094009399414,0.5595031380653381,0.2810204029083252,-0.3908088803291321,0.9999070167541504,0.5430028438568115,0.28154221177101135,-0.38844892382621765,0.9999114871025085,0.5401220917701721,0.28174978494644165,-0.38854095339775085,0.9999175071716309,0.5373458862304688,0.28218162059783936,-0.38861989974975586,0.9999162554740906,0.5671966075897217,0.2881200909614563,-0.2959539592266083,0.999724268913269,0.5362432599067688,0.2892036736011505,-0.2859235405921936,0.99984210729599,0.5540046691894531,0.31118112802505493,-0.3639034628868103,0.9999686479568481,0.5433229207992554,0.31196409463882446,-0.3611920177936554,0.9999709129333496,0.5949434638023376,0.37801477313041687,-0.1999150812625885,0.9999029636383057,0.5165638327598572,0.3790915608406067,-0.22485575079917908,0.9999012351036072,0.598342776298523,0.49879032373428345,-0.16339269280433655,0.9854840040206909,0.5139147043228149,0.4986916482448578,-0.207851842045784,0.9866856932640076,0.5764020085334778,0.5928404927253723,-0.22908394038677216,0.9670198559761047,0.5392001271247864,0.6005532741546631,-0.26750415563583374,0.9544520974159241,0.5691168904304504,0.6233276128768921,-0.259120374917984,0.9231904745101929,0.5458633303642273,0.6298566460609436,-0.2992270290851593,0.9062318205833435,0.5629331469535828,0.616817057132721,-0.2818012237548828,0.9273616075515747,0.5523070096969604,0.6217470765113831,-0.31522342562675476,0.9054630994796753,0.5634385347366333,0.606398344039917,-0.2385944277048111,0.9117538332939148,0.5516073703765869,0.6122159361839294,-0.2740345001220703,0.8821999430656433,0.5727114081382751,0.5800183415412903,0.010753853246569633,0.9996750354766846,0.5272491574287415,0.5824130177497864,-0.010869958437979221,0.9996824860572815,0.5732043385505676,0.7464178800582886,0.03247546777129173,0.9898184537887573,0.5236433744430542,0.7463781833648682,0.019115064293146133,0.9919567704200745,0.5747858881950378,0.8783575296401978,0.21015599370002747,0.9902976751327515,0.5233240723609924,0.8804512023925781,0.18700437247753143,0.9899430871009827,0.5676847696304321,0.892241895198822,0.2225452959537506,0.925864577293396,0.5275383591651917,0.8917711973190308,0.1987716257572174,0.8023743033409119,0.5848719477653503,0.9360856413841248,0.11774935573339462,0.9840022921562195,0.5269472002983093,0.9377170205116272,0.08591175079345703,0.9816845059394836
7599.999999999975,0.5465577244758606,0.296029657125473,-0.40088823437690735,0.9999759793281555,0.5511588454246521,0.28100720047950745,-0.3902139961719513,0.9999114871025085,0.5549989342689514,0.28089919686317444,-0.3901992738246918,0.999910831451416,0.5588804483413696,0.2810138463973999,-0.3902338445186615,0.999908447265625,0.5423881411552429,0.2815759778022766,-0.38762518763542175,0.9999129772186279,0.5394977331161499,0.28181320428848267,-0.3877168893814087,0.9999188780784607,0.5367015600204468,0.2822747826576233,-0.38779082894325256,0.9999175667762756,0.5665672421455383,0.2881111204624176,-0.2973712086677551,0.9997292757034302,0.5355512499809265,0.28938961029052734,-0.28597739338874817,0.9998440146446228,0.5535329580307007,0.3111955225467682,-0.36402273178100586,0.9999688267707825,0.5427716970443726,0.3119910657405853,-0.36094486713409424,0.9999709725379944,0.594332754611969,0.3780133128166199,-0.2051587998867035,0.9999018311500549,0.5156471729278564,0.37939882278442383,-0.22398856282234192,0.9999022483825684,0.5973933339118958,0.49892494082450867,-0.16941402852535248,0.98562091588974,0.5133719444274902,0.4991551637649536,-0.20649749040603638,0.9866753220558167,0.5756090879440308,0.592841386795044,-0.23037555813789368,0.9668027758598328,0.5385119318962097,0.6005734205245972,-0.26598918437957764,0.9543456435203552,0.5683130621910095,0.623336136341095,-0.25957930088043213,0.9224984645843506,0.5451229214668274,0.6299268007278442,-0.2980814576148987,0.9059918522834778,0.5622159242630005,0.6168087720870972,-0.28197839856147766,0.9266399145126343,0.5514237284660339,0.621782124042511,-0.31356486678123474,0.905198872089386,0.5627606511116028,0.6063891053199768,-0.2396094799041748,0.9109373092651367,0.5507596135139465,0.6122527718544006,-0.2722713053226471,0.8820362091064453,0.5722577571868896,0.5797308087348938,0.008908381685614586,0.9996705055236816,0.5268222689628601,0.5822164416313171,-0.009019163437187672,0.9996819496154785,0.572851300239563,0.7461211681365967,0.030194945633411407,0.989730954170227,0.5234495401382446,0.7459544539451599,0.01983632519841194,0.9918909668922424,0.5747225880622864,0.8781280517578125,0.19413842260837555,0.9901453852653503,0.5232573747634888,0.8800877332687378,0.1815299689769745,0.9898492097854614,0.567638099193573,0.8920654654502869,0.2048257738351822,0.925413966178894,0.5275484323501587,0.8917636871337891,0.1920834183692932,0.8024572134017944,0.5848720073699951,0.9358841180801392,0.10047027468681335,0.9837200045585632,0.5265544056892395,0.9376333951950073,0.08072841167449951,0.981410801410675
7633.3333333333085,0.5460190176963806,0.296080619096756,-0.4017570912837982,0.9999760389328003,0.5505792498588562,0.2810303866863251,-0.3910021483898163,0.9999116659164429,0.5544108152389526,0.2809084951877594,-0.3909904658794403,0.9999111294746399,0.5582930445671082,0.2810189127922058,-0.3910316526889801,0.9999088048934937,0.5418634414672852,0.2816801071166992,-0.3883647322654724,0.9999134540557861,0.5389740467071533,0.2819756865501404,-0.3884570896625519,0.9999192953109741,0.5361981987953186,0.28248682618141174,-0.3885307013988495,0.9999181032180786,0.5660077333450317,0.2881152927875519,-0.29802387952804565,0.9997313618659973,0.5350291728973389,0.28964847326278687,-0.28647395968437195,0.9998446106910706,0.5530579686164856,0.31122350692749023,-0.36493316292762756,0.9999687671661377,0.5422307848930359,0.31205078959465027,-0.36177295446395874,0.9999708533287048,0.5939960479736328,0.3781317174434662,-0.20578154921531677,0.9998999238014221,0.5149546265602112,0.37981411814689636,-0.22479194402694702,0.9999027252197266,0.596969485282898,0.4991544485092163,-0.1724807769060135,0.9856560826301575,0.5128495097160339,0.4999889135360718,-0.20778127014636993,0.986680805683136,0.574955403804779,0.5927971601486206,-0.23582516610622406,0.9663088321685791,0.5379135012626648,0.6008098721504211,-0.2679344415664673,0.9543645977973938,0.5674166083335876,0.6233403086662292,-0.2658405601978302,0.9213451743125916,0.544536828994751,0.6302308440208435,-0.29963207244873047,0.9061104655265808,0.5614967942237854,0.6166874170303345,-0.2878456115722656,0.9254934787750244,0.5507354736328125,0.6217868328094482,-0.3154810667037964,0.9053032398223877,0.5620748996734619,0.6062583923339844,-0.24504977464675903,0.9095589518547058,0.5499963164329529,0.6122598648071289,-0.27450981736183167,0.8821425437927246,0.5718839764595032,0.5797849297523499,0.008571933023631573,0.9996646642684937,0.5263394713401794,0.5823293328285217,-0.008680467493832111,0.9996797442436218,0.5727617740631104,0.7463907599449158,0.028596391901373863,0.989652156829834,0.5231753587722778,0.7462382316589355,0.019908200949430466,0.9918239116668701,0.5747283697128296,0.8781285881996155,0.19589456915855408,0.9899584650993347,0.523236870765686,0.8801400065422058,0.18165233731269836,0.989708423614502,0.5677087306976318,0.8920683860778809,0.2070453017950058,0.9247786402702332,0.5275568962097168,0.8919315934181213,0.19231019914150238,0.8015837073326111,0.5849733948707581,0.93588787317276,0.10251306742429733,0.9833694696426392,0.5264599919319153,0.9381051063537598,0.08085476607084274,0.9810472130775452
7666.6666666666415,0.5450514554977417,0.2961379885673523,-0.4143243432044983,0.9999760985374451,0.5495831966400146,0.2810518741607666,-0.4036775827407837,0.999911904335022,0.55336594581604,0.2809126377105713,-0.4036642909049988,0.9999116063117981,0.5572893023490906,0.28101763129234314,-0.4037092626094818,0.999909520149231,0.5409791469573975,0.28183120489120483,-0.40033599734306335,0.9999138712882996,0.5381298065185547,0.28221943974494934,-0.40043625235557556,0.9999196529388428,0.5353409647941589,0.2827753722667694,-0.4005122482776642,0.9999187588691711,0.5653151273727417,0.2881127893924713,-0.3108172118663788,0.9997325539588928,0.5344135165214539,0.2899284064769745,-0.2961743474006653,0.9998441338539124,0.5520482659339905,0.311238557100296,-0.3776692748069763,0.9999685287475586,0.5413955450057983,0.31211036443710327,-0.37360990047454834,0.9999706149101257,0.5936986207962036,0.37863782048225403,-0.21761168539524078,0.9998971223831177,0.5144330263137817,0.3799092471599579,-0.2345428317785263,0.9999033808708191,0.5956798791885376,0.49952173233032227,-0.1884097158908844,0.9856423139572144,0.5123759508132935,0.5002685189247131,-0.2182808667421341,0.9866384863853455,0.5738599896430969,0.5928154587745667,-0.2504193186759949,0.9653008580207825,0.5371934175491333,0.6008104681968689,-0.27652424573898315,0.953681230545044,0.5660859942436218,0.6234512329101562,-0.28018438816070557,0.9190645813941956,0.5437736511230469,0.6302839517593384,-0.3080993890762329,0.9048475623130798,0.5602064728736877,0.6167200803756714,-0.30181702971458435,0.9232702851295471,0.5498639345169067,0.6217902302742004,-0.3234090209007263,0.9039524793624878,0.5607834458351135,0.6062777042388916,-0.25949254631996155,0.9069443941116333,0.5490698218345642,0.6122686266899109,-0.2830463945865631,0.880521297454834,0.5709673166275024,0.5796642303466797,0.008583332411944866,0.9996643662452698,0.5252398252487183,0.5821253657341003,-0.008691835217177868,0.9996824860572815,0.5724378824234009,0.7461946606636047,0.028598183766007423,0.9893544912338257,0.5228622555732727,0.7461720705032349,0.01772175543010235,0.9918243288993835,0.5746509432792664,0.8776490092277527,0.19607271254062653,0.9897105097770691,0.5223122835159302,0.8798462748527527,0.18162375688552856,0.9897098541259766,0.5676894783973694,0.8916798830032349,0.20749174058437347,0.923748791217804,0.5261142253875732,0.8918362259864807,0.1925714612007141,0.8015363812446594,0.5849615335464478,0.9355023503303528,0.10270525515079498,0.9830332398414612,0.5262598395347595,0.9375829100608826,0.08023656904697418,0.9809870719909668
7699.9999999999745,0.544003427028656,0.29608333110809326,-0.3975902497768402,0.9999753832817078,0.5485681891441345,0.2809238135814667,-0.3874404728412628,0.9999094009399414,0.5522913336753845,0.28073251247406006,-0.3874366581439972,0.9999096393585205,0.5562031865119934,0.28078535199165344,-0.38748490810394287,0.9999075531959534,0.5400052666664124,0.2818142771720886,-0.3831626772880554,0.9999108910560608,0.5372275710105896,0.28222110867500305,-0.3832493722438812,0.9999167323112488,0.5344005823135376,0.2827798128128052,-0.3833213150501251,0.9999155402183533,0.5644198656082153,0.28789836168289185,-0.2997501790523529,0.9997305870056152,0.5337180495262146,0.2899343967437744,-0.2799202501773834,0.999836266040802,0.550943911075592,0.3111359179019928,-0.3629099130630493,0.9999679327011108,0.540476381778717,0.3120584785938263,-0.35743197798728943,0.9999696016311646,0.5931397080421448,0.37871208786964417,-0.21292957663536072,0.9998958110809326,0.5137521028518677,0.3799521028995514,-0.219997838139534,0.9999009966850281,0.5946334600448608,0.4995737671852112,-0.1794603168964386,0.985684871673584,0.5120576620101929,0.5007849335670471,-0.20082242786884308,0.9862345457077026,0.5726820230484009,0.5928272604942322,-0.24259638786315918,0.9647795557975769,0.5365546941757202,0.6008687615394592,-0.2582760453224182,0.9523341655731201,0.5647144913673401,0.6235553026199341,-0.2721222937107086,0.9179075360298157,0.5431790947914124,0.630353569984436,-0.28864872455596924,0.9026255011558533,0.558834969997406,0.6167479753494263,-0.2946183979511261,0.9221401214599609,0.5492272973060608,0.6218132376670837,-0.304167777299881,0.9017060995101929,0.5594719648361206,0.6062858700752258,-0.25207892060279846,0.905670166015625,0.5484112501144409,0.6122917532920837,-0.2649424970149994,0.878107488155365,0.5702393651008606,0.5798376798629761,0.007185115944594145,0.9996582865715027,0.5244688391685486,0.5822526216506958,-0.007291397079825401,0.9996746182441711,0.5721770524978638,0.7466647028923035,0.022474855184555054,0.9892750978469849,0.5222941637039185,0.7465223073959351,0.019653333351016045,0.9916993379592896,0.5746077299118042,0.8775597214698792,0.19718696177005768,0.9894503355026245,0.5223350524902344,0.8795964121818542,0.18698731064796448,0.9893794655799866,0.5676904320716858,0.89155513048172,0.20858918130397797,0.9223138689994812,0.5261698365211487,0.8913723230361938,0.19872575998306274,0.7987719774246216,0.5849055051803589,0.9354674220085144,0.10307278484106064,0.9825879335403442,0.526151180267334,0.937550961971283,0.08847448229789734,0.9803704619407654
7733.333333333308,0.5430131554603577,0.2960514426231384,-0.38746699690818787,0.9999752640724182,0.5474932193756104,0.2808418571949005,-0.37758001685142517,0.9999088048934937,0.5511347651481628,0.2805982530117035,-0.3775726854801178,0.9999094009399414,0.5550207495689392,0.280594140291214,-0.3776105046272278,0.9999074339866638,0.5390148758888245,0.2818105220794678,-0.37337324023246765,0.9999098181724548,0.5363857746124268,0.2822262942790985,-0.3734564781188965,0.9999155402183533,0.5335648059844971,0.2827897071838379,-0.3735218942165375,0.9999139308929443,0.5633777379989624,0.2877177298069,-0.2915641963481903,0.9997316598892212,0.5329930186271667,0.2899530827999115,-0.27202823758125305,0.99983149766922,0.5497965216636658,0.3110582232475281,-0.3534301221370697,0.9999678134918213,0.5395961403846741,0.3120096027851105,-0.34805455803871155,0.9999690055847168,0.592480480670929,0.37869584560394287,-0.21169529855251312,0.9998970627784729,0.512951135635376,0.38020312786102295,-0.2137846052646637,0.9999005198478699,0.5942193865776062,0.49952855706214905,-0.17622308433055878,0.9858958721160889,0.5117881894111633,0.5011732578277588,-0.19290205836296082,0.9857597947120667,0.5719732046127319,0.592790424823761,-0.23691052198410034,0.9648656249046326,0.5358564257621765,0.6009272933006287,-0.24712291359901428,0.9508980512619019,0.5638033151626587,0.6235610246658325,-0.265737384557724,0.9178500771522522,0.5426123142242432,0.6304362416267395,-0.2765940725803375,0.900156557559967,0.5578004717826843,0.6167357563972473,-0.28590092062950134,0.9220660328865051,0.5485337376594543,0.6218512058258057,-0.2918606698513031,0.8992161154747009,0.5584871768951416,0.6062621474266052,-0.2449875771999359,0.905647337436676,0.5476992130279541,0.6123237013816833,-0.2535818815231323,0.8755881786346436,0.5694759488105774,0.5798367857933044,0.007056449539959431,0.9996544122695923,0.5239071249961853,0.5821767449378967,-0.007165982853621244,0.9996698498725891,0.5714352130889893,0.7464257478713989,0.02285989560186863,0.9889186024665833,0.5221202373504639,0.7459678649902344,0.019713912159204483,0.9914607405662537,0.5744667649269104,0.8767865300178528,0.19411154091358185,0.9890913367271423,0.5213021039962769,0.8780684471130371,0.18320809304714203,0.9889389276504517,0.5676727890968323,0.8912847638130188,0.20529504120349884,0.920424222946167,0.5245221853256226,0.8897917866706848,0.19459111988544464,0.7947243452072144,0.5847895741462708,0.9349794983863831,0.10243047773838043,0.9819860458374023,0.5258835554122925,0.9369646310806274,0.08756642043590546,0.9795809388160706
7766.666666666641,0.5420743227005005,0.2960614860057831,-0.3843401074409485,0.9999755024909973,0.5465366244316101,0.28083664178848267,-0.37469378113746643,0.9999096393585205,0.5501061081886292,0.2805708944797516,-0.37468427419662476,0.9999104738235474,0.5539511442184448,0.28052690625190735,-0.37471824884414673,0.9999086856842041,0.5380830764770508,0.2818436026573181,-0.3703453838825226,0.999910295009613,0.5355387330055237,0.28229740262031555,-0.3704298734664917,0.9999157786369324,0.5327128767967224,0.2828606963157654,-0.37049466371536255,0.9999138712882996,0.5624001026153564,0.2875843346118927,-0.2891848385334015,0.9997366666793823,0.532310426235199,0.29000720381736755,-0.2692984938621521,0.9998303055763245,0.5487807393074036,0.3110562264919281,-0.3504869043827057,0.9999681115150452,0.5387170910835266,0.3120134770870209,-0.3449755907058716,0.9999688267707825,0.5918589234352112,0.3787057399749756,-0.21093899011611938,0.999897837638855,0.5123845934867859,0.3803863823413849,-0.20994628965854645,0.999900221824646,0.5940424203872681,0.499483585357666,-0.17457705736160278,0.9862231016159058,0.5110008120536804,0.501314640045166,-0.18737612664699554,0.9854320287704468,0.5713047385215759,0.5928121209144592,-0.2307353913784027,0.9652953147888184,0.534999430179596,0.6009323000907898,-0.24055051803588867,0.9502561688423157,0.5630829334259033,0.6236639618873596,-0.258851021528244,0.9183565974235535,0.5416384935379028,0.6305662989616394,-0.26935356855392456,0.8989641070365906,0.5570818185806274,0.6167869567871094,-0.27880293130874634,0.9225316047668457,0.5475958585739136,0.6218714714050293,-0.2845149636268616,0.8980512619018555,0.557738184928894,0.6062986254692078,-0.23846761882305145,0.9063078165054321,0.5467613339424133,0.6123315691947937,-0.24685195088386536,0.8746716976165771,0.5686375498771667,0.579612672328949,0.0065283277072012424,0.9996472597122192,0.5232183933258057,0.5817745327949524,-0.006642078515142202,0.9996641278266907,0.5709893703460693,0.7462010979652405,0.023445524275302887,0.9885145425796509,0.5220138430595398,0.7458153963088989,0.019736630842089653,0.991166889667511,0.574467122554779,0.8765957951545715,0.18405097723007202,0.9886960387229919,0.5206892490386963,0.8781024217605591,0.17385166883468628,0.9884624481201172,0.5678728818893433,0.8911694884300232,0.19438213109970093,0.9183669090270996,0.5239681601524353,0.8898487091064453,0.1841381937265396,0.7904312610626221,0.5847864151000977,0.9346857666969299,0.09265494346618652,0.981208324432373,0.5254966616630554,0.9369510412216187,0.07765135169029236,0.9786344170570374
7799.999999999974,0.5413322448730469,0.29606181383132935,-0.38237515091896057,0.9999757409095764,0.5457974672317505,0.2807965874671936,-0.3729609251022339,0.9999102354049683,0.5493584275245667,0.2804918587207794,-0.37294885516166687,0.999911367893219,0.5531972050666809,0.28040361404418945,-0.3729843199253082,0.9999096393585205,0.5372837781906128,0.28184589743614197,-0.3686871826648712,0.999910295009613,0.5347061157226562,0.2823164165019989,-0.36876994371414185,0.999915599822998,0.5318233966827393,0.28288406133651733,-0.36883434653282166,0.9999132752418518,0.5617152452468872,0.2874361574649811,-0.2876145541667938,0.9997415542602539,0.53147953748703,0.2900598347187042,-0.26828160881996155,0.9998283386230469,0.5480424761772156,0.3110526502132416,-0.34846004843711853,0.9999685287475586,0.5379927754402161,0.31201818585395813,-0.34308749437332153,0.9999687671661377,0.5913446545600891,0.37870362401008606,-0.20972076058387756,0.99989914894104,0.5118401050567627,0.3803895115852356,-0.20946578681468964,0.9999003410339355,0.5934915542602539,0.49943333864212036,-0.17443908751010895,0.9864744544029236,0.5105677843093872,0.5016922950744629,-0.18688853085041046,0.9850432872772217,0.570480465888977,0.5928575396537781,-0.2243855893611908,0.9656577110290527,0.5343537926673889,0.6010178327560425,-0.2380475401878357,0.9496935606002808,0.5621559619903564,0.6238684058189392,-0.2522675693035126,0.9187386631965637,0.5409313440322876,0.6308054327964783,-0.2663832902908325,0.8981098532676697,0.5560275912284851,0.6169843077659607,-0.2721312642097473,0.9228819608688354,0.5470884442329407,0.6220141649246216,-0.28165027499198914,0.8972388505935669,0.5567262172698975,0.6064221262931824,-0.2321251779794693,0.9069211483001709,0.5462669730186462,0.612412691116333,-0.24432921409606934,0.8741335272789001,0.5679547786712646,0.5796392560005188,0.006261961534619331,0.9996462464332581,0.5226166844367981,0.5817211270332336,-0.0063827428966760635,0.9996618032455444,0.570381760597229,0.7462076544761658,0.022361477836966515,0.9883434772491455,0.5216603875160217,0.745945394039154,0.020328614860773087,0.9910005927085876,0.5744673609733582,0.8759931921958923,0.18587444722652435,0.9885014891624451,0.5207573771476746,0.8780781030654907,0.17578133940696716,0.9881637096405029,0.56794273853302,0.8904420137405396,0.19685408473014832,0.9176806211471558,0.5241022109985352,0.8895371556282043,0.18640658259391785,0.787947952747345,0.5848093032836914,0.9345795512199402,0.09550448507070541,0.9808272123336792,0.5252243876457214,0.9369706511497498,0.07946315407752991,0.9781282544136047
7833.333333333307,0.5406902432441711,0.29594486951828003,-0.3780929446220398,0.9999760985374451,0.5451643466949463,0.28060397505760193,-0.36877742409706116,0.9999114274978638,0.5487170815467834,0.2802324593067169,-0.36876264214515686,0.9999127388000488,0.5525516271591187,0.28008317947387695,-0.3687933385372162,0.9999110698699951,0.536621630191803,0.2817971408367157,-0.36432793736457825,0.9999111890792847,0.534042239189148,0.2823060154914856,-0.36441102623939514,0.9999163746833801,0.531114935874939,0.2828829288482666,-0.36447298526763916,0.9999138116836548,0.5611170530319214,0.28712257742881775,-0.284913569688797,0.9997466206550598,0.530802309513092,0.29006221890449524,-0.26500579714775085,0.9998281598091125,0.5474440455436707,0.31092557311058044,-0.3449375331401825,0.999968945980072,0.537361741065979,0.3119266629219055,-0.33936378359794617,0.9999688863754272,0.5909854769706726,0.3788464665412903,-0.20734353363513947,0.9998990893363953,0.5114122033119202,0.3804161548614502,-0.20753322541713715,0.9999004602432251,0.5926259160041809,0.4994431734085083,-0.17418548464775085,0.9866642355918884,0.5100628137588501,0.5018552541732788,-0.18493348360061646,0.9847655892372131,0.5691823959350586,0.5929791331291199,-0.2208305299282074,0.965846061706543,0.5335649847984314,0.6010416150093079,-0.23502512276172638,0.9489637613296509,0.5608607530593872,0.6240132451057434,-0.24848060309886932,0.9187533259391785,0.5401115417480469,0.6308388710021973,-0.2630230188369751,0.8967387080192566,0.5546189546585083,0.6172335147857666,-0.2680942118167877,0.922882616519928,0.5462687015533447,0.6221022009849548,-0.27775683999061584,0.8958744406700134,0.5553281307220459,0.6066791415214539,-0.2285098433494568,0.9070588946342468,0.5454235076904297,0.6124840974807739,-0.24110786616802216,0.8730784058570862,0.5672004222869873,0.5793666243553162,0.00619631540030241,0.9996411800384521,0.5218762159347534,0.5809304118156433,-0.0063210236839950085,0.9996587038040161,0.569828987121582,0.7459160685539246,0.02282737009227276,0.9880774021148682,0.5215486288070679,0.7452946901321411,0.02033611759543419,0.9908645153045654,0.5744588375091553,0.8759825825691223,0.18051853775978088,0.9882699847221375,0.5208048224449158,0.8778246641159058,0.1714722216129303,0.9878870248794556,0.5679493546485901,0.8904430270195007,0.1907392144203186,0.9162089824676514,0.5241636037826538,0.8893515467643738,0.1815829575061798,0.7852262854576111,0.5847980380058289,0.9344117641448975,0.09003065526485443,0.9803484082221985,0.524928629398346,0.9366973042488098,0.07561986893415451,0.9775809645652771
7866.66666666664,0.5402539968490601,0.2955932319164276,-0.37912866473197937,0.9999769330024719,0.5446755290031433,0.2802430987358093,-0.36971423029899597,0.9999143481254578,0.5482180714607239,0.2798061966896057,-0.36969617009162903,0.9999157786369324,0.5520176291465759,0.279587984085083,-0.369723916053772,0.9999141693115234,0.5361029505729675,0.2816179096698761,-0.36547234654426575,0.9999139904975891,0.5334947109222412,0.2822098135948181,-0.3655569851398468,0.9999189972877502,0.5305437445640564,0.2828191816806793,-0.365616112947464,0.9999163150787354,0.5604388117790222,0.2866573631763458,-0.2856263518333435,0.9997555613517761,0.5300952196121216,0.29005131125450134,-0.26692408323287964,0.999832034111023,0.5470304489135742,0.3106286823749542,-0.3460714519023895,0.9999697804450989,0.536882221698761,0.3116918206214905,-0.34081703424453735,0.9999695420265198,0.5904889702796936,0.378953218460083,-0.20636630058288574,0.9998992681503296,0.5108256936073303,0.38054853677749634,-0.20912018418312073,0.999900758266449,0.5917913913726807,0.49952125549316406,-0.17337629199028015,0.9868189692497253,0.5095889568328857,0.5020892024040222,-0.1873447299003601,0.9846206903457642,0.5680663585662842,0.5930486917495728,-0.22012200951576233,0.9659770727157593,0.5328077673912048,0.6012577414512634,-0.23651368916034698,0.9486373066902161,0.5596134066581726,0.6241750717163086,-0.24708734452724457,0.9186774492263794,0.5393569469451904,0.6309386491775513,-0.2640741765499115,0.8960859775543213,0.553321897983551,0.6175123453140259,-0.26657339930534363,0.9227821230888367,0.5455342531204224,0.6223278045654297,-0.2782912850379944,0.8952252864837646,0.5540178418159485,0.6069080829620361,-0.2277199625968933,0.9071506857872009,0.5446966290473938,0.612719714641571,-0.24235676229000092,0.8727590441703796,0.5665262937545776,0.5788462162017822,0.005884923040866852,0.9996411800384521,0.5210673809051514,0.5804005861282349,-0.006015742663294077,0.999660074710846,0.5694189071655273,0.7448775768280029,0.023034043610095978,0.9880008697509766,0.5213555097579956,0.744274377822876,0.020694458857178688,0.9909159541130066,0.5743889212608337,0.8758963346481323,0.1748521476984024,0.9882803559303284,0.5208317041397095,0.8766674995422363,0.16868481040000916,0.9879412651062012,0.5679500699043274,0.89042729139328,0.1845201700925827,0.9162608981132507,0.5242246389389038,0.888430118560791,0.17850273847579956,0.7859430313110352,0.5845679640769958,0.9340056777000427,0.0854388177394867,0.980277419090271,0.5248277187347412,0.9355626702308655,0.07453404366970062,0.9775884747505188
7899.999999999973,0.5395916700363159,0.29519277811050415,-0.38110285997390747,0.9999777674674988,0.5440134406089783,0.2798547148704529,-0.3714742362499237,0.9999176263809204,0.5475261211395264,0.2793594300746918,-0.3714580237865448,0.9999192357063293,0.5513153076171875,0.27905386686325073,-0.37148821353912354,0.9999176859855652,0.5353889465332031,0.28141865134239197,-0.36742064356803894,0.9999169111251831,0.5327303409576416,0.2820958197116852,-0.36750560998916626,0.9999217391014099,0.5297179818153381,0.28273800015449524,-0.3675660789012909,0.9999188780784607,0.5598345398902893,0.28618672490119934,-0.2879919111728668,0.9997665882110596,0.5293050408363342,0.29004132747650146,-0.26824483275413513,0.9998359680175781,0.5464285612106323,0.3102414309978485,-0.3470824658870697,0.9999707937240601,0.5361900925636292,0.3114077150821686,-0.3424449563026428,0.9999703168869019,0.5901809334754944,0.3795098066329956,-0.20973733067512512,0.999900221824646,0.5102155208587646,0.3805849850177765,-0.21001531183719635,0.9999004602432251,0.590842068195343,0.4999142587184906,-0.17791612446308136,0.987036943435669,0.5088711380958557,0.5022368431091309,-0.18691743910312653,0.9842990636825562,0.5664797425270081,0.5933695435523987,-0.22200483083724976,0.9661757349967957,0.5318806171417236,0.6015357971191406,-0.23480407893657684,0.9478760361671448,0.5581200122833252,0.6245543956756592,-0.24718166887760162,0.9187859892845154,0.5382797718048096,0.6312557458877563,-0.261874258518219,0.8947260975837708,0.5518810153007507,0.6180402636528015,-0.2680557370185852,0.9228449463844299,0.5444371700286865,0.6227824091911316,-0.2762151062488556,0.8938717842102051,0.5525391697883606,0.6073349714279175,-0.2287866771221161,0.9073851704597473,0.5436298251152039,0.6130976676940918,-0.24072247743606567,0.8716558218002319,0.5658548474311829,0.578686535358429,0.005063982214778662,0.999644935131073,0.5203606486320496,0.5802714228630066,-0.005202990956604481,0.9996626973152161,0.5690298676490784,0.7441128492355347,0.021213363856077194,0.9880383014678955,0.5209526419639587,0.7439645528793335,0.02233787812292576,0.9910080432891846,0.5742614269256592,0.8757745027542114,0.17669422924518585,0.9883552193641663,0.5209100842475891,0.8753554224967957,0.1708163619041443,0.9880451560020447,0.5679516196250916,0.8902751803398132,0.18696050345897675,0.9163614511489868,0.5242806077003479,0.8870059251785278,0.18106824159622192,0.7872989177703857,0.5841253995895386,0.9333480000495911,0.0872817263007164,0.9802970290184021,0.5245117545127869,0.9350677728652954,0.07656125724315643,0.9777126908302307
7933.333333333306,0.5389531850814819,0.29488518834114075,-0.3817777931690216,0.9999787211418152,0.5433267951011658,0.2795622646808624,-0.3722600042819977,0.9999212026596069,0.5467660427093506,0.2790372669696808,-0.37224501371383667,0.9999228715896606,0.5505379438400269,0.27866172790527344,-0.3722788393497467,0.9999213814735413,0.5347211360931396,0.2812846899032593,-0.36838170886039734,0.9999203085899353,0.5320326089859009,0.2820224165916443,-0.3684671223163605,0.999924898147583,0.5290307998657227,0.28268489241600037,-0.36853083968162537,0.999921977519989,0.5590227246284485,0.2858324646949768,-0.2880374491214752,0.9997770190238953,0.528555691242218,0.29000145196914673,-0.2689792811870575,0.9998415112495422,0.5456905364990234,0.30984634160995483,-0.34724870324134827,0.9999719858169556,0.5355054140090942,0.3111414611339569,-0.3427991569042206,0.9999714493751526,0.5891463160514832,0.3796785771846771,-0.2085321545600891,0.999902606010437,0.5095995664596558,0.3806087374687195,-0.21022969484329224,0.9999018311500549,0.5896473526954651,0.49992454051971436,-0.17657612264156342,0.987348735332489,0.5072576403617859,0.5023208856582642,-0.18776081502437592,0.9845127463340759,0.5656847357749939,0.5934905409812927,-0.2222423553466797,0.9669728875160217,0.53078293800354,0.6017833352088928,-0.2374812513589859,0.9487773776054382,0.5573381185531616,0.6247847080230713,-0.24817092716693878,0.920142650604248,0.5371767282485962,0.6314675807952881,-0.26524004340171814,0.8961893916130066,0.551006019115448,0.6182011961936951,-0.26931896805763245,0.924104630947113,0.5432351231575012,0.6230078339576721,-0.2798168361186981,0.8953222036361694,0.5517140626907349,0.607451856136322,-0.2294451892375946,0.9089306592941284,0.5424295663833618,0.6132882237434387,-0.24347780644893646,0.873532772064209,0.5646045207977295,0.5787854790687561,0.005154011771082878,0.9996538162231445,0.5192447304725647,0.5803767442703247,-0.005297595169395208,0.9996688961982727,0.5684720873832703,0.7442030310630798,0.021522676572203636,0.9879356026649475,0.520516574382782,0.7443491220474243,0.022402947768568993,0.9910582900047302,0.5738751888275146,0.8759308457374573,0.17915509641170502,0.9883424639701843,0.520927906036377,0.8754090666770935,0.17207592725753784,0.9880932569503784,0.5676672458648682,0.8903217315673828,0.18959642946720123,0.9165691137313843,0.5242303013801575,0.8870618343353271,0.18250422179698944,0.7882041335105896,0.5839720368385315,0.933341920375824,0.08916523307561874,0.9803091883659363,0.5243113040924072,0.9348435997962952,0.07709562033414841,0.9778540134429932
7966.666666666639,0.53821861743927,0.294562429189682,-0.37774136662483215,0.9999794363975525,0.5426729917526245,0.2792873978614807,-0.3680027425289154,0.9999237060546875,0.5460802316665649,0.2787815034389496,-0.36798617243766785,0.9999254941940308,0.5498429536819458,0.2783917784690857,-0.36801692843437195,0.9999241232872009,0.5341519713401794,0.28101593255996704,-0.3638611137866974,0.999922513961792,0.5314890146255493,0.2817845642566681,-0.36394044756889343,0.9999268651008606,0.5285323262214661,0.28244802355766296,-0.36399275064468384,0.9999237060546875,0.5583018660545349,0.28560033440589905,-0.2845389246940613,0.9997857213020325,0.5280995965003967,0.28976738452911377,-0.26563966274261475,0.9998443722724915,0.5448113083839417,0.30952194333076477,-0.34454888105392456,0.9999728798866272,0.5347375869750977,0.31079623103141785,-0.33956095576286316,0.9999721050262451,0.5880419611930847,0.3797466456890106,-0.20737643539905548,0.9999043345451355,0.5089666843414307,0.3806142508983612,-0.20768623054027557,0.9999009966850281,0.5888057351112366,0.4999503195285797,-0.17526675760746002,0.9876570105552673,0.5060256719589233,0.5023414492607117,-0.18365229666233063,0.984286367893219,0.5649824738502502,0.5935793519020081,-0.21911229193210602,0.9676292538642883,0.5295520424842834,0.6018819808959961,-0.2303803563117981,0.9485740065574646,0.556593120098114,0.6249293684959412,-0.24570296704769135,0.9211877584457397,0.5359700322151184,0.6315325498580933,-0.257296621799469,0.8958433270454407,0.5503076314926147,0.6182764172554016,-0.2654803991317749,0.9250748157501221,0.5420067310333252,0.6230828762054443,-0.27170830965042114,0.8949970006942749,0.5510414242744446,0.6074985861778259,-0.2264113426208496,0.9102233648300171,0.5411866903305054,0.613352358341217,-0.23625987768173218,0.8734866380691528,0.5638666749000549,0.579009473323822,0.004862852860242128,0.9996562600135803,0.5183712840080261,0.580759584903717,-0.005010817665606737,0.999668538570404,0.5676622986793518,0.7448762655258179,0.021142976358532906,0.9879484176635742,0.5197993516921997,0.7452779412269592,0.023210881277918816,0.9910104870796204,0.5737074017524719,0.8759872317314148,0.1790674477815628,0.9883368611335754,0.5207885503768921,0.8758179545402527,0.17218048870563507,0.9879670143127441,0.5676408410072327,0.8902967572212219,0.18953967094421387,0.9165061712265015,0.523954451084137,0.8873469233512878,0.18256083130836487,0.7870998978614807,0.5837881565093994,0.9331132173538208,0.08972042053937912,0.9802098274230957,0.5238152146339417,0.9348219633102417,0.0801030844449997,0.9776527285575867
7999.999999999972,0.5375003814697266,0.2942855954170227,-0.37283289432525635,0.9999797940254211,0.5420476794242859,0.2790452241897583,-0.3630582392215729,0.9999248385429382,0.5454599261283875,0.27857932448387146,-0.36304476857185364,0.9999268054962158,0.5492194294929504,0.2782047390937805,-0.363074392080307,0.999925434589386,0.533583402633667,0.2806394398212433,-0.35891276597976685,0.9999231696128845,0.5309625267982483,0.28139176964759827,-0.3589891195297241,0.9999274611473083,0.5280231833457947,0.28203117847442627,-0.3590395152568817,0.999923825263977,0.5576145052909851,0.28543779253959656,-0.28022244572639465,0.9997903108596802,0.5276089906692505,0.28935542702674866,-0.2618696093559265,0.9998440146446228,0.5439072847366333,0.30929163098335266,-0.3402455151081085,0.9999731779098511,0.5338935256004333,0.3104468882083893,-0.3351963460445404,0.9999721050262451,0.5869433283805847,0.37988540530204773,-0.20445860922336578,0.9999043345451355,0.5079989433288574,0.38058027625083923,-0.2042626589536667,0.9998985528945923,0.5875136256217957,0.499961793422699,-0.17184916138648987,0.9878614544868469,0.5048757791519165,0.5023346543312073,-0.1799343228340149,0.9840095043182373,0.5640137195587158,0.5937134027481079,-0.21569351851940155,0.9679821729660034,0.5283925533294678,0.6019910573959351,-0.2261268049478531,0.94805508852005,0.5555124282836914,0.6251403093338013,-0.2424219697713852,0.9216222167015076,0.5348752737045288,0.6316887140274048,-0.252559095621109,0.8949902653694153,0.5491679310798645,0.6183612942695618,-0.2616395354270935,0.92548668384552,0.5408179759979248,0.6231728792190552,-0.2670799493789673,0.8941864371299744,0.5499370098114014,0.6075694561004639,-0.22301365435123444,0.9109104871749878,0.5399317145347595,0.613427460193634,-0.23199130594730377,0.8729190230369568,0.5632010102272034,0.5791849493980408,0.004466347396373749,0.9996550679206848,0.5177178978919983,0.5810822248458862,-0.0046165683306753635,0.9996637105941772,0.5668538212776184,0.7456187605857849,0.019141584634780884,0.9879084229469299,0.5194299221038818,0.7457678914070129,0.023222802206873894,0.990899920463562,0.5730495452880859,0.8762305378913879,0.17447055876255035,0.9883207082748413,0.520327627658844,0.8759839534759521,0.17271097004413605,0.9877567887306213,0.567416787147522,0.8905169367790222,0.1845904290676117,0.9167715311050415,0.523504912853241,0.887450635433197,0.1831122189760208,0.7854393124580383,0.5837337374687195,0.9330718517303467,0.0856085792183876,0.9800783395767212,0.5231143832206726,0.9347084164619446,0.08014567196369171,0.9772709012031555
8033.333333333305,0.5369683504104614,0.2941184341907501,-0.37324726581573486,0.999980092048645,0.5415031909942627,0.2789451777935028,-0.3634014129638672,0.9999256134033203,0.5449164509773254,0.2785133123397827,-0.36338695883750916,0.9999277591705322,0.5486371517181396,0.27816498279571533,-0.3634166717529297,0.9999263882637024,0.5331323146820068,0.2803976237773895,-0.3595353066921234,0.9999236464500427,0.5305827260017395,0.2811252474784851,-0.359612375497818,0.9999279379844666,0.5277248024940491,0.28174450993537903,-0.3596634268760681,0.9999239444732666,0.5567934513092041,0.28542083501815796,-0.27993008494377136,0.9997937083244324,0.5272310376167297,0.28916212916374207,-0.26286089420318604,0.9998438954353333,0.5431334972381592,0.30914217233657837,-0.3404560983181,0.9999733567237854,0.5332139134407043,0.3102359175682068,-0.33575761318206787,0.9999722242355347,0.5857046246528625,0.3798855245113373,-0.20356377959251404,0.9999048113822937,0.5069323182106018,0.38051697611808777,-0.20521321892738342,0.9998971223831177,0.5864625573158264,0.49996766448020935,-0.17066675424575806,0.9881076216697693,0.5035811066627502,0.5023312568664551,-0.1817082017660141,0.9840277433395386,0.5631955862045288,0.5940671563148499,-0.21587540209293365,0.9684661626815796,0.5277167558670044,0.6021454334259033,-0.22831469774246216,0.9482712149620056,0.5548628568649292,0.6255967020988464,-0.24288007616996765,0.9223489165306091,0.5340149402618408,0.6318799257278442,-0.25508955121040344,0.8953148722648621,0.5484490990638733,0.6186432838439941,-0.262150377035141,0.9261699318885803,0.5399073362350464,0.623417317867279,-0.2695733308792114,0.894562304019928,0.5491727590560913,0.6078667044639587,-0.2233419567346573,0.9119076132774353,0.5391237735748291,0.613647997379303,-0.23413415253162384,0.8735891580581665,0.562476396560669,0.5793098211288452,0.0043244254775345325,0.9996545314788818,0.5169865489006042,0.5814023613929749,-0.0044756135903298855,0.9996602535247803,0.5664592981338501,0.7456355094909668,0.018846342340111732,0.987859308719635,0.5190765261650085,0.746107280254364,0.023288320749998093,0.9907305836677551,0.5728696584701538,0.8763449788093567,0.17362084984779358,0.988265872001648,0.520071804523468,0.8771992921829224,0.17279838025569916,0.9874916076660156,0.5674179196357727,0.8905755877494812,0.1836937814950943,0.9166954755783081,0.5229421257972717,0.888151228427887,0.1831650286912918,0.7833577990531921,0.5836693644523621,0.9330445528030396,0.08472669869661331,0.9799335598945618,0.5229127407073975,0.9347150325775146,0.08016181737184525,0.9768260717391968
8066.666666666638,0.5365846753120422,0.2941243052482605,-0.38809439539909363,0.9999806880950928,0.5410156846046448,0.2789545953273773,-0.37734454870224,0.9999275803565979,0.5444691777229309,0.27852359414100647,-0.3773288428783417,0.9999297261238098,0.5481938719749451,0.278180330991745,-0.37735670804977417,0.9999284148216248,0.5327056646347046,0.2804045081138611,-0.3743823766708374,0.9999254941940308,0.5302141308784485,0.2811327278614044,-0.3744630217552185,0.999929666519165,0.5274556875228882,0.28175675868988037,-0.37451401352882385,0.9999256134033203,0.5562353134155273,0.2854234576225281,-0.2886301279067993,0.9997989535331726,0.5267648100852966,0.28917697072029114,-0.27575379610061646,0.9998469352722168,0.5428450703620911,0.309137761592865,-0.35331180691719055,0.9999738931655884,0.5328339338302612,0.3102238178253174,-0.3498164117336273,0.9999728202819824,0.5848800539970398,0.37984687089920044,-0.20703443884849548,0.9999071955680847,0.5062084794044495,0.3805345296859741,-0.21471968293190002,0.9998972415924072,0.5857439041137695,0.49992308020591736,-0.17194262146949768,0.9882862567901611,0.5026112794876099,0.5023928284645081,-0.19192761182785034,0.9842288494110107,0.5628365874290466,0.5941529870033264,-0.21885663270950317,0.968806266784668,0.5269440412521362,0.6030539870262146,-0.23915980756282806,0.9488987326622009,0.5544683933258057,0.6257876753807068,-0.2458663433790207,0.9228211641311646,0.5331740975379944,0.6322975158691406,-0.26635468006134033,0.8962910175323486,0.5480955839157104,0.6187112331390381,-0.26552680134773254,0.9265897870063782,0.5391271114349365,0.6238197088241577,-0.2817953824996948,0.895588755607605,0.5487892031669617,0.6079777479171753,-0.22657887637615204,0.9125397205352783,0.5383168458938599,0.6141425967216492,-0.2452981323003769,0.8748483657836914,0.5619834661483765,0.5795955657958984,0.00432226900011301,0.9996627569198608,0.5165339112281799,0.5821413397789001,-0.004473491106182337,0.999663233757019,0.566425085067749,0.7458077073097229,0.019068630412220955,0.9879551529884338,0.5185368061065674,0.7467359900474548,0.025437617674469948,0.9905882477760315,0.5728749632835388,0.8769147396087646,0.17675715684890747,0.9883637428283691,0.5199715495109558,0.877293586730957,0.1819540113210678,0.9873356223106384,0.5677327513694763,0.8908461928367615,0.18719105422496796,0.9169840216636658,0.5228289365768433,0.8881710767745972,0.193099245429039,0.7828028202056885,0.5836693644523621,0.9331620931625366,0.08591720461845398,0.9800772666931152,0.5226375460624695,0.9347186088562012,0.089118093252182,0.9767006635665894
8099.999999999971,0.536128044128418,0.2943425178527832,-0.3879917562007904,0.9999811053276062,0.540506899356842,0.2793310582637787,-0.37730902433395386,0.9999290108680725,0.544002115726471,0.278999924659729,-0.37729310989379883,0.9999312162399292,0.5477239489555359,0.27873265743255615,-0.3773204982280731,0.9999299049377441,0.5323032140731812,0.2805851399898529,-0.3743937909603119,0.9999268651008606,0.5298471450805664,0.2812395393848419,-0.3744751811027527,0.9999309778213501,0.5272493958473206,0.28182682394981384,-0.3745277225971222,0.9999268054962158,0.5556490421295166,0.28599104285240173,-0.28878435492515564,0.9998028874397278,0.5265095829963684,0.28921738266944885,-0.27648311853408813,0.9998491406440735,0.542219340801239,0.30926740169525146,-0.35334211587905884,0.9999741911888123,0.5323205590248108,0.31029507517814636,-0.3499402105808258,0.9999731183052063,0.5839988589286804,0.3799290657043457,-0.20681898295879364,0.9999085068702698,0.5055105090141296,0.38058480620384216,-0.21573808789253235,0.9998966455459595,0.5848668813705444,0.49992918968200684,-0.17191104590892792,0.9885179996490479,0.5016610622406006,0.5025302171707153,-0.19372275471687317,0.9844845533370972,0.562068521976471,0.5942569375038147,-0.2190590351819992,0.9693979024887085,0.5261550545692444,0.6037269234657288,-0.2406836897134781,0.9497123956680298,0.5537346005439758,0.6259293556213379,-0.24627342820167542,0.9238767623901367,0.5324202179908752,0.6326786279678345,-0.267859548330307,0.8975475430488586,0.5473853945732117,0.6187500953674316,-0.2659081518650055,0.9275669455528259,0.5383952260017395,0.6242203712463379,-0.28335851430892944,0.8968895673751831,0.5480591058731079,0.6080613732337952,-0.22676008939743042,0.9137960076332092,0.53756183385849,0.6146187782287598,-0.24682021141052246,0.8764682412147522,0.5611370205879211,0.5796186923980713,0.004280582070350647,0.9996653199195862,0.5158786773681641,0.5823040008544922,-0.004431137815117836,0.9996628761291504,0.565849244594574,0.7458896636962891,0.019359847530722618,0.9878193736076355,0.5180895328521729,0.7467780113220215,0.025391584262251854,0.9902489185333252,0.5724913477897644,0.8770042657852173,0.1750912368297577,0.9882255792617798,0.5197878479957581,0.8782044649124146,0.17951960861682892,0.9869567155838013,0.5675533413887024,0.8908494114875793,0.18507471680641174,0.9164068698883057,0.5225949883460999,0.8888205289840698,0.19001992046833038,0.7806476354598999,0.5832714438438416,0.9331590533256531,0.08401400595903397,0.9798460602760315,0.522571325302124,0.9347748160362244,0.08640693873167038,0.9761480093002319
8133.333333333304,0.5353832244873047,0.29490551352500916,-0.4001163840293884,0.9999814629554749,0.5395833849906921,0.2801576852798462,-0.3893987238407135,0.9999302625656128,0.5430258512496948,0.2799006998538971,-0.3893801271915436,0.9999325275421143,0.546737790107727,0.279628723859787,-0.3894064724445343,0.999931275844574,0.5315606594085693,0.28129833936691284,-0.38640937209129333,0.9999282360076904,0.5291669964790344,0.2818544805049896,-0.3864975869655609,0.9999322891235352,0.5267336368560791,0.28234004974365234,-0.38655561208724976,0.9999281167984009,0.5546809434890747,0.2866803705692291,-0.2995137572288513,0.9998056292533875,0.5261571407318115,0.28967729210853577,-0.28699567914009094,0.9998512864112854,0.5414518713951111,0.30955183506011963,-0.3649139404296875,0.9999743700027466,0.5316883325576782,0.3106383979320526,-0.36145591735839844,0.9999733567237854,0.5831860303878784,0.3802080750465393,-0.21445049345493317,0.9999098181724548,0.5047548413276672,0.3807523250579834,-0.2250160574913025,0.9998973608016968,0.5838955640792847,0.4999517798423767,-0.18071766197681427,0.9887333512306213,0.5010694265365601,0.5028775930404663,-0.20380724966526031,0.9848772287368774,0.5610166788101196,0.5944393277168274,-0.2303186058998108,0.9699060320854187,0.5255979299545288,0.604408323764801,-0.2505830228328705,0.9509060382843018,0.5527877807617188,0.6260976791381836,-0.2576676905155182,0.9247173070907593,0.5319868922233582,0.6330304741859436,-0.2784024178981781,0.8995173573493958,0.5464139580726624,0.618857204914093,-0.2777867317199707,0.9283305406570435,0.5379082560539246,0.6246255040168762,-0.29341715574264526,0.8988558650016785,0.5470322370529175,0.6082357168197632,-0.23825721442699432,0.9147381782531738,0.5370149612426758,0.6151256561279297,-0.2565467655658722,0.8786957263946533,0.56055748462677,0.5795814990997314,0.004305938724428415,0.9996723532676697,0.5152565240859985,0.5823383927345276,-0.004455964546650648,0.9996688365936279,0.5654828548431396,0.7455719113349915,0.0236705020070076,0.9877398610115051,0.5175981521606445,0.746673047542572,0.027299294248223305,0.9901853799819946,0.5722815990447998,0.8770150542259216,0.17984214425086975,0.9882389307022095,0.5197521448135376,0.8782773613929749,0.1813722401857376,0.9870044589042664,0.5673960447311401,0.8908499479293823,0.1899532675743103,0.9169853329658508,0.5225948691368103,0.8891255855560303,0.1919139325618744,0.7822625637054443,0.583301842212677,0.9331578016281128,0.08865905553102493,0.9799631237983704,0.5225796103477478,0.9347962737083435,0.08734606206417084,0.9763041138648987
8166.666666666637,0.5347142815589905,0.29560422897338867,-0.40918096899986267,0.9999821186065674,0.5390589833259583,0.2812994718551636,-0.3978990316390991,0.9999324679374695,0.5425218343734741,0.28115880489349365,-0.3978787660598755,0.9999345541000366,0.5462523102760315,0.2809183895587921,-0.39790070056915283,0.9999334216117859,0.5309692621231079,0.28210991621017456,-0.39526045322418213,0.9999306797981262,0.5285283923149109,0.2825145721435547,-0.3953518569469452,0.9999345541000366,0.5261525511741638,0.2828337550163269,-0.3954121470451355,0.9999305009841919,0.553986668586731,0.2876753807067871,-0.3049863576889038,0.9998098015785217,0.5257042050361633,0.2900512218475342,-0.2941666841506958,0.9998560547828674,0.5408185124397278,0.3099816143512726,-0.37285634875297546,0.9999749660491943,0.5310015082359314,0.3110159635543823,-0.3699107766151428,0.9999741315841675,0.5820203423500061,0.38028743863105774,-0.2161542922258377,0.9999127984046936,0.5042060017585754,0.38084301352500916,-0.23183029890060425,0.9999005198478699,0.5832523107528687,0.49993324279785156,-0.18197128176689148,0.9890074133872986,0.5002053380012512,0.5029636025428772,-0.21241021156311035,0.985447108745575,0.5601882934570312,0.5946403741836548,-0.23395854234695435,0.9706990718841553,0.5248653292655945,0.6046950221061707,-0.2608409821987152,0.9527814388275146,0.5520592927932739,0.6263693571090698,-0.26154986023902893,0.9262276887893677,0.5314090847969055,0.6331889629364014,-0.2897886037826538,0.9028120040893555,0.5456157326698303,0.6191412806510925,-0.28232118487358093,0.9297216534614563,0.537347674369812,0.6248819231987,-0.3048909604549408,0.902141273021698,0.5461910963058472,0.608511745929718,-0.2422335296869278,0.9163731336593628,0.5364428758621216,0.615449070930481,-0.26685798168182373,0.8823897838592529,0.559765636920929,0.5797165632247925,0.00536296796053648,0.9996846318244934,0.5144747495651245,0.5826088786125183,-0.005510305054485798,0.9996800422668457,0.5653203725814819,0.7455448508262634,0.03171660006046295,0.9876605272293091,0.5170695185661316,0.7465258836746216,0.02822377160191536,0.990179181098938,0.5722904205322266,0.877093493938446,0.18944944441318512,0.9882885813713074,0.5196380615234375,0.8783938884735107,0.18478617072105408,0.9871432781219482,0.5673771500587463,0.8908981680870056,0.19968964159488678,0.9178052544593811,0.522507905960083,0.8895103931427002,0.1955447942018509,0.7848105430603027,0.5836391448974609,0.9331663846969604,0.09701535850763321,0.9801693558692932,0.5225894451141357,0.9350875020027161,0.08904589712619781,0.9766589999198914
8199.99999999997,0.5339580774307251,0.2960908114910126,-0.4034225344657898,0.9999824166297913,0.5384595990180969,0.2820437252521515,-0.39265134930610657,0.9999333024024963,0.5419608354568481,0.2819536030292511,-0.39263901114463806,0.9999352097511292,0.5457417368888855,0.28175291419029236,-0.3926745057106018,0.9999340176582336,0.5303033590316772,0.2826874852180481,-0.38921472430229187,0.9999316930770874,0.5278151035308838,0.28300777077674866,-0.38930097222328186,0.9999354481697083,0.5254755020141602,0.28322041034698486,-0.389356791973114,0.9999314546585083,0.5534647107124329,0.28840941190719604,-0.3035924732685089,0.9998100399971008,0.5252984762191772,0.290355920791626,-0.2886875569820404,0.9998584389686584,0.5401648283004761,0.31035614013671875,-0.36852937936782837,0.9999752044677734,0.5302697420120239,0.31136903166770935,-0.36430326104164124,0.9999745488166809,0.5814357399940491,0.38036471605300903,-0.21073728799819946,0.9999145865440369,0.5037035346031189,0.38104140758514404,-0.22787071764469147,0.9999037981033325,0.5826061964035034,0.49993816018104553,-0.17377252876758575,0.9891152381896973,0.4995180070400238,0.5033543705940247,-0.2079448699951172,0.9859117269515991,0.5595415830612183,0.5950431823730469,-0.2256302684545517,0.9712182879447937,0.5244413614273071,0.6049827337265015,-0.255558043718338,0.9542999267578125,0.5513008832931519,0.6267148852348328,-0.2524612247943878,0.9272154569625854,0.530952513217926,0.6333008408546448,-0.28399398922920227,0.9054039716720581,0.5447895526885986,0.6194431185722351,-0.2733785808086395,0.9306204915046692,0.5369837880134583,0.6250213384628296,-0.2989978492259979,0.9047272801399231,0.5453744530677795,0.6088927388191223,-0.2340073436498642,0.9175121188163757,0.5361126065254211,0.6156505346298218,-0.26154813170433044,0.8854365348815918,0.5591602921485901,0.5797128677368164,0.00748703395947814,0.9996917247772217,0.5138044953346252,0.5826125741004944,-0.007634746842086315,0.9996882677078247,0.5647618174552917,0.745464563369751,0.03376944735646248,0.987445592880249,0.5164299011230469,0.7459417581558228,0.027288204059004784,0.9901714324951172,0.5718534588813782,0.8769561648368835,0.18924444913864136,0.9882055521011353,0.5194242596626282,0.8781532645225525,0.18232716619968414,0.9872074127197266,0.5667105317115784,0.8908315300941467,0.19932156801223755,0.9180682897567749,0.5222461223602295,0.889512300491333,0.1928020566701889,0.7867640852928162,0.5837100744247437,0.9329700469970703,0.09759441018104553,0.9801785349845886,0.5225985050201416,0.935090959072113,0.086080402135849,0.9768927097320557
8233.333333333305,0.5336102247238159,0.29615703225135803,-0.40106910467147827,0.9999831318855286,0.5381701588630676,0.28222140669822693,-0.39009037613868713,0.9999359250068665,0.5417212247848511,0.2821626663208008,-0.3900730311870575,0.9999377131462097,0.5455114245414734,0.28202831745147705,-0.3900986313819885,0.9999365210533142,0.5299122333526611,0.2828129827976227,-0.38729774951934814,0.9999344944953918,0.5273439288139343,0.28313106298446655,-0.38738492131233215,0.9999380707740784,0.5249790549278259,0.2833384871482849,-0.3874409794807434,0.999934196472168,0.553116500377655,0.2889140248298645,-0.30060678720474243,0.9998161792755127,0.5247414112091064,0.2905503213405609,-0.28787702322006226,0.999864399433136,0.5399703979492188,0.3104262351989746,-0.3656645715236664,0.9999760389328003,0.5298290252685547,0.3114183247089386,-0.3623906075954437,0.9999755024909973,0.5805960893630981,0.380334734916687,-0.2105739861726761,0.999917209148407,0.5031480193138123,0.38120055198669434,-0.22683598101139069,0.9999068379402161,0.5823382139205933,0.49956008791923523,-0.1717052310705185,0.9892899394035339,0.49861398339271545,0.5034070611000061,-0.2064228355884552,0.9863577485084534,0.5592831969261169,0.59520024061203,-0.22331610321998596,0.9717519879341125,0.5238329172134399,0.6049922704696655,-0.2540792226791382,0.9557172060012817,0.5509956479072571,0.6268466711044312,-0.24987930059432983,0.9282474517822266,0.5303022265434265,0.6332935690879822,-0.28232672810554504,0.9078821539878845,0.5444372296333313,0.6195679903030396,-0.2711089849472046,0.9315608739852905,0.5363963842391968,0.6250330805778503,-0.29742541909217834,0.9072027206420898,0.5450237989425659,0.6090797781944275,-0.23179443180561066,0.9186965823173523,0.5355333685874939,0.6156809329986572,-0.26006779074668884,0.8882847428321838,0.5587272047996521,0.57967209815979,0.0074133421294391155,0.9996997714042664,0.5134541988372803,0.5826942324638367,-0.007559736259281635,0.9996957778930664,0.5641805529594421,0.7456284165382385,0.03335338085889816,0.9872604608535767,0.5161978006362915,0.7459335327148438,0.027230001986026764,0.9900397062301636,0.571632981300354,0.8771184086799622,0.18635743856430054,0.9881618618965149,0.5196346044540405,0.8780873417854309,0.1808445006608963,0.9871701002120972,0.5664198994636536,0.8909364342689514,0.19540855288505554,0.9186815023422241,0.5224459171295166,0.8895301818847656,0.19088172912597656,0.7883552312850952,0.5838261246681213,0.9329586029052734,0.09327606856822968,0.9802318811416626,0.5229820013046265,0.9348729848861694,0.08448497951030731,0.9769778847694397
8266.666666666639,0.5331918001174927,0.296316534280777,-0.39800289273262024,0.999983549118042,0.5378120541572571,0.2824583947658539,-0.3862428069114685,0.9999373555183411,0.5414029359817505,0.2824292778968811,-0.38622018694877625,0.9999390244483948,0.5452191829681396,0.2823657989501953,-0.3862304091453552,0.9999376535415649,0.5295143723487854,0.2829715311527252,-0.3849230706691742,0.9999361634254456,0.526910662651062,0.28328534960746765,-0.3850158154964447,0.9999396800994873,0.5245429277420044,0.28349214792251587,-0.3850783407688141,0.9999358654022217,0.5527533292770386,0.28939372301101685,-0.2930830121040344,0.9998182058334351,0.5243261456489563,0.29077401757240295,-0.2873881459236145,0.999868631362915,0.5396463871002197,0.31068453192710876,-0.36122041940689087,0.9999764561653137,0.5293839573860168,0.3116299510002136,-0.3599567711353302,0.9999761581420898,0.5800049304962158,0.38034459948539734,-0.2012358009815216,0.9999184012413025,0.5025399327278137,0.3814730942249298,-0.22560176253318787,0.9999096393585205,0.5817472338676453,0.4993742108345032,-0.16140419244766235,0.9892679452896118,0.49782297015190125,0.5034119486808777,-0.20495787262916565,0.9867799282073975,0.5588969588279724,0.5953861474990845,-0.21334199607372284,0.9718822240829468,0.5234599709510803,0.6050125360488892,-0.2528823912143707,0.9569687843322754,0.5504854917526245,0.627132773399353,-0.23960699141025543,0.9284526109695435,0.5298115611076355,0.6332933902740479,-0.28105559945106506,0.9100688695907593,0.5439090132713318,0.6197292804718018,-0.2606665790081024,0.9317224025726318,0.5359822511672974,0.6250478029251099,-0.2961326539516449,0.9093874096870422,0.5445109009742737,0.6092491745948792,-0.22183071076869965,0.9190384149551392,0.5351548790931702,0.6157053112983704,-0.2589361369609833,0.8908551931381226,0.5580719113349915,0.5798481106758118,0.009028390981256962,0.9997043013572693,0.5128774046897888,0.5831463932991028,-0.009171153418719769,0.9997016787528992,0.5640649795532227,0.7460982203483582,0.03546857461333275,0.9871256947517395,0.5160384774208069,0.7462736964225769,0.025127261877059937,0.9901039600372314,0.5715382099151611,0.8771469593048096,0.18619421124458313,0.9881874918937683,0.5197128653526306,0.8782214522361755,0.1756879687309265,0.9873486161231995,0.5662845969200134,0.8909372687339783,0.19533677399158478,0.9194797873497009,0.5225098133087158,0.8898411989212036,0.18542779982089996,0.7913851141929626,0.5842927694320679,0.9330061078071594,0.09332406520843506,0.9803862571716309,0.5233960747718811,0.9348676800727844,0.07807178050279617,0.9773834347724915
8299.999999999973,0.5326641798019409,0.2965100109577179,-0.3872644603252411,0.999984085559845,0.5374194979667664,0.28268173336982727,-0.3757191598415375,0.9999392032623291,0.5410474538803101,0.2826817035675049,-0.3756989538669586,0.9999407529830933,0.5448920726776123,0.28267228603363037,-0.37570932507514954,0.9999393224716187,0.5290358662605286,0.28309813141822815,-0.3742603659629822,0.9999381303787231,0.5263975858688354,0.28338971734046936,-0.3743456304073334,0.9999415278434753,0.5239908695220947,0.2835826873779297,-0.3744027316570282,0.9999377131462097,0.5523082613945007,0.2897498905658722,-0.28375592827796936,0.9998232126235962,0.5237621068954468,0.2908705770969391,-0.2781497538089752,0.9998733401298523,0.5391677618026733,0.31096771359443665,-0.35117968916893005,0.9999772310256958,0.5287875533103943,0.3118627369403839,-0.3497692346572876,0.9999769926071167,0.5790561437606812,0.3803327977657318,-0.19553636014461517,0.9999209642410278,0.5016604661941528,0.38180357217788696,-0.2187003195285797,0.9999120235443115,0.5811923742294312,0.4991801381111145,-0.15553678572177887,0.9894536137580872,0.49709323048591614,0.5035427808761597,-0.1987140029668808,0.9871355295181274,0.558402419090271,0.5955902934074402,-0.2078307569026947,0.9725394248962402,0.5232383608818054,0.6052299737930298,-0.24679359793663025,0.9581272006034851,0.5498520135879517,0.6272823214530945,-0.2346024364233017,0.9298073649406433,0.5295668840408325,0.6333059072494507,-0.27491381764411926,0.9120787978172302,0.5433725118637085,0.6198126673698425,-0.25530174374580383,0.9329821467399597,0.5356996059417725,0.6250709295272827,-0.29003575444221497,0.9114265441894531,0.5440216064453125,0.6093814373016357,-0.21617023646831512,0.9205909967422485,0.5348856449127197,0.6157719492912292,-0.2527652382850647,0.8933489322662354,0.5575923323631287,0.5798473358154297,0.008918163366615772,0.9997062087059021,0.5123119950294495,0.5832629799842834,-0.009062147699296474,0.9997032284736633,0.5639095902442932,0.7463083863258362,0.035315535962581635,0.9870573282241821,0.5152549147605896,0.7467272281646729,0.024079682305455208,0.9898791909217834,0.5714960694313049,0.8771387338638306,0.18269914388656616,0.9880452156066895,0.5193783044815063,0.8786954879760742,0.17268602550029755,0.9870203137397766,0.5662630796432495,0.8908706307411194,0.19173802435398102,0.9189759492874146,0.522208034992218,0.8903538584709167,0.18242648243904114,0.7895198464393616,0.5846948027610779,0.9329449534416199,0.09003594517707825,0.980149507522583,0.5233775973320007,0.9349196553230286,0.07573150098323822,0.976936399936676
8333.333333333307,0.5323735475540161,0.2972879707813263,-0.40466153621673584,0.9999845027923584,0.5372464656829834,0.283462792634964,-0.39251479506492615,0.9999408721923828,0.5409085154533386,0.28353846073150635,-0.3924948573112488,0.9999421834945679,0.5447565317153931,0.28362345695495605,-0.39251214265823364,0.9999406933784485,0.5287901163101196,0.28356045484542847,-0.391286164522171,0.9999402165412903,0.526149332523346,0.2837843596935272,-0.39138263463974,0.9999435544013977,0.5237082242965698,0.28392496705055237,-0.39144498109817505,0.9999399185180664,0.5518998503684998,0.2904760539531708,-0.2953888475894928,0.999825119972229,0.5234360098838806,0.29107916355133057,-0.2915039658546448,0.9998785257339478,0.538804292678833,0.3120594024658203,-0.3667396605014801,0.9999776482582092,0.5284080505371094,0.3126389980316162,-0.3657371401786804,0.999977707862854,0.57806396484375,0.38047945499420166,-0.19964909553527832,0.999921977519989,0.5006681084632874,0.38206833600997925,-0.2300637662410736,0.9999149441719055,0.5804029107093811,0.4990178346633911,-0.15848393738269806,0.9894985556602478,0.4962040185928345,0.5035766959190369,-0.21275945007801056,0.9877088665962219,0.558152973651886,0.5956504344940186,-0.2184288054704666,0.9727409482002258,0.5229065418243408,0.6055654287338257,-0.2638627588748932,0.9598857760429382,0.5496827363967896,0.6273437142372131,-0.2460346221923828,0.9301331639289856,0.5293288826942444,0.6334038376808167,-0.2940467596054077,0.915258526802063,0.5432959198951721,0.6198737621307373,-0.26788583397865295,0.9332481026649475,0.5354053974151611,0.6251351833343506,-0.30841395258903503,0.9146186113357544,0.5439245700836182,0.6094680428504944,-0.22744016349315643,0.9209356904029846,0.5345966219902039,0.6158702969551086,-0.2694670557975769,0.8969141244888306,0.5569194555282593,0.5799566507339478,0.009320338256657124,0.9997128248214722,0.5116029977798462,0.5835384726524353,-0.009459801949560642,0.9997108578681946,0.5639086961746216,0.7468394041061401,0.03865163028240204,0.9869922995567322,0.51484215259552,0.7467314600944519,0.024213917553424835,0.9898787140846252,0.5715934634208679,0.8773902654647827,0.1913486272096634,0.9880470633506775,0.519310474395752,0.8789685368537903,0.1763385832309723,0.9871432185173035,0.56644606590271,0.8909482955932617,0.2009272277355194,0.9194327592849731,0.5220739245414734,0.8907591700553894,0.18646690249443054,0.7915129661560059,0.5853933095932007,0.9330050349235535,0.0975622907280922,0.9802255630493164,0.523496687412262,0.9351088404655457,0.07653054594993591,0.9771715998649597
8366.66666666664,0.531866729259491,0.29744863510131836,-0.4029117524623871,0.999984860420227,0.5368654727935791,0.2835732102394104,-0.39128658175468445,0.9999421834945679,0.5406147241592407,0.283608615398407,-0.39126449823379517,0.9999433755874634,0.5444926023483276,0.28370001912117004,-0.3912806510925293,0.9999417662620544,0.5282910466194153,0.28376734256744385,-0.38961973786354065,0.9999418258666992,0.5256364941596985,0.28403565287590027,-0.3897152245044708,0.9999451041221619,0.5231816172599792,0.28423649072647095,-0.3897783160209656,0.9999416470527649,0.5515640377998352,0.29057344794273376,-0.2961077094078064,0.9998272657394409,0.522922694683075,0.29136037826538086,-0.2904079854488373,0.9998825788497925,0.5384647250175476,0.3122735619544983,-0.36576810479164124,0.9999780058860779,0.5279079079627991,0.31284722685813904,-0.36417990922927856,0.9999783039093018,0.5778514742851257,0.3810559809207916,-0.200307235121727,0.9999220371246338,0.5004070997238159,0.3820834159851074,-0.22956258058547974,0.999917209148407,0.5796457529067993,0.49904417991638184,-0.16032671928405762,0.9894627928733826,0.49577590823173523,0.5035389065742493,-0.21101750433444977,0.9880882501602173,0.5575879216194153,0.595909595489502,-0.21853575110435486,0.972681999206543,0.5226356983184814,0.6055638194084167,-0.26038724184036255,0.9609757661819458,0.549181342124939,0.6274592876434326,-0.2460891753435135,0.929928183555603,0.5291191339492798,0.6333903670310974,-0.28968799114227295,0.9171317219734192,0.5427999496459961,0.6199459433555603,-0.2678467035293579,0.9330185055732727,0.5351642966270447,0.6251389384269714,-0.3041726350784302,0.9165058732032776,0.543460488319397,0.6095870137214661,-0.22747661173343658,0.9207673668861389,0.5344061255455017,0.6158775687217712,-0.266032338142395,0.899111270904541,0.5567251443862915,0.5799015760421753,0.009421693161129951,0.9997155070304871,0.5113704800605774,0.5835358500480652,-0.009560572914779186,0.99971604347229,0.5637149214744568,0.746857225894928,0.03822288662195206,0.986808180809021,0.5148195624351501,0.7467091083526611,0.024226535111665726,0.989837646484375,0.5715402364730835,0.8773307800292969,0.19124703109264374,0.9879319071769714,0.5194900035858154,0.8790047764778137,0.17636898159980774,0.9872213006019592,0.5664464235305786,0.8907837867736816,0.2008778601884842,0.9192054271697998,0.5223580598831177,0.8909195065498352,0.1865067183971405,0.7934989929199219,0.5853873491287231,0.9329466223716736,0.09806489944458008,0.9801388382911682,0.5238075852394104,0.9351038932800293,0.07714280486106873,0.9773637652397156
8399.999999999975,0.5313231348991394,0.2975234091281891,-0.4013238549232483,0.9999853372573853,0.5363897085189819,0.28360289335250854,-0.3898223638534546,0.9999439120292664,0.5402049422264099,0.2836218476295471,-0.38980093598365784,0.9999449253082275,0.5440961718559265,0.2837217152118683,-0.3898172974586487,0.999943196773529,0.5276569724082947,0.2838221490383148,-0.38802969455718994,0.9999438524246216,0.5249490141868591,0.28409600257873535,-0.3881238102912903,0.9999470114707947,0.5224072337150574,0.28431445360183716,-0.38818642497062683,0.9999437928199768,0.5511184930801392,0.29060521721839905,-0.29595157504081726,0.9998307228088379,0.5221332907676697,0.2913789451122284,-0.2889728248119354,0.9998875856399536,0.5379851460456848,0.3123898506164551,-0.3644980788230896,0.9999786019325256,0.5273100137710571,0.31295454502105713,-0.3626682460308075,0.9999791383743286,0.577363133430481,0.3811901807785034,-0.2002488076686859,0.9999228715896606,0.49985989928245544,0.3821011185646057,-0.22915013134479523,0.9999200701713562,0.5789158940315247,0.49905356764793396,-0.1612059623003006,0.9893900752067566,0.4950769245624542,0.5035316348075867,-0.21145246922969818,0.9885550737380981,0.5570322275161743,0.5960807800292969,-0.21850158274173737,0.9725784659385681,0.5223864316940308,0.6056002974510193,-0.26116448640823364,0.9623428583145142,0.5487442016601562,0.6275268793106079,-0.24604065716266632,0.929686427116394,0.5289146900177002,0.6333808898925781,-0.2906719744205475,0.9195640683174133,0.5424195528030396,0.6200785636901855,-0.2676554322242737,0.9327415823936462,0.5349462628364563,0.6251422166824341,-0.30503952503204346,0.9189512729644775,0.5430421829223633,0.609759509563446,-0.22738082706928253,0.9206217527389526,0.5341756939888,0.6158915162086487,-0.26675155758857727,0.9019571542739868,0.5562502145767212,0.5800308585166931,0.009733321145176888,0.9997193813323975,0.5109986662864685,0.5837742686271667,-0.009868851862847805,0.999721348285675,0.5634480714797974,0.7468635439872742,0.03858247771859169,0.9865514039993286,0.5145999193191528,0.7467172145843506,0.024262815713882446,0.9897294044494629,0.5714293122291565,0.8770098090171814,0.19386284053325653,0.987701952457428,0.5194975137710571,0.8791753053665161,0.1775246560573578,0.9871587753295898,0.5663536787033081,0.8901840448379517,0.20379728078842163,0.918830156326294,0.5223619341850281,0.8909623622894287,0.18782955408096313,0.7947827577590942,0.5853797197341919,0.9327413439750671,0.10193053632974625,0.9799361228942871,0.5240193605422974,0.935115396976471,0.07822779566049576,0.9773667454719543
8433.333333333308,0.5308573842048645,0.29751113057136536,-0.4051560163497925,0.9999856948852539,0.5359781384468079,0.2835797965526581,-0.3934856057167053,0.9999452829360962,0.5398444533348083,0.283599853515625,-0.39346304535865784,0.9999461770057678,0.54373699426651,0.2837066948413849,-0.39347922801971436,0.9999443888664246,0.5271369218826294,0.28381016850471497,-0.39163556694984436,0.9999454617500305,0.5243965983390808,0.28408676385879517,-0.3917296826839447,0.9999486207962036,0.521820604801178,0.28431496024131775,-0.39179128408432007,0.9999455809593201,0.550675094127655,0.2906034588813782,-0.2993150055408478,0.9998330473899841,0.5215327739715576,0.29137811064720154,-0.29226619005203247,0.9998912811279297,0.5375517010688782,0.31238752603530884,-0.3683735728263855,0.9999788999557495,0.5267789959907532,0.312953919172287,-0.36652374267578125,0.9999797344207764,0.5767667889595032,0.3820725679397583,-0.20661155879497528,0.9999220967292786,0.4994054138660431,0.3821098506450653,-0.23129351437091827,0.9999210238456726,0.5780763030052185,0.4992106258869171,-0.168283611536026,0.9892733693122864,0.4945657551288605,0.5035712718963623,-0.21367120742797852,0.9888836741447449,0.5566713213920593,0.5963046550750732,-0.22508202493190765,0.9722673892974854,0.5220052003860474,0.6056092381477356,-0.26524385809898376,0.9632266163825989,0.5485808253288269,0.6276426315307617,-0.25254666805267334,0.9290866255760193,0.5284982323646545,0.6333814263343811,-0.294914186000824,0.9210770726203918,0.5422666668891907,0.6201947331428528,-0.2739045321941376,0.9321122169494629,0.5345226526260376,0.6251639723777771,-0.3092558681964874,0.9204690456390381,0.5428522229194641,0.6098836064338684,-0.23384051024913788,0.9199420809745789,0.533779501914978,0.6159216165542603,-0.27090540528297424,0.9036755561828613,0.5559717416763306,0.5798072814941406,0.009291988797485828,0.9997239708900452,0.5106722116470337,0.5837477445602417,-0.009425265714526176,0.9997261166572571,0.5634257793426514,0.7464659810066223,0.037908364087343216,0.9866979122161865,0.5144472718238831,0.7460345029830933,0.0258962232619524,0.9898052215576172,0.5712449550628662,0.8765243887901306,0.19393783807754517,0.9877936840057373,0.519867479801178,0.8781158924102783,0.18302534520626068,0.9873558282852173,0.566131591796875,0.889746367931366,0.2042056918144226,0.9191454648971558,0.5228870511054993,0.8902938365936279,0.1937168389558792,0.7980526685714722,0.585263192653656,0.9327375292778015,0.10198359191417694,0.9801197052001953,0.5244820713996887,0.9347894191741943,0.08531010895967484,0.9777255654335022
8466.666666666642,0.5304905772209167,0.29744160175323486,-0.40395060181617737,0.9999861121177673,0.5355736017227173,0.28347811102867126,-0.39224255084991455,0.9999467730522156,0.5394650101661682,0.28348761796951294,-0.39222070574760437,0.9999474883079529,0.5433610677719116,0.28362753987312317,-0.3922361731529236,0.9999456405639648,0.5266407132148743,0.2837672829627991,-0.3904711604118347,0.9999470710754395,0.5238605737686157,0.28405922651290894,-0.3905635178089142,0.9999501705169678,0.521233856678009,0.2843116521835327,-0.39062461256980896,0.9999472498893738,0.5502198338508606,0.2905968129634857,-0.29857388138771057,0.9998362064361572,0.5208277106285095,0.2913711369037628,-0.29109206795692444,0.9998949766159058,0.5372145771980286,0.31237685680389404,-0.36710068583488464,0.9999793767929077,0.5263127684593201,0.31294581294059753,-0.3652970492839813,0.9999804496765137,0.5763552784919739,0.3823379874229431,-0.2058621048927307,0.9999229907989502,0.49903857707977295,0.3821142911911011,-0.23061050474643707,0.9999222159385681,0.5773204565048218,0.49917110800743103,-0.16717077791690826,0.9891490340232849,0.4941059350967407,0.5035728812217712,-0.21312692761421204,0.9891375303268433,0.5565209984779358,0.5963351726531982,-0.22457937896251678,0.9720396399497986,0.5216975808143616,0.6056463122367859,-0.26541563868522644,0.9639877080917358,0.5485044121742249,0.6276455521583557,-0.2521069645881653,0.9287249445915222,0.5281532406806946,0.633373498916626,-0.2952999770641327,0.92242032289505,0.542187511920929,0.6201999187469482,-0.2733512818813324,0.9317217469215393,0.5341969728469849,0.6251877546310425,-0.3100005090236664,0.9218305349349976,0.542770504951477,0.6099011898040771,-0.23329927027225494,0.9195373058319092,0.5334898233413696,0.6159799098968506,-0.2712494432926178,0.9052039980888367,0.5555408596992493,0.5797984600067139,0.009238590486347675,0.9997292160987854,0.5102196931838989,0.5838556885719299,-0.009372361935675144,0.999730110168457,0.5633251070976257,0.7461804151535034,0.03770727291703224,0.9869095087051392,0.514390766620636,0.7457822561264038,0.0259248074144125,0.9898942112922668,0.5712453126907349,0.8761425018310547,0.19670802354812622,0.987956166267395,0.5199348330497742,0.8779095411300659,0.18612965941429138,0.9875697493553162,0.5660911202430725,0.8891817331314087,0.20737580955028534,0.9194986820220947,0.5229662656784058,0.890110433101654,0.19716337323188782,0.8014470934867859,0.5852237343788147,0.9327433109283447,0.1039060577750206,0.9804076552391052,0.5247515439987183,0.9347529411315918,0.08810973912477493,0.9781793355941772
8499.999999999976,0.5300913453102112,0.29743707180023193,-0.40313103795051575,0.9999862909317017,0.5351018905639648,0.2834487855434418,-0.3916603922843933,0.9999475479125977,0.5389858484268188,0.2834552228450775,-0.39163830876350403,0.9999480843544006,0.5428720116615295,0.2836139500141144,-0.39165550470352173,0.999946117401123,0.5261582136154175,0.2837570905685425,-0.38962116837501526,0.9999480843544006,0.5233387351036072,0.28405389189720154,-0.38971269130706787,0.999951183795929,0.5206783413887024,0.28431376814842224,-0.3897726833820343,0.9999483823776245,0.5496994853019714,0.29059040546417236,-0.29725298285484314,0.9998366236686707,0.5201042890548706,0.29137229919433594,-0.29032546281814575,0.9998977780342102,0.5368098616600037,0.31238266825675964,-0.3667549192905426,0.9999796152114868,0.5258587002754211,0.3129602372646332,-0.3645057678222656,0.9999809265136719,0.5760320425033569,0.3825083076953888,-0.20336945354938507,0.999923050403595,0.4985957443714142,0.3820805251598358,-0.22995296120643616,0.999923825263977,0.5768018960952759,0.49885091185569763,-0.1646779179573059,0.9890015125274658,0.4936155080795288,0.5035611987113953,-0.21223774552345276,0.9894434213638306,0.5563485026359558,0.5963424444198608,-0.2242351621389389,0.9718475341796875,0.521205484867096,0.605663001537323,-0.2644285559654236,0.9649443030357361,0.5483638048171997,0.6276479363441467,-0.252037912607193,0.928460419178009,0.5277731418609619,0.6333708167076111,-0.29427239298820496,0.9241787195205688,0.5420887470245361,0.6202661395072937,-0.2731287181377411,0.9314439296722412,0.5337468981742859,0.6252071261405945,-0.3090090751647949,0.9236056208610535,0.5426448583602905,0.6099466681480408,-0.23316851258277893,0.919252336025238,0.5330057740211487,0.6160215735435486,-0.2702443301677704,0.9072147011756897,0.5551642775535583,0.5797414779663086,0.009504925459623337,0.999731183052063,0.5098463296890259,0.583859384059906,-0.00963851809501648,0.9997329115867615,0.5631424188613892,0.7460585236549377,0.03702706843614578,0.98687744140625,0.5142372250556946,0.7457738518714905,0.025112854316830635,0.9899024963378906,0.5711596608161926,0.876072347164154,0.19603416323661804,0.9879414439201355,0.5199081301689148,0.8779634833335876,0.18591220676898956,0.9876537322998047,0.5659624934196472,0.8891612887382507,0.20649151504039764,0.9195122122764587,0.5228951573371887,0.8902294039726257,0.1970677524805069,0.8033179640769958,0.5851795673370361,0.9327940940856934,0.10348796099424362,0.9804567694664001,0.5250095725059509,0.9348062872886658,0.08667121827602386,0.9783725142478943
8533.33333333331,0.5297794342041016,0.2974356412887573,-0.4015132784843445,0.9999865293502808,0.5346290469169617,0.2834426760673523,-0.38936740159988403,0.9999485611915588,0.5384930372238159,0.2834451496601105,-0.38935035467147827,0.9999489784240723,0.5423546433448792,0.28360190987586975,-0.38936498761177063,0.9999468922615051,0.525706946849823,0.28376197814941406,-0.3879709243774414,0.9999492764472961,0.5228814482688904,0.28408083319664,-0.3880627453327179,0.9999523162841797,0.5201815962791443,0.284390389919281,-0.38812559843063354,0.9999496340751648,0.5492140650749207,0.2905923128128052,-0.2928796708583832,0.9998382925987244,0.5195150971412659,0.2915074825286865,-0.2882295846939087,0.9999008178710938,0.5365672707557678,0.31240314245224,-0.3641660511493683,0.9999799132347107,0.5255672931671143,0.31300950050354004,-0.3627679944038391,0.9999814629554749,0.575905442237854,0.3827100098133087,-0.1990627497434616,0.9999234676361084,0.498454213142395,0.3821392357349396,-0.22809696197509766,0.9999251365661621,0.5764185786247253,0.4987245202064514,-0.16007815301418304,0.9888947010040283,0.49318450689315796,0.5036227703094482,-0.2113550454378128,0.9897325038909912,0.55612713098526,0.5963835120201111,-0.22140547633171082,0.9717578887939453,0.5206831693649292,0.6056759357452393,-0.2632623612880707,0.9659477472305298,0.5482596755027771,0.627690851688385,-0.24950557947158813,0.9284037947654724,0.5272289514541626,0.6333792805671692,-0.29300862550735474,0.9260273575782776,0.5419967174530029,0.6204068660736084,-0.27096861600875854,0.9313749074935913,0.5331852436065674,0.6252670884132385,-0.3078165352344513,0.9254841804504395,0.5425008535385132,0.6100419759750366,-0.2305447906255722,0.919215738773346,0.5324606895446777,0.6160802841186523,-0.26909124851226807,0.9093307256698608,0.5546858906745911,0.5799746513366699,0.009498422034084797,0.9997326731681824,0.5093533396720886,0.5842108130455017,-0.009631943888962269,0.9997349381446838,0.5630199909210205,0.7460129857063293,0.03661356866359711,0.986950695514679,0.5140679478645325,0.7461102604866028,0.02481996640563011,0.9898922443389893,0.5711830258369446,0.876041054725647,0.19617685675621033,0.9879878163337708,0.5198776721954346,0.8784294128417969,0.1848723292350769,0.9877060055732727,0.5661283731460571,0.8890358805656433,0.2066219002008438,0.9195762872695923,0.5228424072265625,0.8908302187919617,0.19581696391105652,0.8047501444816589,0.5851700901985168,0.9328027963638306,0.10330286622047424,0.9805263876914978,0.5251145362854004,0.9353134036064148,0.08646852523088455,0.9785131812095642
8566.666666666644,0.5293380618095398,0.29743295907974243,-0.3950659930706024,0.9999868869781494,0.5340835452079773,0.2834089994430542,-0.3832719027996063,0.9999497532844543,0.5379458665847778,0.2834024727344513,-0.38325631618499756,0.999950110912323,0.5417965650558472,0.2835727035999298,-0.38327378034591675,0.9999479055404663,0.5251665115356445,0.283760130405426,-0.3816036880016327,0.9999504089355469,0.5222992300987244,0.28409188985824585,-0.3816894590854645,0.9999534487724304,0.51958829164505,0.2844458520412445,-0.38174983859062195,0.9999508261680603,0.5487670302391052,0.29058700799942017,-0.28848159313201904,0.9998421669006348,0.5189299583435059,0.29162535071372986,-0.2818257212638855,0.999903678894043,0.5362588167190552,0.31243833899497986,-0.3580293357372284,0.9999804496765137,0.525199830532074,0.3130732774734497,-0.3561960756778717,0.9999820590019226,0.5758825540542603,0.38285431265830994,-0.19752445816993713,0.9999250173568726,0.4982943534851074,0.38214021921157837,-0.22102195024490356,0.9999264478683472,0.5761889815330505,0.49867329001426697,-0.15837401151657104,0.9888625741004944,0.4929436445236206,0.5036228895187378,-0.20348995923995972,0.9899137020111084,0.5557442307472229,0.5965016484260559,-0.21792465448379517,0.9717519283294678,0.5203185677528381,0.605785071849823,-0.25796377658843994,0.966703474521637,0.547973096370697,0.6278303861618042,-0.2464246153831482,0.9285104870796204,0.526764452457428,0.6334899067878723,-0.2875432074069977,0.927399218082428,0.5417196750640869,0.6206220388412476,-0.2673720717430115,0.931464433670044,0.5328090786933899,0.6254411935806274,-0.30318450927734375,0.9269043803215027,0.5421415567398071,0.6102274060249329,-0.2267877161502838,0.9193384647369385,0.5320737361907959,0.6162372827529907,-0.2641558349132538,0.9110068082809448,0.5546117424964905,0.5804044604301453,0.007971000857651234,0.999733567237854,0.5092538595199585,0.5847430229187012,-0.00811049621552229,0.9997342228889465,0.5630282759666443,0.7466428279876709,0.028294764459133148,0.987253725528717,0.5140381455421448,0.7474865317344666,0.02505923993885517,0.9897651672363281,0.5712074041366577,0.8760702610015869,0.1945371925830841,0.9881324768066406,0.5200705528259277,0.8786757588386536,0.18578198552131653,0.9875116348266602,0.5663766264915466,0.8890323042869568,0.20554932951927185,0.9193480014801025,0.5231176018714905,0.8910247087478638,0.19694457948207855,0.8037499785423279,0.585147500038147,0.9328993558883667,0.10122206807136536,0.9806400537490845,0.5251209735870361,0.9360183477401733,0.08872010558843613,0.9783310890197754
8599.999999999978,0.5288788080215454,0.29745396971702576,-0.39004799723625183,0.9999873042106628,0.5335973501205444,0.283402681350708,-0.37894293665885925,0.9999512434005737,0.5374526381492615,0.28339269757270813,-0.3789253830909729,0.9999515414237976,0.5412837862968445,0.28356248140335083,-0.3789407014846802,0.9999493360519409,0.5246908664703369,0.28376197814941406,-0.3767406642436981,0.9999516606330872,0.5217984914779663,0.284106582403183,-0.3768218159675598,0.9999546408653259,0.5190767645835876,0.28449174761772156,-0.3768758773803711,0.999951958656311,0.5483614206314087,0.29058918356895447,-0.2868862450122833,0.9998471736907959,0.5185132026672363,0.2917190492153168,-0.27795979380607605,0.9999061226844788,0.5359245538711548,0.3125677704811096,-0.35400670766830444,0.9999810457229614,0.5248429179191589,0.3132154643535614,-0.35151809453964233,0.9999825954437256,0.57567298412323,0.3829599618911743,-0.19787351787090302,0.9999268651008606,0.4980444312095642,0.3821609616279602,-0.21643351018428802,0.9999271631240845,0.5760504603385925,0.49873092770576477,-0.15798825025558472,0.9889439344406128,0.49260780215263367,0.5036138296127319,-0.1958061158657074,0.9898891448974609,0.5552619099617004,0.5967381000518799,-0.21381868422031403,0.9720161557197571,0.5199008584022522,0.6056919693946838,-0.2497541606426239,0.96696937084198,0.54754239320755,0.6280100345611572,-0.2414161115884781,0.9291345477104187,0.5262570381164551,0.6334107518196106,-0.2783193290233612,0.9278810024261475,0.5413097739219666,0.6208093762397766,-0.2619752585887909,0.9320538640022278,0.5323203206062317,0.6254391074180603,-0.2942390441894531,0.9274539351463318,0.5417182445526123,0.6103667616844177,-0.2222641259431839,0.9200507998466492,0.5315799117088318,0.6162377595901489,-0.25611618161201477,0.9117931723594666,0.5542480945587158,0.5803788304328918,0.006557677406817675,0.999734103679657,0.5089441537857056,0.5847424268722534,-0.006705231964588165,0.9997316598892212,0.562917172908783,0.7466415166854858,0.02478792518377304,0.987386167049408,0.5139774680137634,0.7474720478057861,0.02525261417031288,0.989533007144928,0.5712140202522278,0.8759139776229858,0.18685252964496613,0.9881598949432373,0.5200943946838379,0.8777941465377808,0.18529373407363892,0.9871879816055298,0.5665902495384216,0.888806164264679,0.19737128913402557,0.9186273217201233,0.5231941938400269,0.8901310563087463,0.1963026225566864,0.8023270964622498,0.5850551724433899,0.9327186346054077,0.0941772386431694,0.9805572032928467,0.5249872803688049,0.9359189867973328,0.08853907883167267,0.9779334664344788
8633.333333333312,0.5285545587539673,0.29764413833618164,-0.3840607702732086,0.999987781047821,0.5333178043365479,0.28342756628990173,-0.372800350189209,0.999953031539917,0.5371688604354858,0.28340017795562744,-0.37278375029563904,0.9999532699584961,0.5409675240516663,0.2835691273212433,-0.3727961778640747,0.9999510645866394,0.5243844985961914,0.2838417589664459,-0.3707504868507385,0.9999533295631409,0.5214424133300781,0.2842082381248474,-0.3708299696445465,0.9999561905860901,0.5187056660652161,0.2846262753009796,-0.37088239192962646,0.99995356798172,0.5480205416679382,0.29064157605171204,-0.280629962682724,0.9998531937599182,0.5181187987327576,0.2918888032436371,-0.2721284329891205,0.9999096393585205,0.5356656312942505,0.3128349483013153,-0.3479272127151489,0.9999818205833435,0.5245190858840942,0.3135342597961426,-0.34562328457832336,0.9999833106994629,0.5753466486930847,0.3829552233219147,-0.19289635121822357,0.9999293088912964,0.4977433979511261,0.3822101056575775,-0.21146003901958466,0.999928891658783,0.5760411024093628,0.4987694025039673,-0.15235012769699097,0.9890543818473816,0.49230822920799255,0.5036051869392395,-0.19200894236564636,0.9900214076042175,0.5549103617668152,0.5968374609947205,-0.20913738012313843,0.9723978042602539,0.5195246338844299,0.6052334904670715,-0.2470402866601944,0.9675748944282532,0.5471987128257751,0.6281296014785767,-0.2369874268770218,0.9300249218940735,0.5256849527359009,0.6331732273101807,-0.27592602372169495,0.9290024042129517,0.5409739017486572,0.6210489273071289,-0.2577081024646759,0.9329001307487488,0.5318487286567688,0.6254048347473145,-0.29197749495506287,0.9286332726478577,0.5414037704467773,0.6105069518089294,-0.21769770979881287,0.9210502505302429,0.5311768651008606,0.6161656975746155,-0.25348004698753357,0.9132617712020874,0.5540221333503723,0.5804510712623596,0.006079709157347679,0.9997356534004211,0.5087605714797974,0.5849562287330627,-0.006225095130503178,0.9997313022613525,0.5628757476806641,0.7466362714767456,0.02306380495429039,0.9875576496124268,0.5135862827301025,0.7477940917015076,0.02518669329583645,0.9893437027931213,0.571342408657074,0.8755919337272644,0.18356181681156158,0.988203227519989,0.5201208591461182,0.8778330683708191,0.18384869396686554,0.9868758320808411,0.567074716091156,0.88844895362854,0.19385851919651031,0.9182166457176208,0.5231999158859253,0.8901395797729492,0.19477634131908417,0.800987184047699,0.5849894285202026,0.9326335191726685,0.0903802439570427,0.9805341958999634,0.5249170064926147,0.9361284971237183,0.08792971074581146,0.9775609970092773
8666.666666666646,0.5281901359558105,0.2977905571460724,-0.38644343614578247,0.9999881982803345,0.5330034494400024,0.2834498882293701,-0.3750823736190796,0.9999545812606812,0.536863386631012,0.2834104001522064,-0.3750634789466858,0.9999547600746155,0.5406396389007568,0.2835800349712372,-0.3750761151313782,0.999952495098114,0.5239984393119812,0.2838975489139557,-0.37311190366744995,0.9999548196792603,0.5209841132164001,0.28427693247795105,-0.3731956481933594,0.9999575614929199,0.518194854259491,0.2847200632095337,-0.3732518255710602,0.9999549388885498,0.5476678013801575,0.29067930579185486,-0.28259313106536865,0.9998582005500793,0.5175244808197021,0.29197943210601807,-0.27441155910491943,0.9999126195907593,0.5353072285652161,0.3130594789981842,-0.35022035241127014,0.999982476234436,0.52409428358078,0.31385019421577454,-0.3480377793312073,0.9999839067459106,0.5748452544212341,0.38280895352363586,-0.19419127702713013,0.999931275844574,0.49744662642478943,0.38224875926971436,-0.21288011968135834,0.9999299645423889,0.5759221315383911,0.49865099787712097,-0.15431663393974304,0.9891555309295654,0.4921294152736664,0.5036014914512634,-0.19339214265346527,0.9900866746902466,0.5547609329223633,0.5968447327613831,-0.20929928123950958,0.972709596157074,0.5192216634750366,0.604986310005188,-0.24852441251277924,0.9681777954101562,0.547066867351532,0.6281359195709229,-0.23837611079216003,0.9308011531829834,0.5252493619918823,0.6329819560050964,-0.27731844782829285,0.9302161931991577,0.5408806204795837,0.6210625767707825,-0.25921377539634705,0.9336180686950684,0.5315001010894775,0.6253363490104675,-0.2921372056007385,0.9298864603042603,0.5413284301757812,0.6105166673660278,-0.21787142753601074,0.9218268394470215,0.5308594107627869,0.6160784959793091,-0.2545512020587921,0.9147184491157532,0.5536850094795227,0.5804987549781799,0.004906247835606337,0.9997351765632629,0.5085431933403015,0.5850815773010254,-0.005048780702054501,0.9997278451919556,0.5628613829612732,0.7466338872909546,0.022526556625962257,0.9878281354904175,0.5133190155029297,0.7478604316711426,0.026269257068634033,0.9892125129699707,0.5713708400726318,0.8757085800170898,0.18208569288253784,0.9883524775505066,0.5201284885406494,0.8781381249427795,0.18397444486618042,0.9866937398910522,0.5671671628952026,0.8884918093681335,0.19219492375850677,0.9183433651924133,0.5232331156730652,0.8903144598007202,0.194845512509346,0.8008825778961182,0.5849559903144836,0.9326825737953186,0.08791898936033249,0.9806497693061829,0.5247454643249512,0.9361147880554199,0.08793111145496368,0.9773322939872742
8699.99999999998,0.5278918743133545,0.29791784286499023,-0.3874359428882599,0.9999884963035583,0.5327471494674683,0.2834707498550415,-0.3759094774723053,0.9999556541442871,0.5366354584693909,0.28341612219810486,-0.37588781118392944,0.9999558329582214,0.540408730506897,0.2835822105407715,-0.37590086460113525,0.9999535083770752,0.5236178636550903,0.2840004861354828,-0.3741631805896759,0.9999557733535767,0.5205490589141846,0.28442642092704773,-0.3742506802082062,0.9999584555625916,0.5177145004272461,0.2849237024784088,-0.3743087351322174,0.9999558329582214,0.5474065542221069,0.29072827100753784,-0.2831970155239105,0.9998620748519897,0.5170027017593384,0.29223236441612244,-0.27560141682624817,0.9999145269393921,0.5350914001464844,0.3132260739803314,-0.35120275616645813,0.9999829530715942,0.52376788854599,0.3141442537307739,-0.34925204515457153,0.9999843835830688,0.5746338367462158,0.3828235864639282,-0.1946239173412323,0.9999332427978516,0.4973733127117157,0.38225293159484863,-0.21320053935050964,0.9999304413795471,0.5758536458015442,0.49867355823516846,-0.15479429066181183,0.9892934560775757,0.49200817942619324,0.5034636855125427,-0.1934743970632553,0.9900785684585571,0.5547046661376953,0.5968489050865173,-0.21568813920021057,0.9732010364532471,0.5191340446472168,0.6047549247741699,-0.2487572580575943,0.9685324430465698,0.5470830798149109,0.6281445026397705,-0.24561379849910736,0.9320188164710999,0.5251588225364685,0.6327790021896362,-0.2786308825016022,0.9309300184249878,0.5409047603607178,0.6210888028144836,-0.26668864488601685,0.9347639679908752,0.5314092040061951,0.6252570748329163,-0.2945011258125305,0.9306299686431885,0.5413461327552795,0.6105266809463501,-0.22443747520446777,0.9230042695999146,0.5308043956756592,0.6160096526145935,-0.2552911341190338,0.9155615568161011,0.5536233186721802,0.5804868936538696,0.004436891991645098,0.9997335076332092,0.5085358619689941,0.585107147693634,-0.004578594584017992,0.9997230172157288,0.562958836555481,0.7466274499893188,0.02343497984111309,0.9882118105888367,0.5129696726799011,0.7478559017181396,0.027437875047326088,0.9892451167106628,0.5718998312950134,0.8757193684577942,0.18421241641044617,0.9885993003845215,0.5200907588005066,0.8781384825706482,0.18739427626132965,0.9866452813148499,0.5678701400756836,0.8885350823402405,0.19472381472587585,0.9182735085487366,0.5232479572296143,0.8903202414512634,0.19857971370220184,0.8011630773544312,0.5849505066871643,0.9327355027198792,0.08859307318925858,0.9808846116065979,0.5247275233268738,0.9360854625701904,0.0908956378698349,0.9772610664367676
8733.333333333314,0.5276479721069336,0.2979698181152344,-0.39091956615448,0.999988853931427,0.5325389504432678,0.28346776962280273,-0.37981635332107544,0.9999570250511169,0.5364459156990051,0.28341034054756165,-0.37979573011398315,0.9999571442604065,0.5402119159698486,0.2835761606693268,-0.3798109292984009,0.999954879283905,0.5232809782028198,0.28403472900390625,-0.37752458453178406,0.9999570846557617,0.5201375484466553,0.28449344635009766,-0.3776046633720398,0.9999597072601318,0.5172641277313232,0.2850431203842163,-0.3776560425758362,0.9999571442604065,0.5471681952476501,0.29076260328292847,-0.2876163423061371,0.999866783618927,0.516419529914856,0.2923784554004669,-0.27765852212905884,0.9999170899391174,0.5348965525627136,0.3133312463760376,-0.3546973168849945,0.9999834895133972,0.5234517455101013,0.31437814235687256,-0.35204458236694336,0.9999849200248718,0.5741629004478455,0.38297057151794434,-0.19900768995285034,0.9999347925186157,0.4972144365310669,0.3822556734085083,-0.2141776829957962,0.9999309182167053,0.5756543874740601,0.4987480342388153,-0.15954183042049408,0.9893614649772644,0.49198397994041443,0.5033820271492004,-0.19425584375858307,0.9899764657020569,0.5546396970748901,0.5968456268310547,-0.22190026938915253,0.9734426140785217,0.5190794467926025,0.6045525670051575,-0.25060954689979553,0.9686552882194519,0.547087550163269,0.6281320452690125,-0.2512577772140503,0.9326977133750916,0.5250568389892578,0.6326026916503906,-0.2809087932109833,0.9312503337860107,0.5409127473831177,0.6210967898368835,-0.272266685962677,0.9353688955307007,0.5312992930412292,0.6252225637435913,-0.29697614908218384,0.9309686422348022,0.5413486957550049,0.610535204410553,-0.230556458234787,0.9235591888427734,0.5307422280311584,0.6159907579421997,-0.2573208808898926,0.9159152507781982,0.5536558032035828,0.5802834630012512,0.0039013936184346676,0.9997342228889465,0.5085722208023071,0.5850650072097778,-0.0040463851764798164,0.9997216463088989,0.5629593729972839,0.7464339137077332,0.02389373630285263,0.9886372089385986,0.5128724575042725,0.7475951910018921,0.029319070279598236,0.9894026517868042,0.5719138979911804,0.8756179213523865,0.1871555596590042,0.9889335632324219,0.5200913548469543,0.8777216076850891,0.1905967742204666,0.986862063407898,0.5678951740264893,0.8885220289230347,0.19802230596542358,0.9190133810043335,0.5232822299003601,0.8901419639587402,0.20189650356769562,0.8038235306739807,0.5848310589790344,0.9327824115753174,0.09155402332544327,0.9813128709793091,0.5247270464897156,0.9359844923019409,0.09500349313020706,0.9776000380516052
8766.666666666648,0.5272826552391052,0.2980163097381592,-0.39573368430137634,0.9999890327453613,0.5323095917701721,0.2834656536579132,-0.38465601205825806,0.9999577403068542,0.5362468957901001,0.28340771794319153,-0.3846363425254822,0.9999578595161438,0.540002167224884,0.2835802733898163,-0.3846513032913208,0.9999555349349976,0.5229812860488892,0.28403303027153015,-0.3821125328540802,0.9999578595161438,0.5197994112968445,0.28448987007141113,-0.3821924924850464,0.9999604821205139,0.5168958306312561,0.2850431501865387,-0.3822471499443054,0.9999579787254333,0.5469884872436523,0.29081985354423523,-0.2919621765613556,0.9998693466186523,0.5161100625991821,0.29235970973968506,-0.2808731198310852,0.9999188184738159,0.5344691872596741,0.3134990334510803,-0.3592471480369568,0.9999838471412659,0.5230271816253662,0.31453999876976013,-0.35626447200775146,0.9999852776527405,0.5739694833755493,0.383180171251297,-0.20291884243488312,0.9999356865882874,0.4969097375869751,0.38221439719200134,-0.21490712463855743,0.9999315142631531,0.5756653547286987,0.4987780451774597,-0.1650254875421524,0.989407479763031,0.49188488721847534,0.5033121705055237,-0.19488947093486786,0.9899998903274536,0.5545335412025452,0.596829354763031,-0.2282070368528366,0.9735222458839417,0.5190420150756836,0.604388415813446,-0.2563387155532837,0.96894371509552,0.5470142364501953,0.6280957460403442,-0.2579389810562134,0.9329701662063599,0.5250307321548462,0.632519006729126,-0.28711840510368347,0.9318076968193054,0.5408352017402649,0.6211016774177551,-0.2785315215587616,0.9355819225311279,0.5312665700912476,0.6252122521400452,-0.30302998423576355,0.9315275549888611,0.5412736535072327,0.6105355024337769,-0.23673470318317413,0.9236820340156555,0.5307268500328064,0.6159806847572327,-0.26291555166244507,0.9165189266204834,0.5536698698997498,0.5802781581878662,0.0035333791747689247,0.9997349977493286,0.5085949897766113,0.5850682258605957,-0.0036770140286535025,0.9997214674949646,0.5629420876502991,0.746333658695221,0.02551155537366867,0.9890750050544739,0.5126969814300537,0.7474946975708008,0.03282885625958443,0.9895827770233154,0.5719196200370789,0.8756152391433716,0.19578300416469574,0.9892842173576355,0.5199829936027527,0.8777321577072144,0.19799034297466278,0.9870696663856506,0.5679031610488892,0.8885235786437988,0.2070799618959427,0.9198126196861267,0.5232652425765991,0.8901456594467163,0.2097325325012207,0.8060439825057983,0.5847203731536865,0.932982325553894,0.10066699236631393,0.9817861914634705,0.5247053503990173,0.9361914992332458,0.10243669897317886,0.9779245257377625
8799.999999999982,0.5270599722862244,0.2980286777019501,-0.3931850790977478,0.9999890327453613,0.5322136282920837,0.2834714353084564,-0.3822551965713501,0.9999576807022095,0.5361844897270203,0.283431738615036,-0.3822375237941742,0.9999576807022095,0.5398942232131958,0.2836304306983948,-0.3822549283504486,0.9999552965164185,0.5228071808815002,0.28400883078575134,-0.3796919882297516,0.9999579191207886,0.5196096897125244,0.2844308912754059,-0.3797713816165924,0.9999605417251587,0.5166332125663757,0.28495898842811584,-0.37982991337776184,0.9999580979347229,0.5468527674674988,0.29085826873779297,-0.290821373462677,0.9998693466186523,0.5157891511917114,0.2922329604625702,-0.2797169089317322,0.9999194741249084,0.5341640114784241,0.3136025369167328,-0.3571838140487671,0.9999839663505554,0.5227172374725342,0.31459712982177734,-0.35419681668281555,0.9999854564666748,0.5738781094551086,0.3833553194999695,-0.20275332033634186,0.9999356865882874,0.49669817090034485,0.3822166919708252,-0.2145746350288391,0.9999316930770874,0.5756701827049255,0.49881914258003235,-0.1646459996700287,0.9893692135810852,0.49183210730552673,0.5033115744590759,-0.1948346197605133,0.989985466003418,0.5544403791427612,0.5968965888023376,-0.2265685498714447,0.9735896587371826,0.5190566778182983,0.6044445037841797,-0.2561318576335907,0.9692609906196594,0.5470131039619446,0.6281231045722961,-0.2558192014694214,0.9333051443099976,0.5250489115715027,0.6325209736824036,-0.28695762157440186,0.932498574256897,0.5408175587654114,0.6211879253387451,-0.27644503116607666,0.9358675479888916,0.5312676429748535,0.6252275109291077,-0.30250298976898193,0.9322337508201599,0.5412253141403198,0.6106184124946594,-0.23508666455745697,0.9239724278450012,0.5307320952415466,0.6160264015197754,-0.2625768482685089,0.9173704385757446,0.5536912679672241,0.5802568793296814,0.0034525105729699135,0.9997314810752869,0.5086057782173157,0.5850487351417542,-0.003594066249206662,0.9997192025184631,0.5628870129585266,0.7462822198867798,0.026421289891004562,0.9892532825469971,0.5127009749412537,0.7473233342170715,0.03221528232097626,0.9895414113998413,0.572009265422821,0.8751280307769775,0.1967683732509613,0.9893227815628052,0.5201149582862854,0.8777410387992859,0.19544143974781036,0.9870077967643738,0.5680173635482788,0.8881039023399353,0.2080255001783371,0.9192809462547302,0.5233433246612549,0.890148937702179,0.20697930455207825,0.805921733379364,0.5847119688987732,0.9329608678817749,0.10454770177602768,0.9817566275596619,0.5248530507087708,0.9362210035324097,0.10052045434713364,0.9777868390083313
8833.333333333316,0.526826798915863,0.29825839400291443,-0.3922112286090851,0.9999890327453613,0.5320759415626526,0.28361600637435913,-0.38141393661499023,0.9999576210975647,0.5360610485076904,0.2835869789123535,-0.3813959062099457,0.9999574422836304,0.5397257208824158,0.28379252552986145,-0.3814105689525604,0.999954879283905,0.5226488709449768,0.2841041684150696,-0.3790026903152466,0.9999579787254333,0.5194664597511292,0.28450286388397217,-0.3790839612483978,0.9999605417251587,0.5164865851402283,0.28501468896865845,-0.3791450262069702,0.9999580979347229,0.5466436743736267,0.2909283936023712,-0.28957274556159973,0.9998683333396912,0.51565021276474,0.292235404253006,-0.27934324741363525,0.999920129776001,0.5338123440742493,0.31390008330345154,-0.3559046983718872,0.9999840259552002,0.5224841237068176,0.3148762881755829,-0.3531903624534607,0.9999855756759644,0.5735267400741577,0.38337987661361694,-0.1989745795726776,0.9999359250068665,0.4965701997280121,0.38217636942863464,-0.21490171551704407,0.9999328255653381,0.5756685733795166,0.49882110953330994,-0.15959244966506958,0.9894424676895142,0.49182048439979553,0.5032451152801514,-0.19493511319160461,0.9900856614112854,0.5544012188911438,0.5969139337539673,-0.22180016338825226,0.9740657806396484,0.5190191864967346,0.6044187545776367,-0.2553292512893677,0.9700034260749817,0.5470231771469116,0.6281293630599976,-0.25083670020103455,0.9343749284744263,0.5250131487846375,0.6325199007987976,-0.28596118092536926,0.9339978694915771,0.5408192276954651,0.6212731599807739,-0.271637499332428,0.9368923902511597,0.5311722159385681,0.6252638697624207,-0.30170148611068726,0.9337747097015381,0.5412076711654663,0.6106892824172974,-0.2303357720375061,0.925121009349823,0.5306738018989563,0.6160556077957153,-0.2617039382457733,0.9191820025444031,0.5536623001098633,0.5803722739219666,0.004867473617196083,0.9997289180755615,0.5086252689361572,0.5852420330047607,-0.005010485649108887,0.9997182488441467,0.562823474407196,0.7463750839233398,0.031169680878520012,0.9892233610153198,0.5127062201499939,0.7475128769874573,0.029747484251856804,0.9894970059394836,0.5718933939933777,0.8750833868980408,0.1974944770336151,0.989244818687439,0.5196147561073303,0.8782588839530945,0.1919194608926773,0.9869366884231567,0.5678585767745972,0.8880473375320435,0.20836178958415985,0.9191742539405823,0.5226669907569885,0.8907185196876526,0.20332549512386322,0.8055126667022705,0.5847068428993225,0.9329703450202942,0.10540788620710373,0.9816200137138367,0.5248658061027527,0.9363293647766113,0.09589820355176926,0.9776673316955566
8866.66666666665,0.526584804058075,0.2982974350452423,-0.3998974859714508,0.9999891519546509,0.53191077709198,0.2836433947086334,-0.38895124197006226,0.9999580979347229,0.5359107255935669,0.2836211025714874,-0.38892999291419983,0.999957799911499,0.5395569205284119,0.28383344411849976,-0.38894179463386536,0.9999551773071289,0.5224401950836182,0.2841167151927948,-0.38668912649154663,0.9999585747718811,0.5192579030990601,0.28450945019721985,-0.38677623867988586,0.9999611377716064,0.5162614583969116,0.2850184440612793,-0.3868371248245239,0.9999587535858154,0.5464518070220947,0.29097381234169006,-0.29567644000053406,0.9998683929443359,0.5153902173042297,0.29222846031188965,-0.2865562438964844,0.9999215006828308,0.5335151553153992,0.31396183371543884,-0.36309391260147095,0.9999841451644897,0.5222203135490417,0.3149271011352539,-0.3606621325016022,0.9999858140945435,0.5730962753295898,0.38338547945022583,-0.2031557857990265,0.9999364018440247,0.4963361322879791,0.3821525275707245,-0.22211967408657074,0.9999339580535889,0.575670599937439,0.49884089827537537,-0.16517029702663422,0.9895357489585876,0.49180513620376587,0.5032437443733215,-0.20208504796028137,0.9902313947677612,0.5544112324714661,0.5969151258468628,-0.2273891568183899,0.9744497537612915,0.5189937353134155,0.604418933391571,-0.26189476251602173,0.9706671237945557,0.5472142696380615,0.628118634223938,-0.2562340199947357,0.9351549744606018,0.5249767899513245,0.6325286030769348,-0.2924901843070984,0.9353203773498535,0.5409082174301147,0.6212795972824097,-0.2767482399940491,0.9376211762428284,0.5311405062675476,0.6253215074539185,-0.30789509415626526,0.935120701789856,0.5412391424179077,0.6106957793235779,-0.2357797622680664,0.9258950352668762,0.5306555032730103,0.6161059737205505,-0.26802191138267517,0.9206975698471069,0.553645133972168,0.5803655385971069,0.005557676777243614,0.9997323751449585,0.5086365938186646,0.5852583050727844,-0.005702595226466656,0.9997217059135437,0.5627616047859192,0.7463110089302063,0.034598734229803085,0.9892511963844299,0.5127117037773132,0.7475090026855469,0.02965044043958187,0.9895742535591125,0.5717812776565552,0.8751198649406433,0.20122453570365906,0.989284336566925,0.5194036960601807,0.8779664635658264,0.1926048845052719,0.9870431423187256,0.5676767826080322,0.8881171941757202,0.21217799186706543,0.9194204211235046,0.5224546790122986,0.890375018119812,0.20415718853473663,0.8062717318534851,0.5847308039665222,0.9332171082496643,0.10912668704986572,0.9817203283309937,0.5249935984611511,0.9362949132919312,0.09676133096218109,0.9778400659561157
8899.999999999984,0.5260959267616272,0.2985602915287018,-0.3833298981189728,0.9999893307685852,0.531417965888977,0.2837914228439331,-0.37279805541038513,0.9999586939811707,0.5354145169258118,0.2837176024913788,-0.3727765381336212,0.999958336353302,0.5391203165054321,0.28389546275138855,-0.3727796971797943,0.9999556541442871,0.5220500230789185,0.28438296914100647,-0.3705039322376251,0.9999591112136841,0.5188817381858826,0.2848077416419983,-0.37058401107788086,0.9999615550041199,0.5159340500831604,0.2853318750858307,-0.37064093351364136,0.9999591708183289,0.5461791157722473,0.2910154461860657,-0.28204822540283203,0.9998698830604553,0.5151945352554321,0.29241976141929626,-0.2728043496608734,0.9999227523803711,0.5330883860588074,0.31410276889801025,-0.3475027084350586,0.9999844431877136,0.5219360589981079,0.31517189741134644,-0.3449810743331909,0.9999861121177673,0.5729111433029175,0.38343533873558044,-0.1918497234582901,0.9999375343322754,0.496237576007843,0.38215312361717224,-0.21227587759494781,0.9999353289604187,0.5756523609161377,0.49887022376060486,-0.150101438164711,0.9896253347396851,0.4917804002761841,0.5031407475471497,-0.1909150779247284,0.9902493953704834,0.554416835308075,0.5969182848930359,-0.20818839967250824,0.9750043749809265,0.5189288854598999,0.6044144630432129,-0.2481590360403061,0.9709948897361755,0.5473335385322571,0.6281182169914246,-0.23595118522644043,0.9364032745361328,0.5249013304710388,0.6325253248214722,-0.2772429287433624,0.9359477758407593,0.5410009026527405,0.6212878823280334,-0.2563948929309845,0.9388414025306702,0.5311076045036316,0.6253189444541931,-0.2933312654495239,0.9358015060424805,0.5412927865982056,0.6107097268104553,-0.21648690104484558,0.9273069500923157,0.5306260585784912,0.6161092519760132,-0.2544841170310974,0.9216485023498535,0.553640604019165,0.5806687474250793,0.006292979698628187,0.9997309446334839,0.5086687207221985,0.5858771204948425,-0.00643956009298563,0.9997205138206482,0.5627528429031372,0.7464670538902283,0.03452196344733238,0.9890425801277161,0.5127354264259338,0.7481456398963928,0.027339434251189232,0.9893522262573242,0.5717681646347046,0.8751611113548279,0.19789965450763702,0.9890696406364441,0.5190860033035278,0.8780894875526428,0.18597562611103058,0.9866500496864319,0.5676448345184326,0.8881372809410095,0.20785897970199585,0.9184554815292358,0.5222586989402771,0.8903275728225708,0.19699420034885406,0.8033417463302612,0.5847492814064026,0.9332839846611023,0.1060844138264656,0.981346845626831,0.5249939560890198,0.936256468296051,0.09083528816699982,0.9772854447364807
8933.333333333318,0.5257622599601746,0.2985808849334717,-0.37948212027549744,0.9999896883964539,0.5310787558555603,0.28380709886550903,-0.36826732754707336,0.9999600052833557,0.5350720286369324,0.2837221622467041,-0.3682470917701721,0.9999595880508423,0.53883296251297,0.28389596939086914,-0.3682498037815094,0.9999569654464722,0.521808922290802,0.2844408452510834,-0.3662155568599701,0.9999603629112244,0.5186582207679749,0.2848709523677826,-0.36629191040992737,0.9999626874923706,0.5157625079154968,0.28540971875190735,-0.36634525656700134,0.9999603033065796,0.5459612607955933,0.2910286784172058,-0.27667418122291565,0.9998738169670105,0.515038788318634,0.2924516499042511,-0.26853373646736145,0.9999251365661621,0.5327627062797546,0.3141064941883087,-0.3436369299888611,0.9999849200248718,0.5216817855834961,0.31517505645751953,-0.341425359249115,0.9999865889549255,0.5727491974830627,0.3836432993412018,-0.189296692609787,0.9999388456344604,0.4959678053855896,0.38240480422973633,-0.20866408944129944,0.9999362826347351,0.5756343603134155,0.4990691542625427,-0.1483979970216751,0.9896585941314697,0.49178972840309143,0.5031683444976807,-0.18855930864810944,0.9902454614639282,0.5544561147689819,0.5969211459159851,-0.20817269384860992,0.9754195213317871,0.518882155418396,0.604404866695404,-0.24703200161457062,0.971095085144043,0.54756760597229,0.6281158328056335,-0.2363412082195282,0.937423050403595,0.5248297452926636,0.6325214505195618,-0.27642500400543213,0.9361388087272644,0.5411802530288696,0.6213129162788391,-0.25715190172195435,0.9398419857025146,0.5310815572738647,0.6253270506858826,-0.2924633026123047,0.9360346794128418,0.5414230823516846,0.6107386350631714,-0.21672077476978302,0.9284401535987854,0.5306100249290466,0.6161235570907593,-0.25344544649124146,0.922034740447998,0.5536485314369202,0.5813773274421692,0.006287464872002602,0.9997333288192749,0.5087684988975525,0.5867284536361694,-0.006434184964746237,0.9997225403785706,0.5627533197402954,0.7465665340423584,0.034084562212228775,0.9891259074211121,0.51277756690979,0.7481498718261719,0.027417605742812157,0.9893459677696228,0.5716668367385864,0.8751564025878906,0.19770771265029907,0.9891039729118347,0.518977165222168,0.8780936598777771,0.18742389976978302,0.9865723848342896,0.5673849582672119,0.8881279826164246,0.20794500410556793,0.9185742735862732,0.5220979452133179,0.8902173042297363,0.1986369490623474,0.8027119040489197,0.584746778011322,0.9332860112190247,0.10569512099027634,0.9813967943191528,0.5249955654144287,0.9361050724983215,0.09282169491052628,0.9771990180015564
8966.666666666652,0.5256571769714355,0.29841241240501404,-0.37166115641593933,0.9999899864196777,0.531036376953125,0.2836226224899292,-0.35970643162727356,0.9999610781669617,0.5350000858306885,0.2835201919078827,-0.35968777537345886,0.9999606609344482,0.5387439727783203,0.28365227580070496,-0.3596903085708618,0.9999580383300781,0.5217527151107788,0.28442326188087463,-0.35814088582992554,0.9999613165855408,0.5186273455619812,0.28487199544906616,-0.3582124710083008,0.9999635219573975,0.5157345533370972,0.28542691469192505,-0.35826194286346436,0.9999611377716064,0.5456923842430115,0.2909238636493683,-0.26738500595092773,0.9998771548271179,0.5150308609008789,0.2924884557723999,-0.2614770829677582,0.9999269247055054,0.5326973795890808,0.31394708156585693,-0.33583864569664,0.99998539686203,0.5215969085693359,0.3150424659252167,-0.3342536687850952,0.999987006187439,0.5724925398826599,0.3838186264038086,-0.1828368455171585,0.9999404549598694,0.4957074224948883,0.38278499245643616,-0.20350055396556854,0.9999367594718933,0.5755503177642822,0.499294251203537,-0.1429932713508606,0.9897114038467407,0.4917519986629486,0.5031341910362244,-0.18421077728271484,0.9902505874633789,0.5544731020927429,0.5969411730766296,-0.20423878729343414,0.9759798645973206,0.5187695622444153,0.6043424010276794,-0.24188821017742157,0.9711947441101074,0.5476714372634888,0.6281298398971558,-0.23281891644001007,0.9387772083282471,0.5247237682342529,0.6325040459632874,-0.27123603224754333,0.9363463521003723,0.5412736535072327,0.6213657855987549,-0.2535611391067505,0.9411640763282776,0.5310338735580444,0.6253222823143005,-0.28719112277030945,0.9362750053405762,0.5415037274360657,0.6107667088508606,-0.21288493275642395,0.9299412965774536,0.5305428504943848,0.616122841835022,-0.24831058084964752,0.9224215745925903,0.5536330938339233,0.5824402570724487,0.006492139305919409,0.9997380375862122,0.5087940096855164,0.5877939462661743,-0.006638179998844862,0.9997258186340332,0.562765896320343,0.7467424273490906,0.03381180018186569,0.9891965985298157,0.5127977132797241,0.7485044002532959,0.02718082070350647,0.9893360137939453,0.5716120600700378,0.8750801086425781,0.19828933477401733,0.9891353249549866,0.518973171710968,0.8780409693717957,0.18864478170871735,0.9864787459373474,0.5670889019966125,0.8879445791244507,0.20886985957622528,0.9187580347061157,0.52208012342453,0.8898345232009888,0.20011509954929352,0.8017706274986267,0.5847442150115967,0.9332237243652344,0.10673854500055313,0.9814770817756653,0.5250357389450073,0.9357762336730957,0.09460852295160294,0.9771676063537598
8999.999999999985,0.5256891846656799,0.2978533208370209,-0.3766157329082489,0.9999904036521912,0.5310512185096741,0.2830769419670105,-0.3649356961250305,0.9999627470970154,0.5349875688552856,0.28297996520996094,-0.3649173378944397,0.999962329864502,0.5387036800384521,0.2830486297607422,-0.3649243712425232,0.9999597668647766,0.521728515625,0.2841545045375824,-0.36319002509117126,0.9999628663063049,0.5185939073562622,0.28471869230270386,-0.36326584219932556,0.9999650120735168,0.5156657695770264,0.28538307547569275,-0.3633180856704712,0.9999626278877258,0.5453999042510986,0.2903052866458893,-0.27220770716667175,0.9998824596405029,0.5148137807846069,0.2925443649291992,-0.26538383960723877,0.9999300241470337,0.5327298045158386,0.3134536147117615,-0.34057849645614624,0.9999859929084778,0.5216113328933716,0.31468337774276733,-0.33860522508621216,0.9999875426292419,0.5723050236701965,0.38383424282073975,-0.18614834547042847,0.9999415874481201,0.4954510033130646,0.3831333816051483,-0.20596101880073547,0.9999364018440247,0.5755317211151123,0.499612420797348,-0.1465013027191162,0.9897196888923645,0.4917451739311218,0.5031291842460632,-0.1863202452659607,0.9902902245521545,0.5544831156730652,0.5970302224159241,-0.20705465972423553,0.9762500524520874,0.5187536478042603,0.6043500304222107,-0.2440747171640396,0.9712682366371155,0.5476841330528259,0.6281833052635193,-0.2355549931526184,0.9394849538803101,0.5247172713279724,0.6325278282165527,-0.273468941450119,0.936504065990448,0.5412973165512085,0.6214871406555176,-0.25632017850875854,0.9418427348136902,0.5310379266738892,0.6253425478935242,-0.2892778217792511,0.9364474415779114,0.5415303707122803,0.610866129398346,-0.21566687524318695,0.9307180643081665,0.5305453538894653,0.6161630153656006,-0.2504290044307709,0.9226299524307251,0.5536346435546875,0.5824843645095825,0.006005154922604561,0.9997424483299255,0.5088000893592834,0.5880328416824341,-0.006150843109935522,0.9997275471687317,0.5627568364143372,0.7467349767684937,0.030458956956863403,0.9894441962242126,0.512801468372345,0.7485048770904541,0.027973731979727745,0.9894636273384094,0.5714501738548279,0.8750832676887512,0.1970204859972,0.9893350601196289,0.5189861059188843,0.8779752254486084,0.1901656985282898,0.9866101145744324,0.566624104976654,0.8879680037498474,0.20776833593845367,0.919823408126831,0.5221036076545715,0.8898108005523682,0.20163661241531372,0.8029995560646057,0.5847154855728149,0.9331498742103577,0.10601305961608887,0.9817826151847839,0.5250427722930908,0.9354795217514038,0.09642748534679413,0.9773992300033569
9033.33333333332,0.5257722735404968,0.29760798811912537,-0.37872400879859924,0.9999906420707703,0.5310633778572083,0.28286826610565186,-0.36686500906944275,0.9999638795852661,0.5349981188774109,0.2827637791633606,-0.3668465316295624,0.9999634027481079,0.5386952757835388,0.28280651569366455,-0.3668557405471802,0.9999608993530273,0.5217394232749939,0.2841167151927948,-0.3653560280799866,0.9999639391899109,0.5186097025871277,0.2847192585468292,-0.36543306708335876,0.999966025352478,0.5156668424606323,0.28542113304138184,-0.36548468470573425,0.9999637007713318,0.5451599359512329,0.29007744789123535,-0.2734658420085907,0.9998856782913208,0.5147239565849304,0.2928960621356964,-0.26725244522094727,0.9999322891235352,0.5328966379165649,0.3132152259349823,-0.34248557686805725,0.9999863505363464,0.5216237902641296,0.31455790996551514,-0.34076055884361267,0.9999879002571106,0.5721629858016968,0.3838035464286804,-0.1875748187303543,0.9999424815177917,0.4953051805496216,0.3833686113357544,-0.206647589802742,0.9999364614486694,0.575512170791626,0.49997660517692566,-0.14729851484298706,0.9896700978279114,0.49174192547798157,0.5031111240386963,-0.1868104487657547,0.9903700947761536,0.5544909238815308,0.5970865488052368,-0.2064845710992813,0.9764363169670105,0.5187451839447021,0.6043500900268555,-0.2452400028705597,0.9713971614837646,0.5476884841918945,0.6282254457473755,-0.23458823561668396,0.9400047063827515,0.5247208476066589,0.6325302124023438,-0.27472972869873047,0.9367270469665527,0.5413122177124023,0.6216228604316711,-0.25543054938316345,0.942338228225708,0.531050443649292,0.6253436803817749,-0.29050958156585693,0.9366853833198547,0.541542112827301,0.6110053062438965,-0.21512672305107117,0.9312809109687805,0.5305481553077698,0.6161836981773376,-0.25158271193504333,0.9229342341423035,0.5536574125289917,0.5824576616287231,0.005999785847961903,0.9997456669807434,0.5088794231414795,0.5880720019340515,-0.00614524818956852,0.9997289180755615,0.5626712441444397,0.7464919090270996,0.030036194249987602,0.989452600479126,0.5128127932548523,0.7483439445495605,0.02794782444834709,0.989358127117157,0.5712570548057556,0.8747120499610901,0.19642874598503113,0.9892653226852417,0.5189881920814514,0.8773312568664551,0.19011832773685455,0.986441433429718,0.5663318634033203,0.8876654505729675,0.20722685754299164,0.9198045134544373,0.5221161246299744,0.8891902565956116,0.20157496631145477,0.8020220398902893,0.584682822227478,0.9326585531234741,0.10560999810695648,0.9817188382148743,0.5250421166419983,0.9349382519721985,0.09644865244626999,0.9772126078605652
9066.666666666653,0.5260272026062012,0.29729846119880676,-0.3779619038105011,0.9999908208847046,0.5311603546142578,0.28267723321914673,-0.3655025064945221,0.9999646544456482,0.5350244045257568,0.28258851170539856,-0.36548346281051636,0.99996417760849,0.5387038588523865,0.282638818025589,-0.36549320816993713,0.9999616742134094,0.5217565298080444,0.28400716185569763,-0.36478784680366516,0.9999647736549377,0.5186321139335632,0.28467828035354614,-0.36486637592315674,0.9999668002128601,0.5156798958778381,0.2854190766811371,-0.36491718888282776,0.9999645352363586,0.5450215935707092,0.2899814546108246,-0.2709061801433563,0.9998877644538879,0.5146864652633667,0.2931237816810608,-0.2683171331882477,0.9999342560768127,0.5331165790557861,0.31302234530448914,-0.3413587212562561,0.9999865889549255,0.5216612815856934,0.31440025568008423,-0.340781569480896,0.9999881982803345,0.5720024704933167,0.38377851247787476,-0.18530352413654327,0.9999431371688843,0.4952523112297058,0.3834114968776703,-0.20752808451652527,0.9999366402626038,0.5755075812339783,0.5001998543739319,-0.14406661689281464,0.9896867275238037,0.4917233884334564,0.5029314160346985,-0.18857435882091522,0.990544319152832,0.5545021891593933,0.5971261858940125,-0.2028055340051651,0.9768020510673523,0.5187302827835083,0.6043286323547363,-0.24578601121902466,0.9717090129852295,0.5477699041366577,0.6282345652580261,-0.23072174191474915,0.9408596754074097,0.5247225761413574,0.6325259804725647,-0.2753848433494568,0.9372314810752869,0.5413917303085327,0.621712327003479,-0.2516968846321106,0.9431644678115845,0.5310615301132202,0.6253439784049988,-0.291114866733551,0.9371975064277649,0.5416108965873718,0.6110891699790955,-0.21153809130191803,0.9321934580802917,0.5305535793304443,0.6161909699440002,-0.2521348297595978,0.9235629439353943,0.5537007451057434,0.5824257135391235,0.006147984880954027,0.999747097492218,0.5089458227157593,0.5880678296089172,-0.006291897036135197,0.9997299909591675,0.5626092553138733,0.7464377880096436,0.030092628672719002,0.9894399046897888,0.5128362774848938,0.7482637763023376,0.02695268951356411,0.9892089366912842,0.5712425112724304,0.8748353123664856,0.19149422645568848,0.9891998767852783,0.5189945697784424,0.877333402633667,0.185646191239357,0.9862066507339478,0.5663341283798218,0.8877148628234863,0.20145662128925323,0.9196532964706421,0.5221192240715027,0.8891828060150146,0.19654835760593414,0.8001594543457031,0.5846888422966003,0.9327196478843689,0.09971216320991516,0.9815990924835205,0.5250237584114075,0.9348751306533813,0.09106123447418213,0.9768792986869812
9099.999999999987,0.5263567566871643,0.2968820035457611,-0.37021106481552124,0.9999908804893494,0.5314094424247742,0.282436341047287,-0.35715457797050476,0.9999650120735168,0.5351579785346985,0.2823779881000519,-0.3571374714374542,0.9999644160270691,0.53875732421875,0.2824554741382599,-0.35714372992515564,0.9999619126319885,0.5218495726585388,0.28374871611595154,-0.35735324025154114,0.9999651312828064,0.5187288522720337,0.2844693064689636,-0.35743236541748047,0.9999671578407288,0.5157114267349243,0.2852698862552643,-0.35748499631881714,0.9999648928642273,0.5449645519256592,0.2898768186569214,-0.2616506814956665,0.9998878836631775,0.5146107077598572,0.2931586503982544,-0.263844758272171,0.9999356269836426,0.533316969871521,0.3128232955932617,-0.3333469331264496,0.9999867081642151,0.5216951966285706,0.31416788697242737,-0.334135502576828,0.999988317489624,0.5718778967857361,0.3837139904499054,-0.17599673569202423,0.9999436140060425,0.4951534569263458,0.38341185450553894,-0.20694419741630554,0.9999369978904724,0.5755073428153992,0.5002250075340271,-0.13515016436576843,0.9896830320358276,0.4917026460170746,0.5026816129684448,-0.18919409811496735,0.9907556772232056,0.5545318126678467,0.5971308946609497,-0.1965019851922989,0.9772710800170898,0.5187307596206665,0.6043207049369812,-0.2456614077091217,0.9721962213516235,0.547907292842865,0.6282377243041992,-0.2246614247560501,0.9419339895248413,0.5247456431388855,0.632523238658905,-0.2750808298587799,0.9380846619606018,0.5415236353874207,0.6217966675758362,-0.24573567509651184,0.9442191123962402,0.5311083197593689,0.6253430843353271,-0.29101553559303284,0.938076376914978,0.5416944622993469,0.6111631989479065,-0.2054242491722107,0.9333680868148804,0.5305718779563904,0.6161934733390808,-0.2519878149032593,0.9246519804000854,0.5537059903144836,0.5824171900749207,0.007649736478924751,0.9997462034225464,0.5090101361274719,0.5881348848342896,-0.007785807829350233,0.9997297525405884,0.5625560879707336,0.7463454604148865,0.032565850764513016,0.9891741275787354,0.5129334330558777,0.7482917904853821,0.023297401145100594,0.9888724088668823,0.5711831450462341,0.874880313873291,0.1888471245765686,0.9889214038848877,0.5186587572097778,0.8775365948677063,0.1783260852098465,0.9856877326965332,0.5662542581558228,0.8877695798873901,0.19810421764850616,0.9189393520355225,0.5217404961585999,0.8893322944641113,0.188707634806633,0.7959225177764893,0.5847491025924683,0.932685136795044,0.09618236124515533,0.9811563491821289,0.5248119831085205,0.934815526008606,0.08199424296617508,0.9761229157447815
9133.333333333321,0.5266422629356384,0.296612411737442,-0.37106549739837646,0.9999910593032837,0.531644880771637,0.2822413444519043,-0.35796919465065,0.9999657869338989,0.5353069305419922,0.28219616413116455,-0.35795262455940247,0.9999651312828064,0.5388296842575073,0.28228598833084106,-0.35796165466308594,0.9999626278877258,0.5219303965568542,0.2834952771663666,-0.3581092655658722,0.9999659061431885,0.518810510635376,0.28421682119369507,-0.3581872582435608,0.9999679327011108,0.5157291889190674,0.2850448191165924,-0.35823819041252136,0.9999656677246094,0.544937252998352,0.28971338272094727,-0.2621748745441437,0.9998899102210999,0.5144849419593811,0.29315152764320374,-0.2642626464366913,0.9999375343322754,0.5334767699241638,0.31268325448036194,-0.33406999707221985,0.9999869465827942,0.5217174887657166,0.31400856375694275,-0.33480390906333923,0.9999886155128479,0.5718379616737366,0.38360270857810974,-0.1766388863325119,0.9999440312385559,0.49500572681427,0.38341188430786133,-0.20739002525806427,0.9999369978904724,0.575508177280426,0.5001645088195801,-0.13653798401355743,0.9897009134292603,0.49170130491256714,0.5026708245277405,-0.18994401395320892,0.9909275770187378,0.5545434951782227,0.597140908241272,-0.19856314361095428,0.9776811599731445,0.5187345743179321,0.6043147444725037,-0.246226966381073,0.9725954532623291,0.5480247735977173,0.6282477974891663,-0.22697336971759796,0.942868173122406,0.5247660279273987,0.6325348615646362,-0.27591922879219055,0.9388115406036377,0.5415744781494141,0.6219035387039185,-0.24803811311721802,0.9451211094856262,0.5311863422393799,0.6253483295440674,-0.2920422852039337,0.9388151168823242,0.5417157411575317,0.6112523674964905,-0.2074853479862213,0.934357225894928,0.5306244492530823,0.6161961555480957,-0.25259119272232056,0.9255214929580688,0.5537100434303284,0.5824048519134521,0.0077924528159201145,0.9997468590736389,0.5090214610099792,0.5881895422935486,-0.007927672006189823,0.999730110168457,0.562560498714447,0.7463486194610596,0.03252929076552391,0.9892497658729553,0.5129154324531555,0.7482938170433044,0.023512985557317734,0.9888597726821899,0.5711166262626648,0.8749757409095764,0.1887429654598236,0.988954484462738,0.5186731815338135,0.8777565360069275,0.17970691621303558,0.9856163263320923,0.566135585308075,0.8879254460334778,0.19816221296787262,0.9195750951766968,0.5217747092247009,0.8895871043205261,0.19026345014572144,0.7952547669410706,0.5847877860069275,0.9326978325843811,0.09590137749910355,0.9811998605728149,0.5247840285301208,0.9348095655441284,0.08341038972139359,0.9760028123855591
9166.666666666655,0.5268877744674683,0.29653632640838623,-0.36812716722488403,0.9999912977218628,0.5317887663841248,0.28215983510017395,-0.3549746572971344,0.9999668002128601,0.5354007482528687,0.2821100652217865,-0.3549584448337555,0.9999661445617676,0.5388695597648621,0.2821989357471466,-0.35496607422828674,0.999963641166687,0.5219691395759583,0.28338027000427246,-0.355155348777771,0.9999668598175049,0.5188493728637695,0.28409889340400696,-0.35523051023483276,0.9999688863754272,0.5157376527786255,0.28493908047676086,-0.3552777171134949,0.999966561794281,0.5448716878890991,0.2895371615886688,-0.259491890668869,0.9998931288719177,0.5143317580223083,0.29315027594566345,-0.2617129683494568,0.9999396800994873,0.533626914024353,0.31264907121658325,-0.3312455713748932,0.9999873042106628,0.5217439532279968,0.3139760196208954,-0.33202096819877625,0.9999889135360718,0.5718267560005188,0.3835563361644745,-0.17494045197963715,0.9999449849128723,0.4948607385158539,0.38341543078422546,-0.2050749659538269,0.9999370574951172,0.5756075978279114,0.4995126724243164,-0.13524603843688965,0.9898211359977722,0.4917190968990326,0.5026717185974121,-0.18852506577968597,0.991068959236145,0.5546694993972778,0.5970332026481628,-0.19765208661556244,0.9782412648200989,0.5187360048294067,0.6043273210525513,-0.24452091753482819,0.9729623198509216,0.5482665300369263,0.6281861662864685,-0.22624284029006958,0.9441253542900085,0.5247949361801147,0.6325490474700928,-0.27399158477783203,0.9394899010658264,0.5417608022689819,0.6219027638435364,-0.24710528552532196,0.9463314414024353,0.5312793850898743,0.6253486275672913,-0.29022854566574097,0.9395155906677246,0.5418676733970642,0.6112467646598816,-0.2064947783946991,0.9357238411903381,0.5306777954101562,0.6161990165710449,-0.25091418623924255,0.9263902306556702,0.5537133812904358,0.5824774503707886,0.007766080088913441,0.999748170375824,0.5090291500091553,0.5883697867393494,-0.00790129043161869,0.9997313618659973,0.562580943107605,0.746509850025177,0.03176407888531685,0.9893748164176941,0.5129386186599731,0.7484014630317688,0.023680226877331734,0.9888414740562439,0.5711149573326111,0.8750948309898376,0.18600718677043915,0.9890227913856506,0.518787145614624,0.8782641887664795,0.17859096825122833,0.985562264919281,0.5661316514015198,0.8880407810211182,0.19533759355545044,0.9201790690422058,0.5218564867973328,0.8901023864746094,0.1888786405324936,0.7947039604187012,0.5848389267921448,0.9327158331871033,0.09313706308603287,0.9812691807746887,0.524771511554718,0.9349021911621094,0.08220381289720535,0.9759188890457153
9199.999999999989,0.5271069407463074,0.2965220808982849,-0.36418265104293823,0.9999914765357971,0.5319509506225586,0.2821204364299774,-0.3510514199733734,0.9999675750732422,0.5355319380760193,0.28206953406333923,-0.3510349690914154,0.9999668598175049,0.5389332175254822,0.28216344118118286,-0.3510414958000183,0.9999644160270691,0.5220159888267517,0.2833103537559509,-0.3513909876346588,0.999967634677887,0.518905758857727,0.28402239084243774,-0.3514656722545624,0.9999696016311646,0.5157559514045715,0.2848610579967499,-0.3515126407146454,0.9999672770500183,0.5448063015937805,0.2894405424594879,-0.25562554597854614,0.9998953938484192,0.5142313838005066,0.2931484580039978,-0.258651465177536,0.9999415278434753,0.5337458848953247,0.31264635920524597,-0.32729968428611755,0.9999876022338867,0.5217786431312561,0.3139706254005432,-0.32829126715660095,0.9999892115592957,0.5717255473136902,0.3834346830844879,-0.17120839655399323,0.9999458193778992,0.49465617537498474,0.38349559903144836,-0.20309649407863617,0.9999375939369202,0.5757291316986084,0.49937307834625244,-0.13176986575126648,0.9898287653923035,0.49174222350120544,0.5027369260787964,-0.18693800270557404,0.9911878705024719,0.5546934604644775,0.5970344543457031,-0.19427993893623352,0.9786038994789124,0.5187846422195435,0.604337215423584,-0.24151863157749176,0.9732072949409485,0.5482951998710632,0.6281967759132385,-0.22292672097682953,0.9449509382247925,0.5248878598213196,0.632646381855011,-0.27053430676460266,0.939944863319397,0.5417884588241577,0.6219900846481323,-0.24356865882873535,0.9471341371536255,0.5314222574234009,0.6253843307495117,-0.28695058822631836,0.9399973750114441,0.5419028401374817,0.6113036274909973,-0.20307759940624237,0.9366195201873779,0.5308313965797424,0.6162318587303162,-0.24792249500751495,0.9270249009132385,0.5537925958633423,0.5826199054718018,0.00823146291077137,0.9997497200965881,0.5091475248336792,0.5886626839637756,-0.00836583785712719,0.9997333288192749,0.5625782012939453,0.7466319799423218,0.03149557113647461,0.9893094897270203,0.5131552815437317,0.748737633228302,0.022280726581811905,0.9886811971664429,0.5710642337799072,0.8755051493644714,0.18288132548332214,0.9889447093009949,0.5188477635383606,0.8787503242492676,0.17476113140583038,0.9853286743164062,0.5660375356674194,0.8885284066200256,0.19191406667232513,0.9203820824623108,0.5219878554344177,0.8904751539230347,0.184739351272583,0.7924080491065979,0.5849505066871643,0.932925820350647,0.08993540704250336,0.9811512231826782,0.5247728824615479,0.9349775314331055,0.07819883525371552,0.975622832775116
9233.333333333323,0.5273701548576355,0.296479731798172,-0.36700448393821716,0.9999915957450867,0.5320922136306763,0.28208473324775696,-0.35415738821029663,0.9999681115150452,0.5356518030166626,0.2820293605327606,-0.35414016246795654,0.9999673962593079,0.5389957427978516,0.2821216583251953,-0.35414835810661316,0.9999649524688721,0.5220986008644104,0.2832554280757904,-0.354160338640213,0.9999682307243347,0.5190405249595642,0.28396379947662354,-0.3542366325855255,0.9999701976776123,0.5158694386482239,0.28480973839759827,-0.35428497195243835,0.9999679327011108,0.5447587370872498,0.28929224610328674,-0.2592025101184845,0.9998971819877625,0.5142214894294739,0.29315322637557983,-0.26031050086021423,0.9999431371688843,0.5339090824127197,0.31260207295417786,-0.3302161991596222,0.999987781047821,0.5219119787216187,0.3139176368713379,-0.3307598829269409,0.99998939037323,0.5717490911483765,0.3832877576351166,-0.17403335869312286,0.999946117401123,0.49464210867881775,0.38349711894989014,-0.20317886769771576,0.9999378323554993,0.5760782957077026,0.4989352822303772,-0.13418054580688477,0.989814043045044,0.4917687773704529,0.5027306079864502,-0.18733805418014526,0.9913284778594971,0.5549378991127014,0.5969388484954834,-0.195425882935524,0.978726863861084,0.5188478231430054,0.604371964931488,-0.24238085746765137,0.9734740257263184,0.5484105944633484,0.628144383430481,-0.22381238639354706,0.9452027678489685,0.5250483751296997,0.6327587962150574,-0.27139392495155334,0.9403688311576843,0.5420006513595581,0.6219545006752014,-0.24441491067409515,0.947378933429718,0.5316256284713745,0.6253839731216431,-0.2877062261104584,0.9404450058937073,0.5421812534332275,0.6112821698188782,-0.2041591852903366,0.936907172203064,0.5310178399085999,0.6162347197532654,-0.2487531304359436,0.9276135563850403,0.5539795160293579,0.5823970437049866,0.008245399221777916,0.9997492432594299,0.5092747807502747,0.5886110067367554,-0.008380308747291565,0.9997328519821167,0.5625826716423035,0.7466482520103455,0.03091881424188614,0.9891390800476074,0.5132080912590027,0.7486204504966736,0.022311091423034668,0.9883829951286316,0.5709036588668823,0.8758886456489563,0.1804349720478058,0.988736629486084,0.5188665986061096,0.8787463903427124,0.17359194159507751,0.9849087595939636,0.5657705664634705,0.8888739943504333,0.18937358260154724,0.9196199178695679,0.5220659375190735,0.8905155658721924,0.18352289497852325,0.7889871597290039,0.5849113464355469,0.933025062084198,0.08760707825422287,0.9807969927787781,0.5247728228569031,0.9349772334098816,0.07761944830417633,0.975037693977356
9266.666666666657,0.5274410843849182,0.29610124230384827,-0.36094123125076294,0.9999915361404419,0.532110333442688,0.2818969488143921,-0.3481592535972595,0.9999680519104004,0.5356643199920654,0.2818295657634735,-0.3481445014476776,0.9999672770500183,0.5390011072158813,0.2819046080112457,-0.3481534719467163,0.9999648332595825,0.5221070051193237,0.2830406427383423,-0.34807759523391724,0.9999681711196899,0.5190828442573547,0.2837188243865967,-0.34815242886543274,0.9999701976776123,0.5158907175064087,0.28456777334213257,-0.3482040762901306,0.9999679327011108,0.5447133183479309,0.2888382375240326,-0.2542630732059479,0.9998965859413147,0.514215886592865,0.29310423135757446,-0.25506699085235596,0.9999434947967529,0.5339696407318115,0.3122783899307251,-0.3246264159679413,0.999987781047821,0.5219609141349792,0.3136286735534668,-0.32500284910202026,0.99998939037323,0.5720039010047913,0.38318800926208496,-0.1694539189338684,0.9999459385871887,0.49464842677116394,0.3833498954772949,-0.20067842304706573,0.9999376535415649,0.5766952037811279,0.4977138936519623,-0.13008266687393188,0.9897775053977966,0.49179068207740784,0.5025935769081116,-0.1853782832622528,0.9914156794548035,0.5562576651573181,0.5954121351242065,-0.1928303986787796,0.9789382219314575,0.5188546180725098,0.6041616797447205,-0.24092823266983032,0.9736951589584351,0.5492774844169617,0.6275208592414856,-0.2214329093694687,0.9457617998123169,0.5252190232276917,0.6327596306800842,-0.27008160948753357,0.9407600164413452,0.5429881811141968,0.6208356022834778,-0.2422068566083908,0.9479376077651978,0.5318777561187744,0.624969482421875,-0.28656262159347534,0.9408472180366516,0.5431749820709229,0.610119104385376,-0.20169764757156372,0.9374859929084778,0.531189501285553,0.6158978939056396,-0.24740318953990936,0.9281200170516968,0.5541817545890808,0.5819767713546753,0.008290723897516727,0.9997473359107971,0.5094463229179382,0.5883158445358276,-0.008424739353358746,0.9997308850288391,0.562584638595581,0.746574342250824,0.027952255681157112,0.9890063405036926,0.5132378935813904,0.7483465075492859,0.02021988481283188,0.9880951642990112,0.5708784461021423,0.8761215209960938,0.17508085072040558,0.9885803461074829,0.5188687443733215,0.8787557482719421,0.16915185749530792,0.9845216274261475,0.5657652020454407,0.8890470862388611,0.18375781178474426,0.9188645482063293,0.522079348564148,0.8905702233314514,0.17879411578178406,0.785486102104187,0.5849077701568604,0.9331569075584412,0.08106902986764908,0.9805015921592712,0.5247623920440674,0.9349828362464905,0.07237064838409424,0.9744961261749268
9299.99999999999,0.5274658799171448,0.29556137323379517,-0.3468409776687622,0.999991238117218,0.5321155190467834,0.28166213631629944,-0.33416280150413513,0.999967098236084,0.5356709957122803,0.28156715631484985,-0.33415111899375916,0.9999662041664124,0.5390084385871887,0.2816123962402344,-0.33415699005126953,0.999963641166687,0.5221181511878967,0.28284651041030884,-0.33384111523628235,0.999967098236084,0.5190950632095337,0.2835204005241394,-0.33390769362449646,0.9999692440032959,0.515897810459137,0.28440049290657043,-0.33396294713020325,0.9999668598175049,0.5446674823760986,0.2883518934249878,-0.24144768714904785,0.9998934268951416,0.5142203569412231,0.29307419061660767,-0.2410246878862381,0.9999421238899231,0.5340360999107361,0.3117821514606476,-0.31103721261024475,0.9999876022338867,0.5220128893852234,0.31325602531433105,-0.31102269887924194,0.9999892115592957,0.5723602175712585,0.3829345405101776,-0.15705876052379608,0.9999457597732544,0.49480828642845154,0.3831692039966583,-0.18956242501735687,0.9999368190765381,0.5774698853492737,0.49579834938049316,-0.11766160279512405,0.9897084832191467,0.4918203353881836,0.5023624300956726,-0.17503461241722107,0.9913431406021118,0.5581532120704651,0.5921714901924133,-0.18305274844169617,0.9791752696037292,0.5189103484153748,0.6028094291687012,-0.23243187367916107,0.9736226797103882,0.5501443147659302,0.6248789429664612,-0.21192245185375214,0.9464251399040222,0.5255808234214783,0.6321404576301575,-0.261559396982193,0.9406738877296448,0.5439255833625793,0.6172073483467102,-0.23228780925273895,0.9485900402069092,0.5322821736335754,0.623798131942749,-0.2784465551376343,0.9407399296760559,0.5442628860473633,0.6068211793899536,-0.19183500111103058,0.9381186962127686,0.5315461754798889,0.6147865056991577,-0.2391182780265808,0.9279797077178955,0.5543528199195862,0.5814757347106934,0.008955917321145535,0.9997448921203613,0.509666383266449,0.588074266910553,-0.009088262915611267,0.9997263550758362,0.5626542568206787,0.7461062669754028,0.02183256857097149,0.9889369010925293,0.5133215188980103,0.7483338117599487,0.014610649086534977,0.987946093082428,0.5708035826683044,0.8762995004653931,0.16916905343532562,0.9885130524635315,0.5188655853271484,0.8790806531906128,0.16214774549007416,0.9843247532844543,0.565629780292511,0.8891786932945251,0.17775267362594604,0.918459951877594,0.5220938920974731,0.8906345367431641,0.17152899503707886,0.7831278443336487,0.5849107503890991,0.9334681034088135,0.07373668998479843,0.9803792834281921,0.5247666835784912,0.9350975751876831,0.06381364166736603,0.9743072986602783
9333.333333333325,0.5274505615234375,0.2949351966381073,-0.34467267990112305,0.999990701675415,0.532062828540802,0.28137582540512085,-0.3322444558143616,0.9999651908874512,0.5356132984161377,0.2812477648258209,-0.33223268389701843,0.9999642968177795,0.5389673709869385,0.2812550961971283,-0.3322429358959198,0.9999616742134094,0.5221198201179504,0.28263765573501587,-0.33158302307128906,0.9999651312828064,0.5191079378128052,0.28331810235977173,-0.3316497802734375,0.9999675154685974,0.515910804271698,0.2842384874820709,-0.3317011594772339,0.9999649524688721,0.5446335673332214,0.28791937232017517,-0.24211207032203674,0.9998875260353088,0.5142567157745361,0.29304933547973633,-0.24021728336811066,0.9999387860298157,0.5340426564216614,0.3111860156059265,-0.3100059926509857,0.9999869465827942,0.5220273733139038,0.31280913949012756,-0.3095613718032837,0.9999885559082031,0.5729081034660339,0.3827230632305145,-0.1604810655117035,0.9999439120292664,0.4949253499507904,0.38318291306495667,-0.1883287876844406,0.9999337196350098,0.5786562561988831,0.4939616918563843,-0.12259692698717117,0.9896988868713379,0.4918356239795685,0.5023224353790283,-0.17297060787677765,0.9911408424377441,0.5598711371421814,0.588654100894928,-0.18474842607975006,0.9792389273643494,0.518966555595398,0.6023985743522644,-0.22807618975639343,0.9731281399726868,0.5505742430686951,0.62129145860672,-0.21283182501792908,0.9465788006782532,0.5257634520530701,0.6319145560264587,-0.25647446513175964,0.9397873878479004,0.5448785424232483,0.6124343872070312,-0.2325516790151596,0.9487440586090088,0.5324792265892029,0.6230816841125488,-0.2726169526576996,0.9398190379142761,0.5453633666038513,0.6028359532356262,-0.19313453137874603,0.9381993412971497,0.5317046642303467,0.6141221523284912,-0.23451881110668182,0.9269270300865173,0.5546947717666626,0.5800803303718567,0.008749100379645824,0.9997366666793823,0.5099422931671143,0.5873140692710876,-0.008879556320607662,0.99971604347229,0.5626354217529297,0.7448183298110962,0.019604450091719627,0.9889078736305237,0.5135127305984497,0.7480248212814331,0.01499879639595747,0.9877946972846985,0.5707926154136658,0.8767051696777344,0.15515819191932678,0.988482654094696,0.518909752368927,0.8792180418968201,0.15533000230789185,0.9841518998146057,0.5656382441520691,0.8895022869110107,0.16243229806423187,0.917637825012207,0.5222653150558472,0.8907608985900879,0.16386325657367706,0.7806481122970581,0.5848749876022339,0.933647632598877,0.059360988438129425,0.9801818132400513,0.5246508717536926,0.935112714767456,0.05856654420495033,0.9739970564842224
9366.666666666659,0.5273758769035339,0.29412198066711426,-0.3328454792499542,0.9999904632568359,0.5319242477416992,0.28095775842666626,-0.3206215798854828,0.9999645948410034,0.5354726910591125,0.2807665765285492,-0.3206121623516083,0.999963641166687,0.5388631820678711,0.280705988407135,-0.320627897977829,0.9999610781669617,0.5220916271209717,0.2824093699455261,-0.3195847272872925,0.9999644756317139,0.5191088914871216,0.2831314504146576,-0.31964293122291565,0.9999669194221497,0.5159140229225159,0.2841220796108246,-0.31968504190444946,0.9999642968177795,0.5446031093597412,0.2874033451080322,-0.23290200531482697,0.999886155128479,0.5142853260040283,0.29304879903793335,-0.2292517125606537,0.9999374151229858,0.5340500473976135,0.3104514479637146,-0.29919007420539856,0.9999867081642151,0.5220377445220947,0.31230998039245605,-0.2982361912727356,0.9999882578849792,0.5730918645858765,0.38238370418548584,-0.15375098586082458,0.9999432563781738,0.4952068626880646,0.3832036256790161,-0.1757296919822693,0.9999310374259949,0.5801466107368469,0.49122223258018494,-0.11404015123844147,0.9898098707199097,0.4916161000728607,0.5015702247619629,-0.1576223522424698,0.9907655715942383,0.5634413361549377,0.5818381309509277,-0.17383421957492828,0.9796021580696106,0.5184112191200256,0.5996952056884766,-0.21501049399375916,0.9723876118659973,0.5542927384376526,0.6108612418174744,-0.20058855414390564,0.9474306702613831,0.5254243016242981,0.6295368075370789,-0.24276961386203766,0.9385378956794739,0.5485908389091492,0.6019958853721619,-0.22075912356376648,0.9495749473571777,0.5322769284248352,0.6195520162582397,-0.2589115798473358,0.9384984970092773,0.5492472052574158,0.5935412645339966,-0.18218562006950378,0.939009964466095,0.5313193202018738,0.6104422211647034,-0.2215716540813446,0.9253373742103577,0.555090069770813,0.577961266040802,0.008244623430073261,0.9997289180755615,0.5101189613342285,0.5855843424797058,-0.008373940363526344,0.9997060298919678,0.5626360774040222,0.7436200976371765,0.013744721189141273,0.9889559745788574,0.5136532783508301,0.7477964162826538,0.011488363146781921,0.9878534078598022,0.5707582831382751,0.8768539428710938,0.14170785248279572,0.988534688949585,0.5189264416694641,0.8793465495109558,0.1432860791683197,0.9843029379844666,0.5656278133392334,0.88966965675354,0.14820241928100586,0.9173038601875305,0.5223194360733032,0.8910636901855469,0.15091539919376373,0.7811813950538635,0.5847968459129333,0.9336718320846558,0.04558877646923065,0.98008131980896,0.5245009064674377,0.9351296424865723,0.04617266729474068,0.9740871787071228
9399.999999999993,0.5274293422698975,0.2934545874595642,-0.3303360342979431,0.9999902248382568,0.5319332480430603,0.28057363629341125,-0.31749585270881653,0.9999640583992004,0.5354751944541931,0.28034693002700806,-0.31748881936073303,0.999963104724884,0.5388659238815308,0.2802411913871765,-0.3175056278705597,0.9999605417251587,0.5221196413040161,0.2821274995803833,-0.31711533665657043,0.9999639391899109,0.5191771984100342,0.28288352489471436,-0.31717270612716675,0.9999664425849915,0.5159931778907776,0.2839227318763733,-0.3172115981578827,0.9999637603759766,0.5446010231971741,0.28685417771339417,-0.22807298600673676,0.9998850226402283,0.5143699049949646,0.2930256128311157,-0.22725945711135864,0.9999366998672485,0.5342348217964172,0.30985933542251587,-0.2961028516292572,0.9999864101409912,0.5221889019012451,0.3118613064289093,-0.2959798574447632,0.9999879598617554,0.5732753276824951,0.3820321261882782,-0.14839105308055878,0.9999418258666992,0.4955078661441803,0.38330981135368347,-0.17329619824886322,0.9999273419380188,0.5810534954071045,0.49011874198913574,-0.10708186775445938,0.9898020625114441,0.49124863743782043,0.5012965202331543,-0.15432733297348022,0.990464448928833,0.5650299191474915,0.5779751539230347,-0.1679116040468216,0.9796158075332642,0.5181030631065369,0.5977911353111267,-0.21149370074272156,0.9715431928634644,0.5560078024864197,0.6053740978240967,-0.19440555572509766,0.9474523663520813,0.525425136089325,0.6253817081451416,-0.23911860585212708,0.9370161890983582,0.5505152940750122,0.5969529151916504,-0.21435675024986267,0.9496141076087952,0.5322759747505188,0.6149390935897827,-0.2548295259475708,0.9369240403175354,0.5512861013412476,0.5889211297035217,-0.1762431561946869,0.9389274716377258,0.5312402844429016,0.6067389249801636,-0.21780459582805634,0.9233891367912292,0.5553075671195984,0.5775992274284363,0.00823153741657734,0.9997196197509766,0.5101552605628967,0.5845553874969482,-0.008361132815480232,0.9996941089630127,0.562670111656189,0.7436671257019043,0.014379776082932949,0.9890592098236084,0.5137077569961548,0.7476097345352173,0.01029135100543499,0.987983763217926,0.5708102583885193,0.877414882183075,0.14736774563789368,0.9886851906776428,0.5189418792724609,0.8793953061103821,0.14518429338932037,0.9845082759857178,0.5656656622886658,0.8901007175445557,0.1543729305267334,0.9173949360847473,0.5223650932312012,0.8912104368209839,0.1531752049922943,0.7815410494804382,0.5847968459129333,0.9336962103843689,0.051012374460697174,0.9801452159881592,0.5244742631912231,0.9351117610931396,0.04711109399795532,0.9742662906646729
9433.333333333327,0.5276772379875183,0.29281505942344666,-0.33478212356567383,0.9999898672103882,0.5320476293563843,0.2802194356918335,-0.32134005427360535,0.9999634027481079,0.5355595946311951,0.27999958395957947,-0.3213362693786621,0.9999624490737915,0.5389280319213867,0.27986693382263184,-0.3213563561439514,0.9999598264694214,0.522235095500946,0.28179821372032166,-0.32144561409950256,0.9999632239341736,0.5193448662757874,0.2825879156589508,-0.32150372862815857,0.9999657869338989,0.5161818265914917,0.28365403413772583,-0.32154327630996704,0.999963104724884,0.5446016788482666,0.28642791509628296,-0.22822318971157074,0.9998834729194641,0.5143994092941284,0.29300156235694885,-0.22951292991638184,0.9999358654022217,0.5345866680145264,0.30935347080230713,-0.299187570810318,0.9999861121177673,0.52242511510849,0.31139108538627625,-0.2996346354484558,0.9999876618385315,0.573407769203186,0.38155725598335266,-0.14505581557750702,0.9999406337738037,0.49558523297309875,0.3834609389305115,-0.17459440231323242,0.9999232888221741,0.5820410847663879,0.4886195957660675,-0.10299237817525864,0.9895290732383728,0.4908359944820404,0.5012176036834717,-0.15625135600566864,0.9901719689369202,0.5661792755126953,0.5736757516860962,-0.1706339716911316,0.9790566563606262,0.5175772905349731,0.5968980193138123,-0.21711450815200806,0.970334529876709,0.5581002831459045,0.5996259450912476,-0.1982242316007614,0.9462931752204895,0.5254161357879639,0.6230573058128357,-0.2459401935338974,0.934808611869812,0.5528869032859802,0.5912593007087708,-0.21895670890808105,0.9485522508621216,0.5322492718696594,0.6125401854515076,-0.2620590925216675,0.9347084164619446,0.5535504221916199,0.5832617878913879,-0.17958369851112366,0.9374753832817078,0.5310655832290649,0.605007529258728,-0.22369422018527985,0.9205610752105713,0.5554397106170654,0.5775645971298218,0.008546654134988785,0.999714732170105,0.5101561546325684,0.5844481587409973,-0.008678399957716465,0.999684751033783,0.5632023215293884,0.7437441945075989,0.013785467483103275,0.9892879128456116,0.5137593150138855,0.7479828000068665,0.009523164480924606,0.9881789088249207,0.5709458589553833,0.8782148957252502,0.15399415791034698,0.9889489412307739,0.5189456343650818,0.8803822994232178,0.15144778788089752,0.9847897887229919,0.565729022026062,0.8909085988998413,0.16132304072380066,0.9176599979400635,0.5225787162780762,0.8917723298072815,0.16006214916706085,0.7818256616592407,0.5849438309669495,0.9340346455574036,0.05904011428356171,0.9804627895355225,0.5243945717811584,0.9353615641593933,0.05322647839784622,0.9746435284614563
9466.66666666666,0.5278388857841492,0.29250478744506836,-0.3379562199115753,0.9999896883964539,0.5321344137191772,0.2800387144088745,-0.32566550374031067,0.9999631643295288,0.5356267690658569,0.279828816652298,-0.325658917427063,0.9999622702598572,0.5389766097068787,0.27969038486480713,-0.32566598057746887,0.9999596476554871,0.5223448872566223,0.2815985381603241,-0.3246944844722748,0.9999629855155945,0.5195040106773376,0.28240931034088135,-0.32476016879081726,0.9999656677246094,0.5163717269897461,0.2834887206554413,-0.3248186409473419,0.9999629855155945,0.5446027517318726,0.2862040400505066,-0.23403893411159515,0.9998829960823059,0.5144380927085876,0.2929823696613312,-0.23251865804195404,0.9999357461929321,0.5347716808319092,0.309102326631546,-0.3032655119895935,0.9999858736991882,0.5225885510444641,0.31113409996032715,-0.30243173241615295,0.9999874234199524,0.5734542012214661,0.38149505853652954,-0.15036895871162415,0.9999392628669739,0.4955911934375763,0.38363322615623474,-0.17916454374790192,0.9999195337295532,0.5830445885658264,0.4875008463859558,-0.10812915116548538,0.9892993569374084,0.49035513401031494,0.5011179447174072,-0.1613936424255371,0.989858090877533,0.5669097304344177,0.5719873905181885,-0.17450514435768127,0.9781989455223083,0.516726553440094,0.595732569694519,-0.22061704099178314,0.9688005447387695,0.5592517256736755,0.5973557829856873,-0.20200015604496002,0.9442842602729797,0.5252723097801208,0.6213070750236511,-0.24935200810432434,0.9319384694099426,0.5540673136711121,0.5894200205802917,-0.2225695699453354,0.9466648101806641,0.5320125222206116,0.6110784411430359,-0.26555120944976807,0.9318246841430664,0.5547091364860535,0.5812625288963318,-0.18334554135799408,0.9350478053092957,0.5305850505828857,0.6038197875022888,-0.22714956104755402,0.9168733954429626,0.5554885864257812,0.5772204995155334,0.008907169103622437,0.9997134804725647,0.51011723279953,0.5838373899459839,-0.009048253297805786,0.9996801018714905,0.5636332631111145,0.7440820336341858,0.014138909988105297,0.9895545840263367,0.5138872265815735,0.748026430606842,0.01016432885080576,0.9884151220321655,0.5710698366165161,0.8789494633674622,0.1571836918592453,0.9892902970314026,0.5187573432922363,0.8804223537445068,0.15310846269130707,0.9851919412612915,0.5657382607460022,0.8919472098350525,0.1646810919046402,0.9182360172271729,0.5224939584732056,0.8917865753173828,0.16227151453495026,0.7829070687294006,0.585241436958313,0.9343079924583435,0.06184560805559158,0.9809188842773438,0.5242096185684204,0.9353624582290649,0.05625522509217262,0.9752034544944763
9499.999999999995,0.5279142260551453,0.2924107015132904,-0.3474116623401642,0.9999895095825195,0.5321616530418396,0.27995550632476807,-0.33416905999183655,0.9999629855155945,0.5356447696685791,0.2797425091266632,-0.3341527283191681,0.9999621510505676,0.5389876961708069,0.27959465980529785,-0.33417850732803345,0.9999595284461975,0.5223926305770874,0.28150758147239685,-0.3345946967601776,0.9999629855155945,0.5195830464363098,0.2823295295238495,-0.33466529846191406,0.9999657869338989,0.51646488904953,0.283418744802475,-0.3347015678882599,0.9999631643295288,0.5446012020111084,0.28605541586875916,-0.23976631462574005,0.9998827576637268,0.5144449472427368,0.2929762005805969,-0.24324683845043182,0.9999362230300903,0.5348402261734009,0.308996319770813,-0.31139764189720154,0.9999855756759644,0.5226671099662781,0.31103482842445374,-0.3123124837875366,0.9999872446060181,0.5735099911689758,0.3814601004123688,-0.1515154391527176,0.9999358654022217,0.49560245871543884,0.3838883638381958,-0.18432290852069855,0.9999160766601562,0.5838075280189514,0.4871063828468323,-0.11125719547271729,0.9889507293701172,0.4898185729980469,0.5010995268821716,-0.16317227482795715,0.9896275997161865,0.5678279399871826,0.5722195506095886,-0.17614950239658356,0.9765172600746155,0.5162848234176636,0.5945225358009338,-0.22233889997005463,0.9671193361282349,0.5596387386322021,0.5980214476585388,-0.20302744209766388,0.9403550028800964,0.5252175331115723,0.6196126341819763,-0.25118011236190796,0.9286556243896484,0.5548046231269836,0.5906416773796082,-0.22343070805072784,0.9429298043251038,0.5317952036857605,0.6095097064971924,-0.2673168480396271,0.9285343885421753,0.5558544993400574,0.5821834206581116,-0.18490347266197205,0.9306133985519409,0.5301617383956909,0.6023696064949036,-0.22888043522834778,0.9127652645111084,0.5558732151985168,0.5767260789871216,0.009173432365059853,0.999707043170929,0.5101894736289978,0.5825193524360657,-0.009322498925030231,0.9996734857559204,0.5638749003410339,0.7444865107536316,0.014118095859885216,0.9897234439849854,0.5141329169273376,0.7479495406150818,0.009616594761610031,0.9886124730110168,0.5711182951927185,0.8793767690658569,0.1590920090675354,0.9895563721656799,0.5186002254486084,0.8805815577507019,0.1551263928413391,0.9855527877807617,0.5657431483268738,0.8922880291938782,0.1670139729976654,0.918426513671875,0.5223631858825684,0.8919436931610107,0.16426482796669006,0.7833185791969299,0.585365891456604,0.9345751404762268,0.06136389821767807,0.9812566041946411,0.5240315794944763,0.9353948831558228,0.05521530285477638,0.975644588470459
9533.333333333328,0.5279713273048401,0.29217708110809326,-0.3664155602455139,0.9999896287918091,0.5321775674819946,0.2797476053237915,-0.3526030480861664,0.999963641166687,0.5356534719467163,0.27952128648757935,-0.3525824248790741,0.9999628067016602,0.5389940738677979,0.2793435752391815,-0.35261377692222595,0.9999602437019348,0.5224205851554871,0.28132015466690063,-0.3535325229167938,0.9999638199806213,0.5196273922920227,0.28215038776397705,-0.35361260175704956,0.9999667406082153,0.5165137052536011,0.28324225544929504,-0.3536459803581238,0.9999643564224243,0.5445996522903442,0.28580933809280396,-0.2554127871990204,0.999884307384491,0.5144472718238831,0.29293709993362427,-0.26073557138442993,0.9999381303787231,0.5349257588386536,0.30882126092910767,-0.3292081952095032,0.9999855756759644,0.5227344036102295,0.3108609914779663,-0.3308315575122833,0.9999873638153076,0.5735958218574524,0.3815135955810547,-0.1631944626569748,0.9999312162399292,0.49560651183128357,0.38412195444107056,-0.20091310143470764,0.9999136924743652,0.5837969183921814,0.4873097836971283,-0.11906453967094421,0.9882951974868774,0.48945239186286926,0.5011103749275208,-0.18121162056922913,0.9896240830421448,0.5683709979057312,0.5734073519706726,-0.18522413074970245,0.9739599823951721,0.5163094401359558,0.5937689542770386,-0.2400001436471939,0.9659661650657654,0.5602702498435974,0.5997998714447021,-0.21113897860050201,0.9346781969070435,0.5252596735954285,0.6185451745986938,-0.2694533169269562,0.9262559413909912,0.555661141872406,0.5927707552909851,-0.23240089416503906,0.9375664591789246,0.5318533182144165,0.6078820824623108,-0.28411737084388733,0.9261344075202942,0.5569571256637573,0.5840891003608704,-0.19449593126773834,0.924437403678894,0.5301715135574341,0.6007499098777771,-0.24594558775424957,0.9095118641853333,0.5561749339103699,0.5764679312705994,0.009590581059455872,0.9997060894966125,0.5102417469024658,0.5817700624465942,-0.009743962436914444,0.9996753334999084,0.5640608072280884,0.7446203827857971,0.0148725975304842,0.9898810982704163,0.5143799185752869,0.7477242946624756,0.01022370345890522,0.9889690279960632,0.57145756483078,0.8793383836746216,0.16732075810432434,0.9898529052734375,0.5184945464134216,0.8808858394622803,0.15998686850070953,0.9861615896224976,0.5658901333808899,0.8922661542892456,0.17661459743976593,0.9192161560058594,0.5218660831451416,0.892419695854187,0.169596329331398,0.7868160009384155,0.5857263207435608,0.9345780611038208,0.06833453476428986,0.9817629456520081,0.5241566300392151,0.9356775283813477,0.05554123595356941,0.9764991402626038
9566.666666666662,0.5279855132102966,0.29197266697883606,-0.38194534182548523,0.9999896883964539,0.5321800708770752,0.27954012155532837,-0.3679511249065399,0.9999642372131348,0.5356574654579163,0.2793082594871521,-0.3679295480251312,0.9999633431434631,0.538998007774353,0.2791158854961395,-0.3679647743701935,0.9999607801437378,0.5224252343177795,0.28111010789871216,-0.36872565746307373,0.9999645948410034,0.5196344256401062,0.2819282114505768,-0.36880940198898315,0.999967634677887,0.516522228717804,0.2829960882663727,-0.3688492774963379,0.999965488910675,0.544597864151001,0.2856563329696655,-0.2686964273452759,0.999885618686676,0.5144326686859131,0.29283571243286133,-0.2729969918727875,0.9999400973320007,0.5349569916725159,0.3086877465248108,-0.3438066840171814,0.9999855756759644,0.5227468609809875,0.31069743633270264,-0.345194548368454,0.9999875426292419,0.573726236820221,0.381578266620636,-0.17328643798828125,0.9999264478683472,0.49560731649398804,0.38423046469688416,-0.21113601326942444,0.9999125003814697,0.5836896300315857,0.4874984323978424,-0.1269984096288681,0.9875178933143616,0.48915231227874756,0.50106281042099,-0.19272752106189728,0.9896606206893921,0.5689730048179626,0.5743587613105774,-0.19570840895175934,0.9709330797195435,0.5163328051567078,0.5920241475105286,-0.2547394037246704,0.9653141498565674,0.5614120960235596,0.6010941863059998,-0.22250238060951233,0.9284391403198242,0.5256321430206299,0.6163762211799622,-0.28536856174468994,0.9248836040496826,0.5567198991775513,0.5940654277801514,-0.2451838105916977,0.9316293597221375,0.5324481725692749,0.6054340600967407,-0.3006208837032318,0.9247430562973022,0.55813068151474,0.5852872133255005,-0.2056775689125061,0.9176763892173767,0.5305637717247009,0.5981091856956482,-0.2609529495239258,0.907295823097229,0.5566328167915344,0.5761800408363342,0.009649667888879776,0.9997063875198364,0.5103848576545715,0.5813435316085815,-0.009804143570363522,0.999678373336792,0.5644742846488953,0.7447800040245056,0.0144346933811903,0.9901338815689087,0.5146462917327881,0.7478827238082886,0.010607418604195118,0.9893184304237366,0.5715678334236145,0.8799696564674377,0.17356634140014648,0.9901657104492188,0.5184963345527649,0.8822029232978821,0.1673872321844101,0.9867294430732727,0.5659626722335815,0.8928179144859314,0.18357303738594055,0.9199584126472473,0.5218719244003296,0.8938500881195068,0.17756111919879913,0.7903298735618591,0.5857241153717041,0.9353655576705933,0.07279346883296967,0.9822641611099243,0.524176836013794,0.9366463422775269,0.061462439596652985,0.977301836013794
9599.999999999996,0.5279869437217712,0.2917061448097229,-0.38449928164482117,0.9999897480010986,0.5321871042251587,0.27932009100914,-0.3702786862850189,0.9999648332595825,0.5356637835502625,0.2791198790073395,-0.3702612817287445,0.9999638795852661,0.5390031933784485,0.278950035572052,-0.3702984154224396,0.9999613165855408,0.5224312543869019,0.28078505396842957,-0.37112265825271606,0.9999653697013855,0.5196407437324524,0.28151360154151917,-0.3712077736854553,0.9999684691429138,0.5165240168571472,0.28246062994003296,-0.3712468147277832,0.999966561794281,0.5445880889892578,0.2855711281299591,-0.2707884907722473,0.9998866319656372,0.5142878890037537,0.29244452714920044,-0.2753632664680481,0.9999420046806335,0.5349602103233337,0.30854931473731995,-0.34640637040138245,0.9999854564666748,0.5227510929107666,0.31040987372398376,-0.34789666533470154,0.9999876618385315,0.5737261176109314,0.3816341161727905,-0.17596100270748138,0.9999200701713562,0.49553173780441284,0.3842575252056122,-0.21336668729782104,0.9999110102653503,0.5835582613945007,0.487652987241745,-0.13099811971187592,0.986628532409668,0.4889459013938904,0.5010549426078796,-0.19529621303081512,0.9895730018615723,0.5703046917915344,0.5749684572219849,-0.20071454346179962,0.9669822454452515,0.5168215036392212,0.5909215211868286,-0.2583647072315216,0.9640859365463257,0.5638148784637451,0.6011311411857605,-0.22763580083847046,0.9203751087188721,0.5267306566238403,0.6146697998046875,-0.28905370831489563,0.9225360751152039,0.5597435235977173,0.5944933891296387,-0.2503833472728729,0.9239850044250488,0.5335988998413086,0.6036616563796997,-0.3048655688762665,0.922416627407074,0.5607029795646667,0.5859227776527405,-0.21085821092128754,0.9091576933860779,0.5315164923667908,0.5962356328964233,-0.26487046480178833,0.9040219783782959,0.556797981262207,0.5753991007804871,0.00969233550131321,0.9997043013572693,0.5104607343673706,0.5801398158073425,-0.009845484048128128,0.99968022108078,0.5646206736564636,0.7442660927772522,0.01472580898553133,0.9903379678726196,0.5151981115341187,0.7476815581321716,0.010890095494687557,0.9896689057350159,0.5718424320220947,0.8799120187759399,0.17436179518699646,0.9904537796974182,0.5184184312820435,0.8823025226593018,0.1688677966594696,0.9872854351997375,0.5664036870002747,0.8928034901618958,0.18415483832359314,0.9208279848098755,0.5217729210853577,0.893888533115387,0.1789015829563141,0.7942354679107666,0.5857818126678467,0.935339093208313,0.07319539040327072,0.9827223420143127,0.5241822004318237,0.9370512962341309,0.062753826379776,0.9780433177947998
9633.33333333333,0.5279875993728638,0.2909660339355469,-0.37695959210395813,0.9999898076057434,0.5321954488754272,0.27862685918807983,-0.36386024951934814,0.9999651908874512,0.5356735587120056,0.278488427400589,-0.36384615302085876,0.99996417760849,0.539017915725708,0.27837416529655457,-0.36386874318122864,0.9999616146087646,0.522430956363678,0.2800748646259308,-0.3639456629753113,0.9999658465385437,0.5196366906166077,0.28076183795928955,-0.3640275299549103,0.9999690651893616,0.5164724588394165,0.28168031573295593,-0.36407700181007385,0.9999672770500183,0.5445815920829773,0.28533294796943665,-0.270334392786026,0.999887228012085,0.5139120817184448,0.29206719994544983,-0.2704116404056549,0.9999433755874634,0.5349630117416382,0.3082123100757599,-0.3401718735694885,0.9999853372573853,0.5227089524269104,0.31001177430152893,-0.3408569395542145,0.9999876618385315,0.5737194418907166,0.38177403807640076,-0.17142635583877563,0.9999138712882996,0.4953358769416809,0.38430485129356384,-0.21034292876720428,0.9999089241027832,0.5834551453590393,0.4878247380256653,-0.12319310754537582,0.9851627945899963,0.48877471685409546,0.5010544061660767,-0.19458742439746857,0.9892027378082275,0.5711263418197632,0.5753839015960693,-0.19608213007450104,0.9612866044044495,0.5173335671424866,0.5896206498146057,-0.2521194517612457,0.9620531797409058,0.5640208721160889,0.6003639101982117,-0.22235096991062164,0.9101225733757019,0.5278829336166382,0.6122986078262329,-0.28182315826416016,0.919009804725647,0.5603253841400146,0.5940135717391968,-0.24731966853141785,0.914260983467102,0.5345242619514465,0.601303219795227,-0.2975538969039917,0.9189305305480957,0.5616065859794617,0.5859377384185791,-0.20802649855613708,0.8984870910644531,0.532355785369873,0.5939522385597229,-0.258416086435318,0.8993991017341614,0.5569935441017151,0.5754203796386719,0.009714698418974876,0.9997045397758484,0.5106089115142822,0.5801326036453247,-0.009869378991425037,0.9996812343597412,0.5648234486579895,0.7443105578422546,0.01149424072355032,0.9906747341156006,0.5155377984046936,0.7477174401283264,0.01077822782099247,0.9900497198104858,0.5718446373939514,0.879908561706543,0.1751132309436798,0.9908347129821777,0.5183215737342834,0.882291316986084,0.17219851911067963,0.9878172278404236,0.5663757920265198,0.8927929401397705,0.18518367409706116,0.9218895435333252,0.5216912627220154,0.8937748074531555,0.18272623419761658,0.7978202104568481,0.5859021544456482,0.9355485439300537,0.07383677363395691,0.9833065271377563,0.5240615606307983,0.9373871684074402,0.06827344000339508,0.9788268208503723
9666.666666666664,0.5279070734977722,0.2905973792076111,-0.3732247054576874,0.999989926815033,0.5321606993675232,0.27826133370399475,-0.3603617548942566,0.9999657273292542,0.5356501340866089,0.2781125605106354,-0.3603470027446747,0.9999645948410034,0.5390014052391052,0.27800753712654114,-0.3603649139404297,0.9999620318412781,0.5223626494407654,0.27974411845207214,-0.3602501451969147,0.9999666213989258,0.5195761322975159,0.2804059386253357,-0.3603275716304779,0.9999698400497437,0.5163267254829407,0.2813396453857422,-0.3603774309158325,0.9999682903289795,0.544512152671814,0.2851928770542145,-0.2687060534954071,0.9998875856399536,0.513563871383667,0.2918575704097748,-0.26778644323349,0.9999451637268066,0.5349110960960388,0.3080088794231415,-0.3369751274585724,0.9999852776527405,0.5225705504417419,0.3097701072692871,-0.33734744787216187,0.999987781047821,0.5735322833061218,0.3818064332008362,-0.16583886742591858,0.9999070763587952,0.49528077244758606,0.384308785200119,-0.20996767282485962,0.9999090433120728,0.5836868286132812,0.48792511224746704,-0.11811563372612,0.9840487837791443,0.4886430501937866,0.5009692311286926,-0.19072285294532776,0.9890685677528381,0.5730810761451721,0.5755748152732849,-0.19383612275123596,0.9566033482551575,0.5176937580108643,0.5886735916137695,-0.24841827154159546,0.9611626863479614,0.566224992275238,0.5983505845069885,-0.21988803148269653,0.9010439515113831,0.5284804701805115,0.6104723215103149,-0.2779441773891449,0.917429506778717,0.5631876587867737,0.5922809839248657,-0.24568550288677216,0.905689537525177,0.5351106524467468,0.5991596579551697,-0.29368630051612854,0.9173907041549683,0.5645961761474609,0.5847547054290771,-0.2067728489637375,0.8890644311904907,0.532875657081604,0.5917297601699829,-0.2547135055065155,0.8970727920532227,0.5574091076850891,0.5754543542861938,0.009952717460691929,0.9997010231018066,0.5109767317771912,0.5798813104629517,-0.010108252987265587,0.9996814727783203,0.5649686455726624,0.7440811991691589,0.012142700143158436,0.990750789642334,0.515830397605896,0.7474337816238403,0.010036112740635872,0.9902877807617188,0.5719157457351685,0.8798297047615051,0.17430920898914337,0.9910262227058411,0.5182413458824158,0.8822798728942871,0.17101000249385834,0.9882068037986755,0.5663817524909973,0.8927814364433289,0.18410351872444153,0.9226529598236084,0.5213544964790344,0.8936474323272705,0.18126629292964935,0.8005094528198242,0.5862829685211182,0.935551106929779,0.07366950809955597,0.9836332201957703,0.5240616202354431,0.9375543594360352,0.0680801048874855,0.9793635010719299
9699.999999999998,0.5277101993560791,0.29038766026496887,-0.36288121342658997,0.9999899864196777,0.5319701433181763,0.27795228362083435,-0.34912440180778503,0.9999659657478333,0.5354963541030884,0.2777417302131653,-0.3491101562976837,0.9999647736549377,0.5388754606246948,0.2776017189025879,-0.3491353988647461,0.9999621510505676,0.5221738815307617,0.2795262634754181,-0.3495921194553375,0.999967098236084,0.5194114446640015,0.2801891267299652,-0.3496634066104889,0.9999703168869019,0.5160850882530212,0.28116023540496826,-0.3496972918510437,0.999968945980072,0.5443688631057739,0.28499072790145874,-0.25356176495552063,0.9998874664306641,0.5132334232330322,0.2917221188545227,-0.255678653717041,0.9999464154243469,0.5347938537597656,0.3078109323978424,-0.32592636346817017,0.9999851584434509,0.5223934054374695,0.3095903694629669,-0.32681533694267273,0.9999878406524658,0.5734236240386963,0.38170182704925537,-0.15686064958572388,0.9999016523361206,0.49528568983078003,0.3842724561691284,-0.19783027470111847,0.9999087452888489,0.5840880274772644,0.48801282048225403,-0.10915253311395645,0.9831477999687195,0.48849257826805115,0.5006991624832153,-0.17573224008083344,0.988863468170166,0.5746129751205444,0.5757858753204346,-0.1832055300474167,0.9529505968093872,0.518013060092926,0.588039219379425,-0.238667294383049,0.9603844881057739,0.5678755640983582,0.5978723168373108,-0.2094932496547699,0.8941339254379272,0.529172956943512,0.6090984344482422,-0.26824745535850525,0.9160920977592468,0.5649542212486267,0.5918935537338257,-0.23359942436218262,0.8991879224777222,0.5358858704566956,0.5975090861320496,-0.284307599067688,0.9160822033882141,0.566398561000824,0.58454829454422,-0.19472956657409668,0.8820299506187439,0.5335630774497986,0.5902344584465027,-0.2451707273721695,0.8951140642166138,0.557585597038269,0.575556755065918,0.010083119384944439,0.9996951818466187,0.5112510323524475,0.5798566341400146,-0.010239903815090656,0.9996777772903442,0.5650412440299988,0.7440004944801331,0.011405750177800655,0.9908167719841003,0.5159855484962463,0.7474151253700256,0.008558523841202259,0.9904389977455139,0.5716812014579773,0.8794811964035034,0.17370958626270294,0.991166889667511,0.5182090401649475,0.882272481918335,0.16989710927009583,0.988460898399353,0.5660316348075867,0.8925085067749023,0.18361857533454895,0.9229690432548523,0.521267831325531,0.8936414122581482,0.18021835386753082,0.8019577860832214,0.5862699151039124,0.9354782104492188,0.07228519022464752,0.9838210344314575,0.5240406394004822,0.9376166462898254,0.06599511206150055,0.9797043800354004
9733.333333333332,0.5275560021400452,0.2903021275997162,-0.3531205952167511,0.9999899864196777,0.5317593216896057,0.2778664231300354,-0.33917495608329773,0.9999660849571228,0.5352941155433655,0.2776187062263489,-0.33916300535202026,0.9999647736549377,0.5387126803398132,0.27745380997657776,-0.3391917049884796,0.9999621510505676,0.521988570690155,0.2794854938983917,-0.3398226201534271,0.9999673366546631,0.5192461013793945,0.2801533341407776,-0.3398885130882263,0.9999706149101257,0.5158617496490479,0.28114333748817444,-0.33991679549217224,0.9999694228172302,0.5441733002662659,0.28490686416625977,-0.242726668715477,0.9998877048492432,0.5129738450050354,0.29171815514564514,-0.24553903937339783,0.9999473094940186,0.5347187519073486,0.30774009227752686,-0.3160088360309601,0.9999851584434509,0.5222654342651367,0.3095310628414154,-0.3169876039028168,0.9999879002571106,0.573286771774292,0.3812730610370636,-0.14997336268424988,0.9998982548713684,0.49528950452804565,0.3842508792877197,-0.18779651820659637,0.9999082684516907,0.5843828916549683,0.48768696188926697,-0.1024424359202385,0.9823457598686218,0.48841968178749084,0.5006616711616516,-0.16508713364601135,0.9886429309844971,0.5752018690109253,0.575637698173523,-0.17621402442455292,0.9497559666633606,0.5182827711105347,0.5879102945327759,-0.22989575564861298,0.9598631262779236,0.5684505701065063,0.5970361828804016,-0.20285990834236145,0.8884068727493286,0.5295652747154236,0.6083613634109497,-0.2597941756248474,0.9153492450714111,0.5655171275138855,0.5910524725914001,-0.22624264657497406,0.8937742114067078,0.5362004041671753,0.5967205166816711,-0.27622345089912415,0.9153724312782288,0.5669170618057251,0.5838682651519775,-0.1870935559272766,0.8761821389198303,0.533848762512207,0.5897048711776733,-0.23666523396968842,0.8939153552055359,0.5576140284538269,0.5759689211845398,0.010078792460262775,0.9996898174285889,0.5113533735275269,0.579892635345459,-0.010236314497888088,0.9996718764305115,0.5651769638061523,0.7440954446792603,0.009831736795604229,0.990985631942749,0.515978217124939,0.7474108934402466,0.008340578526258469,0.9906190037727356,0.5716773867607117,0.879472017288208,0.1733081191778183,0.9913478493690491,0.5182446837425232,0.8824812769889832,0.16942688822746277,0.9887111186981201,0.5659802556037903,0.8924975991249084,0.18305326998233795,0.9229418635368347,0.5213155746459961,0.8937172293663025,0.17962224781513214,0.803623616695404,0.5862666964530945,0.9355940818786621,0.07205398380756378,0.9840646386146545,0.5240401029586792,0.9377233982086182,0.06588368862867355,0.9800971150398254
9766.666666666666,0.5275037884712219,0.2902243733406067,-0.3350954055786133,0.9999899864196777,0.5316874980926514,0.277797669172287,-0.32085296511650085,0.999966025352478,0.5352193117141724,0.27753153443336487,-0.32084283232688904,0.9999645948410034,0.53863525390625,0.27735206484794617,-0.32086053490638733,0.9999619722366333,0.5218967199325562,0.2794407904148102,-0.32180967926979065,0.9999674558639526,0.5191624760627747,0.28011757135391235,-0.32186856865882874,0.9999707341194153,0.515744149684906,0.28112006187438965,-0.321895569562912,0.9999697208404541,0.5439916849136353,0.28484317660331726,-0.2252836525440216,0.9998866319656372,0.5127522945404053,0.2917197346687317,-0.22959356009960175,0.999947726726532,0.5346605777740479,0.3076775372028351,-0.29859602451324463,0.9999850988388062,0.5221826434135437,0.30947303771972656,-0.29995474219322205,0.9999879598617554,0.5728884339332581,0.3806515038013458,-0.1365797221660614,0.9998970031738281,0.4953118860721588,0.38423699140548706,-0.1745043247938156,0.9999075531959534,0.5847496390342712,0.4865186810493469,-0.08875565975904465,0.9818808436393738,0.48835083842277527,0.5006608963012695,-0.1519152671098709,0.9884496927261353,0.5760263800621033,0.5743446946144104,-0.1627310961484909,0.948569655418396,0.5185749530792236,0.5878204107284546,-0.2163694202899933,0.9596726894378662,0.5695799589157104,0.5951042771339417,-0.18941280245780945,0.8862537741661072,0.5300790071487427,0.6076970100402832,-0.24586819112300873,0.9151999950408936,0.5664565563201904,0.5892001986503601,-0.21221762895584106,0.8918247222900391,0.5364829301834106,0.5963343381881714,-0.2625075578689575,0.9152626395225525,0.5676988363265991,0.5821342468261719,-0.17321933805942535,0.8739897608757019,0.534131646156311,0.589445948600769,-0.2231815606355667,0.8935500383377075,0.5577423572540283,0.5763759613037109,0.010208743624389172,0.9996848702430725,0.5116720795631409,0.5799242258071899,-0.01036777626723051,0.9996651411056519,0.5652231574058533,0.7441893219947815,0.010323974303901196,0.9911680817604065,0.5161358714103699,0.7473786473274231,0.0070007494650781155,0.9907791018486023,0.5716292858123779,0.8794706463813782,0.17199639976024628,0.9915527701377869,0.518215000629425,0.8823626637458801,0.1655614674091339,0.9889323711395264,0.5659396052360535,0.8925336003303528,0.18140719830989838,0.9230186939239502,0.5212438106536865,0.8936066627502441,0.17538146674633026,0.8044419884681702,0.5862239003181458,0.935767650604248,0.06964949518442154,0.9843629002571106,0.5239342451095581,0.9377173185348511,0.06168286129832268,0.9804946780204773
9800.0,0.5275049805641174,0.29010578989982605,-0.3333071172237396,0.9999901056289673,0.5316876173019409,0.277757853269577,-0.3190701901912689,0.9999662637710571,0.5352113842964172,0.2775024175643921,-0.31905779242515564,0.999964714050293,0.5386162996292114,0.27732691168785095,-0.31907227635383606,0.9999621510505676,0.5218927264213562,0.27939143776893616,-0.3202805519104004,0.9999678730964661,0.5191534161567688,0.2800885736942291,-0.32034024596214294,0.9999711513519287,0.5157342553138733,0.2810920476913452,-0.32036691904067993,0.9999702572822571,0.543838620185852,0.2848413586616516,-0.22311122715473175,0.9998863339424133,0.5126037001609802,0.2917620837688446,-0.2288050353527069,0.9999486207962036,0.5346429347991943,0.3076378107070923,-0.29664188623428345,0.9999852180480957,0.5221660137176514,0.3093971312046051,-0.2983942925930023,0.9999881386756897,0.5723984837532043,0.380051851272583,-0.13371673226356506,0.9998975396156311,0.4954226315021515,0.38420984148979187,-0.17376181483268738,0.9999081492424011,0.5856173634529114,0.485136479139328,-0.08400377631187439,0.9817472100257874,0.48827993869781494,0.5007246732711792,-0.1505609154701233,0.9883920550346375,0.5762646794319153,0.5733098983764648,-0.15690988302230835,0.9484294056892395,0.5187627077102661,0.587985098361969,-0.21411538124084473,0.9599788784980774,0.5697107911109924,0.5934417843818665,-0.18339568376541138,0.8858014941215515,0.5302814841270447,0.6079251766204834,-0.24357464909553528,0.9159238934516907,0.5663684606552124,0.58767169713974,-0.20594820380210876,0.8914666175842285,0.5366231203079224,0.5967081785202026,-0.2603074312210083,0.916006326675415,0.5676184892654419,0.5807188749313354,-0.16716495156288147,0.8734854459762573,0.5342971682548523,0.5898939371109009,-0.22090797126293182,0.8942013382911682,0.5578277111053467,0.5764203667640686,0.010659848339855671,0.9996839165687561,0.5118271112442017,0.579937756061554,-0.010822168551385403,0.9996629953384399,0.56529301404953,0.7442029118537903,0.010357986204326153,0.9913434982299805,0.51622074842453,0.747321367263794,0.005975439678877592,0.9909521341323853,0.5716741681098938,0.879429280757904,0.17159026861190796,0.9917550683021545,0.518199622631073,0.8823078274726868,0.16320554912090302,0.9891835451126099,0.5660063624382019,0.89252769947052,0.1808447241783142,0.9236615896224976,0.5210143327713013,0.8934298157691956,0.1728924810886383,0.8057481646537781,0.5862466096878052,0.9358686208724976,0.0693572536110878,0.9846882224082947,0.5238243937492371,0.9377679824829102,0.059487808495759964,0.9809373617172241
9833.333333333334,0.5274951457977295,0.2901376187801361,-0.3349379301071167,0.9999901652336121,0.5316643118858337,0.27781736850738525,-0.32120615243911743,0.9999664425849915,0.5351764559745789,0.27758827805519104,-0.3211911916732788,0.999964714050293,0.5385781526565552,0.2774154245853424,-0.32120364904403687,0.9999621510505676,0.5218575596809387,0.279470294713974,-0.3223712146282196,0.9999682307243347,0.5191056132316589,0.28022313117980957,-0.3224334716796875,0.9999715089797974,0.5156794786453247,0.28129640221595764,-0.3224635124206543,0.9999707341194153,0.5437100529670715,0.28489595651626587,-0.22551801800727844,0.9998857975006104,0.5124595761299133,0.2922353744506836,-0.23114532232284546,0.99994957447052,0.5345851182937622,0.30771368741989136,-0.2981165647506714,0.9999853372573853,0.5220999121665955,0.3094440996646881,-0.2998620867729187,0.999988317489624,0.5717818140983582,0.37937018275260925,-0.13374485075473785,0.9998989105224609,0.49558407068252563,0.3841400146484375,-0.17394866049289703,0.9999096393585205,0.5862382650375366,0.4834652841091156,-0.08113117516040802,0.9818406105041504,0.48814889788627625,0.5007091760635376,-0.14883750677108765,0.988455057144165,0.5766630172729492,0.5731542110443115,-0.15313968062400818,0.9490431547164917,0.5187620520591736,0.5881049036979675,-0.21221618354320526,0.9607361555099487,0.5701738595962524,0.5929003953933716,-0.17906470596790314,0.8866609930992126,0.5302771925926208,0.6082603931427002,-0.24115821719169617,0.9173563718795776,0.5663474798202515,0.5874909162521362,-0.20186235010623932,0.8923439383506775,0.5365930795669556,0.5971736907958984,-0.2582796812057495,0.9174604415893555,0.5676024556159973,0.580672562122345,-0.163339763879776,0.8743823766708374,0.5342609286308289,0.5903190970420837,-0.2190246284008026,0.8958425521850586,0.5579875111579895,0.5764119029045105,0.010881572961807251,0.9996796250343323,0.5120222568511963,0.5799466967582703,-0.01104647945612669,0.9996572136878967,0.5653339624404907,0.7442142963409424,0.010663720779120922,0.9914239048957825,0.5164549946784973,0.7473335862159729,0.004273866768926382,0.9909939765930176,0.5716779828071594,0.8794228434562683,0.16690796613693237,0.9918431043624878,0.5181758403778076,0.8822583556175232,0.15712979435920715,0.9892719984054565,0.566026508808136,0.8925507664680481,0.17539499700069427,0.923355221748352,0.5209563374519348,0.89320307970047,0.16629932820796967,0.8057094812393188,0.5862362384796143,0.9359251856803894,0.0639132559299469,0.9847773909568787,0.5238127112388611,0.9377973079681396,0.052557703107595444,0.9811297059059143
9866.666666666668,0.5275894403457642,0.2901410460472107,-0.3393475413322449,0.9999903440475464,0.5317041873931885,0.2778770327568054,-0.32561931014060974,0.9999669194221497,0.5352044701576233,0.2776971757411957,-0.3256028890609741,0.9999651312828064,0.5386028289794922,0.2775346040725708,-0.3256181478500366,0.999962568283081,0.5218935608863831,0.2794778347015381,-0.3267293870449066,0.9999688267707825,0.5191167593002319,0.280246376991272,-0.32679465413093567,0.9999721050262451,0.5157309174537659,0.2813147306442261,-0.32682567834854126,0.9999713897705078,0.5436297655105591,0.28497573733329773,-0.22986023128032684,0.9998862743377686,0.5124248266220093,0.2923184335231781,-0.23437674343585968,0.9999508261680603,0.5345792770385742,0.30771926045417786,-0.3025403618812561,0.9999855160713196,0.5220984816551208,0.3094429075717926,-0.304256796836853,0.9999884963035583,0.5712482333183289,0.3788186013698578,-0.13819389045238495,0.9999009370803833,0.49565550684928894,0.3841395974159241,-0.1775171160697937,0.9999107718467712,0.5866089463233948,0.48288044333457947,-0.08686821162700653,0.9823697805404663,0.48812973499298096,0.5007148385047913,-0.15377523005008698,0.9886593818664551,0.5767471194267273,0.5732464790344238,-0.15770015120506287,0.9510733485221863,0.5187463164329529,0.5885834693908691,-0.21639712154865265,0.9616699814796448,0.5701122879981995,0.5928031802177429,-0.1835622489452362,0.8901336193084717,0.5302205681800842,0.6083816289901733,-0.24526861310005188,0.918980062007904,0.5660541653633118,0.5873949527740479,-0.20613069832324982,0.8956943154335022,0.5365491509437561,0.5972251892089844,-0.2620585560798645,0.9190916419029236,0.5673531889915466,0.580668568611145,-0.16766199469566345,0.8779721260070801,0.534237265586853,0.590543806552887,-0.22303447127342224,0.897771418094635,0.5582257509231567,0.5753139853477478,0.011151560582220554,0.9996739625930786,0.5124180316925049,0.5792593359947205,-0.011316906660795212,0.9996517300605774,0.5653761625289917,0.7437849044799805,0.010809315368533134,0.9913632869720459,0.516821026802063,0.7470770478248596,0.002227707067504525,0.9908992648124695,0.5716783404350281,0.8794217705726624,0.15744176506996155,0.9918068051338196,0.5181505680084229,0.882250189781189,0.14612361788749695,0.9892396926879883,0.5660364627838135,0.8926074504852295,0.1648639738559723,0.9227277636528015,0.5208715200424194,0.8931955695152283,0.15428394079208374,0.8039056658744812,0.5862410068511963,0.9359355568885803,0.055144745856523514,0.984642744064331,0.5237256288528442,0.9378005862236023,0.04111257568001747,0.9810233116149902
9900.000000000002,0.5278155207633972,0.29033568501472473,-0.34051695466041565,0.9999905228614807,0.5317832231521606,0.2780754864215851,-0.32678741216659546,0.9999675154685974,0.5352457165718079,0.27795785665512085,-0.3267781138420105,0.9999656677246094,0.5386236310005188,0.2778021991252899,-0.32679614424705505,0.9999631643295288,0.5219855904579163,0.27962106466293335,-0.32737988233566284,0.9999694228172302,0.5191558003425598,0.2804774045944214,-0.32744497060775757,0.9999727010726929,0.5159157514572144,0.28159886598587036,-0.3274797797203064,0.9999721050262451,0.5435283780097961,0.2851310074329376,-0.23061849176883698,0.9998878240585327,0.5124310255050659,0.2925408184528351,-0.2381977140903473,0.9999520778656006,0.5346141457557678,0.3077962398529053,-0.3030601143836975,0.9999857544898987,0.522144615650177,0.3095191419124603,-0.3049222528934479,0.9999887347221375,0.5712628960609436,0.3790314793586731,-0.14033940434455872,0.9999025464057922,0.49570146203041077,0.3843527138233185,-0.1795228272676468,0.9999109506607056,0.5865994095802307,0.48304566740989685,-0.08944833278656006,0.9827131032943726,0.48807650804519653,0.5009697079658508,-0.15428711473941803,0.9888210892677307,0.5767171382904053,0.5733394622802734,-0.1611550897359848,0.9525468945503235,0.5187418460845947,0.589463472366333,-0.21798595786094666,0.9624003767967224,0.5703146457672119,0.5930994749069214,-0.1874409019947052,0.8927592039108276,0.5301713347434998,0.6084371209144592,-0.2473052442073822,0.920295238494873,0.566031277179718,0.587631344795227,-0.20984132587909698,0.8982279896736145,0.5365116000175476,0.5972660779953003,-0.26402440667152405,0.9203932881355286,0.5672236084938049,0.5808477401733398,-0.17112983763217926,0.8806594610214233,0.534226655960083,0.5909282565116882,-0.22471144795417786,0.899246871471405,0.5585000514984131,0.5748800039291382,0.011043551377952099,0.9996737837791443,0.5126047134399414,0.5790863633155823,-0.011208881624042988,0.9996504187583923,0.5655595064163208,0.743782103061676,0.010246396996080875,0.9915338158607483,0.5169071555137634,0.7469038367271423,0.0029148892499506474,0.9910479784011841,0.5716198682785034,0.8794935345649719,0.15661577880382538,0.9919524788856506,0.5185323357582092,0.881964921951294,0.1500595360994339,0.9894611239433289,0.5660355091094971,0.8929178714752197,0.16442008316516876,0.923009991645813,0.5212158560752869,0.8929580450057983,0.15872400999069214,0.805419385433197,0.5862359404563904,0.9361115097999573,0.055150534957647324,0.9848287105560303,0.5237261652946472,0.9377855062484741,0.046359624713659286,0.9813426733016968
9933.333333333336,0.5280005931854248,0.2909199595451355,-0.3503267467021942,0.9999908804893494,0.5318949222564697,0.2784270942211151,-0.33694636821746826,0.9999688267707825,0.5353137254714966,0.2783654034137726,-0.336921364068985,0.9999669194221497,0.5386690497398376,0.2782348394393921,-0.3369395136833191,0.9999645352363586,0.5221116542816162,0.2798897922039032,-0.33791428804397583,0.9999706745147705,0.5192294120788574,0.2808154225349426,-0.33798450231552124,0.9999738335609436,0.5162113308906555,0.2819843292236328,-0.33801692724227905,0.9999733567237854,0.5435014963150024,0.28541335463523865,-0.2408592402935028,0.999891996383667,0.5125402808189392,0.2927972376346588,-0.2476385235786438,0.9999542832374573,0.5346664786338806,0.30805718898773193,-0.3130497932434082,0.9999862909317017,0.5222509503364563,0.30973878502845764,-0.3149857819080353,0.9999892115592957,0.5712987184524536,0.3792503774166107,-0.146283358335495,0.9999052882194519,0.4957813322544098,0.38451629877090454,-0.18647794425487518,0.999913215637207,0.5865310430526733,0.48308393359184265,-0.09242706000804901,0.9829518795013428,0.4879975914955139,0.5012913346290588,-0.16180485486984253,0.9890631437301636,0.5765208005905151,0.5734055638313293,-0.16519109904766083,0.953868567943573,0.5186972618103027,0.5901557803153992,-0.22644416987895966,0.9633511304855347,0.5705269575119019,0.5933103561401367,-0.19086475670337677,0.8950528502464294,0.5301409959793091,0.6089229583740234,-0.2557421922683716,0.9219844937324524,0.5660591721534729,0.5877914428710938,-0.21380475163459778,0.9004022479057312,0.5364607572555542,0.5978870391845703,-0.2719336152076721,0.9220635294914246,0.5670726895332336,0.5809756517410278,-0.17521239817142487,0.8829025030136108,0.5341317057609558,0.5916590094566345,-0.23286353051662445,0.901160717010498,0.5587422251701355,0.5742695331573486,0.011035790666937828,0.9996774196624756,0.5127939581871033,0.5789387822151184,-0.011200959794223309,0.9996544122695923,0.565842866897583,0.7436670660972595,0.008697092533111572,0.9916900992393494,0.5170539617538452,0.7468453049659729,0.002830884186550975,0.9912248849868774,0.5716359615325928,0.8794945478439331,0.15858587622642517,0.9920661449432373,0.5186793804168701,0.8819593191146851,0.15142981708049774,0.9897196888923645,0.5660359859466553,0.892942488193512,0.1668120175600052,0.9234848618507385,0.5212743282318115,0.892951488494873,0.16035877168178558,0.8075597286224365,0.5862592458724976,0.936353325843811,0.05742969736456871,0.9850149750709534,0.5236991047859192,0.9379865527153015,0.04799116030335426,0.9817383885383606
9966.66666666667,0.5282211899757385,0.2916025221347809,-0.3511413335800171,0.9999911785125732,0.5320655703544617,0.2788825035095215,-0.33766257762908936,0.9999698400497437,0.5354329943656921,0.2788694500923157,-0.33763763308525085,0.9999679327011108,0.5387784838676453,0.27877315878868103,-0.33765390515327454,0.9999656081199646,0.5222784876823425,0.28027650713920593,-0.33877748250961304,0.9999716877937317,0.5193339586257935,0.28123360872268677,-0.33884748816490173,0.99997478723526,0.5165185332298279,0.28244078159332275,-0.33887943625450134,0.9999743700027466,0.5435001254081726,0.28584688901901245,-0.24113136529922485,0.9998951554298401,0.5127051472663879,0.29305535554885864,-0.24790023267269135,0.9999561905860901,0.5347661375999451,0.3083482086658478,-0.31373506784439087,0.9999867677688599,0.5223916172981262,0.31001636385917664,-0.31575897336006165,0.9999896287918091,0.5715044140815735,0.3792847692966461,-0.1464623361825943,0.9999080300331116,0.49581179022789,0.38494837284088135,-0.1865043342113495,0.9999154210090637,0.5865018963813782,0.483219176530838,-0.09389292448759079,0.9830955862998962,0.48785319924354553,0.5015208125114441,-0.16191427409648895,0.9892688989639282,0.5763632655143738,0.5734267830848694,-0.16550545394420624,0.9548487663269043,0.518633246421814,0.5908019542694092,-0.2270498126745224,0.9639338254928589,0.5705783367156982,0.5934172868728638,-0.19154204428195953,0.8968539834022522,0.5300401449203491,0.6095368266105652,-0.256433367729187,0.9229764938354492,0.5659528374671936,0.58778315782547,-0.21498043835163116,0.9021307826042175,0.5362423658370972,0.5985065698623657,-0.27279233932495117,0.923051655292511,0.566897988319397,0.5809251070022583,-0.17571929097175598,0.8846101760864258,0.5338066220283508,0.5923267602920532,-0.23353628814220428,0.902269721031189,0.5593509078025818,0.5744732618331909,0.011019622907042503,0.9996802806854248,0.513340175151825,0.5793771147727966,-0.011183787137269974,0.9996575117111206,0.5660027861595154,0.7436992526054382,0.009049726650118828,0.9918587803840637,0.5176517963409424,0.7469981908798218,0.0031811962835490704,0.9913747906684875,0.5716338753700256,0.879657506942749,0.16079430282115936,0.9922152161598206,0.5189485549926758,0.8819201588630676,0.15174706280231476,0.9899407625198364,0.5660392642021179,0.8932373523712158,0.16951984167099,0.9243769645690918,0.5215439796447754,0.8928728103637695,0.16085056960582733,0.8095574378967285,0.5862361192703247,0.9365115761756897,0.06022493541240692,0.9852802157402039,0.5236973166465759,0.9381657242774963,0.048433948308229446,0.9821016788482666
10000.000000000004,0.5285139679908752,0.29266735911369324,-0.34928038716316223,0.9999916553497314,0.5324933528900146,0.2794736623764038,-0.3355136811733246,0.9999713897705078,0.5357646942138672,0.27950841188430786,-0.33548837900161743,0.9999695420265198,0.539116621017456,0.2794419527053833,-0.33549997210502625,0.9999673366546631,0.5226023197174072,0.2807363271713257,-0.33711111545562744,0.9999731779098511,0.5195098519325256,0.28166037797927856,-0.3371773958206177,0.9999760985374451,0.5168588161468506,0.28282269835472107,-0.3371993601322174,0.9999757409095764,0.5435319542884827,0.2864755094051361,-0.23821645975112915,0.9999002814292908,0.5129055976867676,0.29318028688430786,-0.24719329178333282,0.9999585747718811,0.5349050760269165,0.3090040683746338,-0.31170853972435,0.9999874234199524,0.5225561261177063,0.3105735778808594,-0.3143307864665985,0.9999901652336121,0.5715194940567017,0.3793788254261017,-0.14579032361507416,0.999911904335022,0.4958079159259796,0.38533681631088257,-0.18263758718967438,0.9999175071716309,0.5864724516868591,0.48324018716812134,-0.09276585280895233,0.9835458397865295,0.4876556694507599,0.5015205144882202,-0.15549713373184204,0.9894011616706848,0.576252818107605,0.5733350515365601,-0.16518551111221313,0.9565141797065735,0.5183576941490173,0.5909785032272339,-0.22117619216442108,0.9643811583518982,0.5706698894500732,0.5932869911193848,-0.19151394069194794,0.9000459313392639,0.5295044779777527,0.6098470091819763,-0.25030064582824707,0.9237738251686096,0.5658848881721497,0.5874878764152527,-0.21468761563301086,0.9051765203475952,0.5355280637741089,0.5991993546485901,-0.26752856373786926,0.9238929748535156,0.566772997379303,0.5806635618209839,-0.1753358095884323,0.8878362774848938,0.5329301357269287,0.5928916931152344,-0.2280760407447815,0.9033350348472595,0.5598762631416321,0.5745038390159607,0.010811875574290752,0.9996827244758606,0.5136765837669373,0.579565703868866,-0.010977323167026043,0.9996583461761475,0.5663430690765381,0.7438128590583801,0.011454523541033268,0.9920523762702942,0.5179851055145264,0.7469637393951416,0.0050504026003181934,0.9914860129356384,0.5717371106147766,0.8796857595443726,0.1619846075773239,0.9923703670501709,0.5193244814872742,0.8817252516746521,0.15219084918498993,0.990106463432312,0.566304624080658,0.8933060765266418,0.17040881514549255,0.9249768853187561,0.5219928622245789,0.8925841450691223,0.16097790002822876,0.8113207221031189,0.5862053036689758,0.9365182518959045,0.06102771684527397,0.9855313897132874,0.5236860513687134,0.9381668567657471,0.049004510045051575,0.9823932647705078
10033.333333333338,0.5287109017372131,0.293713241815567,-0.34924715757369995,0.9999921321868896,0.5328596234321594,0.28002575039863586,-0.3354713022708893,0.9999729990959167,0.5360958576202393,0.2800788879394531,-0.3354462683200836,0.9999712109565735,0.5394868850708008,0.28001782298088074,-0.3354572355747223,0.9999690651893616,0.5228426456451416,0.2812674641609192,-0.33708927035331726,0.9999747276306152,0.5196213722229004,0.28217172622680664,-0.337155282497406,0.9999774694442749,0.517103910446167,0.2832731604576111,-0.337176650762558,0.999977171421051,0.5436134934425354,0.2870948910713196,-0.23778100311756134,0.9999054670333862,0.513121485710144,0.293440580368042,-0.24693386256694794,0.9999610781669617,0.5351030230522156,0.30984243750572205,-0.3115765154361725,0.9999881386756897,0.5226903557777405,0.311396062374115,-0.3142077326774597,0.9999907612800598,0.5715292692184448,0.37939247488975525,-0.14503666758537292,0.9999163150787354,0.4958288073539734,0.38578855991363525,-0.18076294660568237,0.9999203681945801,0.5865258574485779,0.4832341969013214,-0.09289293736219406,0.9839134812355042,0.48731791973114014,0.5015239715576172,-0.15480953454971313,0.989683985710144,0.5761980414390564,0.57294762134552,-0.1691005825996399,0.9582425355911255,0.5180110335350037,0.5909600257873535,-0.22135895490646362,0.9653535485267639,0.5709875226020813,0.5928118824958801,-0.19710497558116913,0.9034959077835083,0.5290707945823669,0.6099954843521118,-0.2514321506023407,0.9255676865577698,0.5660660266876221,0.586597204208374,-0.22060637176036835,0.90846186876297,0.5350519418716431,0.5993313789367676,-0.2688671350479126,0.9257091879844666,0.566814661026001,0.5797125101089478,-0.1795797199010849,0.8913015723228455,0.5323156118392944,0.5929831862449646,-0.22842422127723694,0.9054995775222778,0.5605676174163818,0.5745309591293335,0.010629741474986076,0.9996863007545471,0.513976514339447,0.5795934200286865,-0.010790447704494,0.9996606111526489,0.5666712522506714,0.744816780090332,0.011464755050837994,0.9921901226043701,0.5181804895401001,0.7469773292541504,0.005088043864816427,0.9915546774864197,0.5719097852706909,0.8800719380378723,0.16373595595359802,0.9924629926681519,0.5193242430686951,0.8827833533287048,0.15253953635692596,0.9902104139328003,0.5665074586868286,0.8936380743980408,0.17245368659496307,0.9252828359603882,0.5219050049781799,0.8934376239776611,0.16134802997112274,0.8119618892669678,0.5860384702682495,0.9366315007209778,0.06262272596359253,0.985712468624115,0.5236901640892029,0.9386307001113892,0.04985329881310463,0.9825742840766907
10066.666666666672,0.528967022895813,0.2942963242530823,-0.348893940448761,0.9999924898147583,0.5332610011100769,0.28032663464546204,-0.3350503742694855,0.9999743700027466,0.5365235209465027,0.28039810061454773,-0.3350274860858917,0.9999726414680481,0.539936363697052,0.28038090467453003,-0.33503657579421997,0.999970555305481,0.5232518911361694,0.2815001606941223,-0.33662673830986023,0.9999760389328003,0.5198429226875305,0.2823913097381592,-0.336691677570343,0.9999786615371704,0.5174304842948914,0.2834251821041107,-0.3367116153240204,0.9999784231185913,0.5438417792320251,0.287616491317749,-0.23713773488998413,0.9999098777770996,0.5134257674217224,0.2935222387313843,-0.24591223895549774,0.9999632239341736,0.5353937149047852,0.3104794919490814,-0.31117817759513855,0.9999887347221375,0.5228766202926636,0.31190595030784607,-0.31373512744903564,0.9999912977218628,0.5716313719749451,0.3794025480747223,-0.14523100852966309,0.9999197125434875,0.4959116578102112,0.3864077031612396,-0.17762847244739532,0.9999222159385681,0.5865100622177124,0.4832119941711426,-0.09331849962472916,0.9840444922447205,0.4871213138103485,0.50152587890625,-0.15174132585525513,0.989812433719635,0.5762029886245728,0.5725233554840088,-0.1748080849647522,0.9592796564102173,0.5176809430122375,0.5906787514686584,-0.22189293801784515,0.9657934308052063,0.571257472038269,0.5922483801841736,-0.203725665807724,0.9057459831237793,0.5287750959396362,0.6095096468925476,-0.25150662660598755,0.9264159202575684,0.5662184953689575,0.5857864022254944,-0.22769127786159515,0.9106037020683289,0.5346897840499878,0.5989737510681152,-0.26919153332710266,0.9265944957733154,0.5668888688087463,0.5788989663124084,-0.18563120067119598,0.8934594988822937,0.5316818952560425,0.5925601124763489,-0.22881464660167694,0.9065501689910889,0.5614153146743774,0.5744878053665161,0.009632973000407219,0.9996874332427979,0.5145971775054932,0.5795915722846985,-0.009781988337635994,0.9996597766876221,0.5668990015983582,0.7447187900543213,0.011683497577905655,0.9924201369285583,0.518355131149292,0.7469660043716431,0.007123064715415239,0.9917183518409729,0.5720128417015076,0.8798092007637024,0.16650548577308655,0.992632269859314,0.5191417932510376,0.882709801197052,0.15711483359336853,0.9903949499130249,0.5667224526405334,0.8934229612350464,0.17545047402381897,0.9256628751754761,0.5215248465538025,0.8932336568832397,0.16622988879680634,0.8139596581459045,0.5857017040252686,0.9364568591117859,0.06513932347297668,0.9859963655471802,0.5236597061157227,0.9386308193206787,0.054238211363554,0.9828665852546692
10100.000000000005,0.5291144847869873,0.2945329546928406,-0.34072721004486084,0.999992847442627,0.5334692597389221,0.28045904636383057,-0.32678651809692383,0.9999756813049316,0.5367540121078491,0.280545711517334,-0.32676705718040466,0.9999740123748779,0.5401817560195923,0.28057560324668884,-0.3267687261104584,0.9999720454216003,0.5235354900360107,0.28161510825157166,-0.32803261280059814,0.9999772906303406,0.5200444459915161,0.2825389504432678,-0.3280894458293915,0.9999797344207764,0.5177047848701477,0.28356075286865234,-0.32810550928115845,0.999979555606842,0.5440576076507568,0.288094162940979,-0.22988294064998627,0.9999143481254578,0.5138094425201416,0.2936471402645111,-0.2366325706243515,0.9999651908874512,0.5356347560882568,0.31082746386528015,-0.303541362285614,0.9999893307685852,0.5230851173400879,0.3122098743915558,-0.3055664300918579,0.999991774559021,0.5722183585166931,0.3795119822025299,-0.14265328645706177,0.9999236464500427,0.496027410030365,0.3870316445827484,-0.16907189786434174,0.9999244809150696,0.5864874124526978,0.48324528336524963,-0.0924355760216713,0.9841147065162659,0.48707088828086853,0.5016202330589294,-0.1425088495016098,0.989886462688446,0.5762007236480713,0.5720194578170776,-0.17468926310539246,0.9602208137512207,0.5175076127052307,0.5904361009597778,-0.21696393191814423,0.9660501480102539,0.5714483261108398,0.591888964176178,-0.20375534892082214,0.9080510139465332,0.5284530520439148,0.609247088432312,-0.2476465106010437,0.9269714951515198,0.5662969350814819,0.585345447063446,-0.2279321849346161,0.9127832055091858,0.5344346761703491,0.5987086296081543,-0.26507803797721863,0.9271701574325562,0.566896378993988,0.5784014463424683,-0.18559347093105316,0.895710825920105,0.5313334465026855,0.5922528505325317,-0.22415325045585632,0.9073116779327393,0.5621153116226196,0.575066328048706,0.00855724886059761,0.999691367149353,0.5153147578239441,0.5802650451660156,-0.008701424114406109,0.9996617436408997,0.5672718286514282,0.7449347376823425,0.01310937199741602,0.992740273475647,0.5185162425041199,0.7471628785133362,0.011366072110831738,0.991993248462677,0.572678804397583,0.8798176646232605,0.1724826693534851,0.9928846955299377,0.5190994739532471,0.8820963501930237,0.16683025658130646,0.990653395652771,0.5675761103630066,0.8934196829795837,0.18172354996204376,0.9258999824523926,0.5212739109992981,0.8926005959510803,0.17654094099998474,0.8168178796768188,0.5856034755706787,0.9366152286529541,0.07007375359535217,0.9864174127578735,0.5235358476638794,0.938510000705719,0.06461740285158157,0.9833340048789978
10133.33333333334,0.5293919444084167,0.2946394085884094,-0.3417409658432007,0.9999932646751404,0.5338619947433472,0.28050321340560913,-0.32772186398506165,0.9999771118164062,0.5372249484062195,0.28058749437332153,-0.32770106196403503,0.9999755024909973,0.5405483245849609,0.2806275486946106,-0.32770493626594543,0.9999736547470093,0.5239375233650208,0.2816255986690521,-0.32898423075675964,0.9999786019325256,0.5203431844711304,0.2825588285923004,-0.3290420174598694,0.9999809265136719,0.5179883241653442,0.28357982635498047,-0.3290575444698334,0.9999808073043823,0.5444847941398621,0.2881786525249481,-0.23050113022327423,0.9999194145202637,0.5142146944999695,0.2936610281467438,-0.2373039871454239,0.9999672770500183,0.5360463261604309,0.31108149886131287,-0.3044738173484802,0.9999899864196777,0.5234242677688599,0.31238311529159546,-0.30651599168777466,0.999992311000824,0.5728592276573181,0.379553884267807,-0.1425781548023224,0.9999274611473083,0.4962383508682251,0.38736769556999207,-0.16999401152133942,0.9999264478683472,0.5867259502410889,0.4834095239639282,-0.0912351906299591,0.9844207167625427,0.48707130551338196,0.5017597079277039,-0.1425326019525528,0.9899658560752869,0.5763865113258362,0.5719206929206848,-0.17300818860530853,0.9614240527153015,0.5174958109855652,0.5903763771057129,-0.21616999804973602,0.9662704467773438,0.571721613407135,0.591573178768158,-0.20213229954242706,0.9105942845344543,0.5283600687980652,0.6090911030769348,-0.24685801565647125,0.9273846745491028,0.5665616393089294,0.585033118724823,-0.22672224044799805,0.9151715636253357,0.5343877673149109,0.5986720323562622,-0.26417112350463867,0.9275991916656494,0.5670989751815796,0.5781899094581604,-0.18395085632801056,0.8982217311859131,0.5312840342521667,0.5922312140464783,-0.22337494790554047,0.9078580141067505,0.5626857876777649,0.5751035809516907,0.008211322128772736,0.9996981620788574,0.5158286690711975,0.5804600119590759,-0.008361228741705418,0.9996654987335205,0.5676649212837219,0.7452399134635925,0.01311370451003313,0.9930209517478943,0.5185696482658386,0.7471674084663391,0.011979780159890652,0.992219090461731,0.5727059245109558,0.8801393508911133,0.1742471158504486,0.9931139349937439,0.5190801024436951,0.8818171620368958,0.16842983663082123,0.9909077286720276,0.5676104426383972,0.8935543894767761,0.1836603432893753,0.9262685775756836,0.5212485194206238,0.8923213481903076,0.17813068628311157,0.8196080327033997,0.5856010317802429,0.9369335174560547,0.07162843644618988,0.9868114590644836,0.5234188437461853,0.9385316371917725,0.0656062513589859,0.9837981462478638
10166.666666666673,0.5300523638725281,0.2946222722530365,-0.34394407272338867,0.999993622303009,0.5346450805664062,0.28049904108047485,-0.3300427794456482,0.9999783039093018,0.538127064704895,0.28058528900146484,-0.33002009987831116,0.9999767541885376,0.5410696864128113,0.28063344955444336,-0.3300250768661499,0.9999749660491943,0.5247505307197571,0.2814694941043854,-0.3311583399772644,0.9999797344207764,0.5211947560310364,0.2822827994823456,-0.3312147855758667,0.9999819397926331,0.5185392498970032,0.28324222564697266,-0.3312237560749054,0.9999818205833435,0.5451825261116028,0.28819724917411804,-0.2331911027431488,0.9999235272407532,0.51509028673172,0.2932208776473999,-0.23947139084339142,0.9999690055847168,0.5365928411483765,0.31108003854751587,-0.3067968487739563,0.9999905228614807,0.5240355730056763,0.31237754225730896,-0.3087058365345001,0.9999927282333374,0.5737819075584412,0.3795422911643982,-0.1465311348438263,0.9999304413795471,0.49657732248306274,0.3875989615917206,-0.17151713371276855,0.9999278783798218,0.5873823165893555,0.4835403561592102,-0.09700017422437668,0.9847251772880554,0.4872596561908722,0.5018447041511536,-0.14522482454776764,0.9900105595588684,0.5768085718154907,0.5719389319419861,-0.17705349624156952,0.9624817371368408,0.5176213979721069,0.5903657078742981,-0.2179606556892395,0.9664362072944641,0.571991503238678,0.5915845036506653,-0.205699622631073,0.912818968296051,0.5284678936004639,0.6091048121452332,-0.24920348823070526,0.9277962446212769,0.5667904615402222,0.58506178855896,-0.22957123816013336,0.9172534346580505,0.5345780849456787,0.598671019077301,-0.26622799038887024,0.9280277490615845,0.5673307180404663,0.5782238841056824,-0.18766199052333832,0.9004412889480591,0.5314658880233765,0.5922002792358398,-0.2251819223165512,0.908354640007019,0.5631728768348694,0.575069785118103,0.0077610802836716175,0.9997038841247559,0.5162872672080994,0.5804328918457031,-0.007912234403192997,0.9996693730354309,0.5681802034378052,0.745307981967926,0.013029246591031551,0.9932715892791748,0.5186768174171448,0.7468578815460205,0.012376992031931877,0.9924378395080566,0.5729576945304871,0.8801584839820862,0.1736343801021576,0.9933091998100281,0.5191434621810913,0.8816022276878357,0.16798005998134613,0.9911710023880005,0.5678288340568542,0.8935611248016357,0.18306361138820648,0.926924467086792,0.5213167071342468,0.8919026255607605,0.17765292525291443,0.822650134563446,0.5856651663780212,0.9370198249816895,0.07269083708524704,0.987156093120575,0.5233871340751648,0.9386524558067322,0.06625824421644211,0.9842330813407898
10200.000000000007,0.5306475758552551,0.2943492829799652,-0.35057589411735535,0.9999939799308777,0.535256028175354,0.280274897813797,-0.3370736837387085,0.9999794960021973,0.5388028621673584,0.2803901433944702,-0.33704641461372375,0.9999779462814331,0.5414720177650452,0.2804690897464752,-0.3370561897754669,0.9999762773513794,0.525269627571106,0.28100305795669556,-0.3380153477191925,0.9999808669090271,0.5217605829238892,0.281690388917923,-0.3380815386772156,0.9999829530715942,0.5189207792282104,0.28256309032440186,-0.3380972146987915,0.9999828338623047,0.5458366274833679,0.28808045387268066,-0.24089525640010834,0.9999274015426636,0.5156842470169067,0.2925153374671936,-0.24668769538402557,0.9999707341194153,0.5371816754341125,0.3109748065471649,-0.31359606981277466,0.9999909996986389,0.5246260762214661,0.3122546374797821,-0.31535986065864563,0.9999931454658508,0.5748156905174255,0.37953588366508484,-0.15110602974891663,0.9999322295188904,0.49712225794792175,0.38799870014190674,-0.18060185015201569,0.9999293088912964,0.5882062315940857,0.4839254319667816,-0.10174977779388428,0.9850617051124573,0.48808515071868896,0.5018986463546753,-0.1557478904724121,0.9901373386383057,0.5775678753852844,0.5720263123512268,-0.17747171223163605,0.9636395573616028,0.5180137157440186,0.5903663635253906,-0.2249973863363266,0.9668574333190918,0.5726043581962585,0.5916186571121216,-0.20526109635829926,0.9149866104125977,0.5288525223731995,0.6091459393501282,-0.2552300989627838,0.9285579919815063,0.5673026442527771,0.585076630115509,-0.2286924570798874,0.9193022847175598,0.5351301431655884,0.598702609539032,-0.2718985378742218,0.9288042783737183,0.5679031610488892,0.5782802700996399,-0.18776412308216095,0.9026564359664917,0.5320529937744141,0.5922163128852844,-0.23185770213603973,0.9092652797698975,0.5636480450630188,0.5742632150650024,0.007871520705521107,0.9997074007987976,0.5167962908744812,0.5797147750854492,-0.008023262955248356,0.9996740221977234,0.568378210067749,0.7450783252716064,0.012775450944900513,0.9933978319168091,0.5190685391426086,0.7463248372077942,0.01003327313810587,0.9926130771636963,0.5729540586471558,0.8798928260803223,0.16918489336967468,0.9934244155883789,0.5192104578018188,0.8817572593688965,0.15868419408798218,0.991426408290863,0.5677457451820374,0.8935084342956543,0.17821945250034332,0.9281219244003296,0.5213740468025208,0.8921691179275513,0.16756398975849152,0.8249848484992981,0.5856284499168396,0.9369391202926636,0.07072106003761292,0.9873893857002258,0.5233767032623291,0.9388350248336792,0.05633615702390671,0.9846011996269226
10233.333333333341,0.531236469745636,0.29395991563796997,-0.35765016078948975,0.9999942779541016,0.5357510447502136,0.2799990475177765,-0.34450069069862366,0.999980628490448,0.5393174886703491,0.28012287616729736,-0.3444710969924927,0.9999790787696838,0.541796863079071,0.2801972031593323,-0.34448644518852234,0.9999775290489197,0.5258069038391113,0.28064629435539246,-0.3451433479785919,0.9999818801879883,0.5224735736846924,0.2812744677066803,-0.345214307308197,0.9999839067459106,0.5194498896598816,0.28213220834732056,-0.34523439407348633,0.9999837875366211,0.5464427471160889,0.28774493932724,-0.24889470636844635,0.9999313354492188,0.5164981484413147,0.2919501066207886,-0.2531861960887909,0.9999723434448242,0.537749171257019,0.3107566237449646,-0.32073545455932617,0.9999914765357971,0.5253458619117737,0.3120400905609131,-0.32207584381103516,0.9999935030937195,0.5760393142700195,0.3794633150100708,-0.15763257443904877,0.9999343752861023,0.4978637099266052,0.38802170753479004,-0.18639525771141052,0.9999307990074158,0.5893624424934387,0.4844568967819214,-0.10729061812162399,0.9855169653892517,0.48890170454978943,0.5019373297691345,-0.1603976935148239,0.990315854549408,0.5782398581504822,0.5727224946022034,-0.17992599308490753,0.964780867099762,0.5187309384346008,0.5905805230140686,-0.22778193652629852,0.9673162698745728,0.5728313326835632,0.5918927788734436,-0.20721139013767242,0.9171321988105774,0.5296457409858704,0.6092551350593567,-0.257541298866272,0.9292926788330078,0.5675646662712097,0.5856530666351318,-0.2300131767988205,0.9213331937789917,0.5361273288726807,0.5987644195556641,-0.273872047662735,0.9295316934585571,0.5683425664901733,0.5792385935783386,-0.1897987723350525,0.9049265384674072,0.5331501364707947,0.5923254489898682,-0.23436059057712555,0.9101201891899109,0.5643872022628784,0.5741152167320251,0.007862639613449574,0.9997116923332214,0.5174331068992615,0.5796170830726624,-0.008016590029001236,0.9996781945228577,0.5684789419174194,0.7450886368751526,0.011569165624678135,0.9935144186019897,0.519478976726532,0.7463170289993286,0.009884615428745747,0.9927552938461304,0.5728481411933899,0.8798402547836304,0.17007751762866974,0.9935160875320435,0.5192976593971252,0.8816835284233093,0.1588188111782074,0.9916068315505981,0.5675327181816101,0.8934755325317383,0.1795864850282669,0.9286894798278809,0.5217481255531311,0.8918805122375488,0.1676013469696045,0.8262461423873901,0.5854030847549438,0.9369494915008545,0.07258730381727219,0.9875688552856445,0.5233747363090515,0.938947319984436,0.056782420724630356,0.9848698377609253
10266.666666666675,0.5321391820907593,0.2939459979534149,-0.35601451992988586,0.9999944567680359,0.5365999937057495,0.28000199794769287,-0.3427165150642395,0.9999812841415405,0.5400657057762146,0.2801226079463959,-0.342690110206604,0.9999797344207764,0.5422810316085815,0.2801974415779114,-0.34270474314689636,0.9999781847000122,0.5266857743263245,0.28064510226249695,-0.3434930145740509,0.999982476234436,0.5234978199005127,0.28126680850982666,-0.34356194734573364,0.9999844431877136,0.5202458500862122,0.2821297347545624,-0.3435833752155304,0.9999843835830688,0.5471317172050476,0.2877275049686432,-0.24672676622867584,0.9999336004257202,0.5173397660255432,0.291885644197464,-0.2514925003051758,0.9999732971191406,0.5386144518852234,0.31075167655944824,-0.31898248195648193,0.999991774559021,0.5264061689376831,0.31203609704971313,-0.320455938577652,0.9999937415122986,0.5772346258163452,0.378919392824173,-0.15575768053531647,0.9999364614486694,0.4988667666912079,0.3880593180656433,-0.18540124595165253,0.9999315142631531,0.5904514789581299,0.48446422815322876,-0.10539472848176956,0.9857842326164246,0.4898739159107208,0.5019449591636658,-0.15961827337741852,0.9904683828353882,0.578959584236145,0.5727669596672058,-0.1790202409029007,0.9656580686569214,0.5194661021232605,0.5906708240509033,-0.22783498466014862,0.9676846265792847,0.5732738971710205,0.5919250249862671,-0.20639030635356903,0.9190041422843933,0.5304967761039734,0.6093294024467468,-0.2579421103000641,0.9299412965774536,0.5680443048477173,0.5857419967651367,-0.22938106954097748,0.923123300075531,0.5370202660560608,0.598847508430481,-0.274287611246109,0.9301888346672058,0.5689076781272888,0.5794047713279724,-0.1890181005001068,0.9068770408630371,0.534166157245636,0.5924301147460938,-0.23446914553642273,0.9108577370643616,0.5650344491004944,0.5741217732429504,0.007839326746761799,0.9997142553329468,0.5179473161697388,0.5795518755912781,-0.007991878315806389,0.9996795654296875,0.5687029957771301,0.7450496554374695,0.010456282645463943,0.9936508536338806,0.5197277069091797,0.7461650371551514,0.00943561177700758,0.9928768873214722,0.5728446841239929,0.879724383354187,0.1744682937860489,0.9936107397079468,0.519298791885376,0.8811559677124023,0.1618315726518631,0.9917651414871216,0.5674972534179688,0.8931795358657837,0.1848711371421814,0.9287318587303162,0.5218585133552551,0.8912147283554077,0.17153920233249664,0.8274209499359131,0.5852087736129761,0.9369478225708008,0.07783984392881393,0.9877496957778931,0.5233775973320007,0.9389173984527588,0.06067116558551788,0.9851348400115967
10300.00000000001,0.5330869555473328,0.2939452528953552,-0.35688111186027527,0.9999946355819702,0.5375269651412964,0.2800498306751251,-0.34404316544532776,0.9999818801879883,0.5408264398574829,0.2801705300807953,-0.3440174460411072,0.9999803304672241,0.5428789854049683,0.2802571952342987,-0.34403735399246216,0.9999788403511047,0.5276602506637573,0.2806647717952728,-0.34449148178100586,0.9999830722808838,0.524513304233551,0.28127971291542053,-0.34456348419189453,0.9999849796295166,0.5211704969406128,0.28214192390441895,-0.34458741545677185,0.9999849796295166,0.5479243397712708,0.28775903582572937,-0.24972516298294067,0.9999359250068665,0.5181236863136292,0.29188939929008484,-0.2527397871017456,0.9999743103981018,0.5395349860191345,0.3108036518096924,-0.32031142711639404,0.9999920129776001,0.5274814963340759,0.31206563115119934,-0.3213275074958801,0.9999939799308777,0.5784614086151123,0.3787967562675476,-0.15915903449058533,0.9999368190765381,0.4999711811542511,0.3880613446235657,-0.18668563663959503,0.9999318718910217,0.591364860534668,0.48519575595855713,-0.1102411076426506,0.9860089421272278,0.49088186025619507,0.5019642114639282,-0.16163069009780884,0.9906063079833984,0.5792650580406189,0.5734380483627319,-0.18103010952472687,0.9661993384361267,0.5202779173851013,0.5907279253005981,-0.22878232598304749,0.9678993225097656,0.5734109878540039,0.5923665761947632,-0.20784248411655426,0.9200097322463989,0.531470537185669,0.6093505024909973,-0.258471816778183,0.9302165508270264,0.5683370232582092,0.5861929655075073,-0.23037607967853546,0.9240389466285706,0.537975549697876,0.5988751649856567,-0.2743080258369446,0.9304478764533997,0.569283127784729,0.5798966884613037,-0.19071577489376068,0.9078721404075623,0.535274088382721,0.5924456715583801,-0.23511740565299988,0.9111585021018982,0.5656490325927734,0.5741083025932312,0.0076969158835709095,0.9997106790542603,0.5185325741767883,0.5794217586517334,-0.007846932858228683,0.9996777772903442,0.5688468217849731,0.7450338006019592,0.009131154045462608,0.9937252402305603,0.519900918006897,0.7460777759552002,0.008497403003275394,0.9930362701416016,0.5727125406265259,0.8792458176612854,0.1713831126689911,0.9936462640762329,0.5193715691566467,0.8809630870819092,0.157379150390625,0.9919324517250061,0.5672488808631897,0.8929147124290466,0.18169382214546204,0.9289727807044983,0.5222749710083008,0.8911404609680176,0.16668032109737396,0.828716516494751,0.5851554870605469,0.9366360902786255,0.07682513445615768,0.9878040552139282,0.5233722925186157,0.9389154314994812,0.05694013833999634,0.985327422618866
10333.333333333343,0.5337898135185242,0.29393890500068665,-0.37189167737960815,0.9999947547912598,0.5382418036460876,0.28005343675613403,-0.3596203625202179,0.999982476234436,0.5414769053459167,0.2801738381385803,-0.3595946431159973,0.9999809861183167,0.5435271859169006,0.2802610397338867,-0.35962769389152527,0.999979555606842,0.528312087059021,0.2806702256202698,-0.35934603214263916,0.9999836087226868,0.5251696109771729,0.2812850773334503,-0.35942381620407104,0.9999854564666748,0.5217898488044739,0.28214728832244873,-0.3594483435153961,0.9999855160713196,0.5488949418067932,0.2877577245235443,-0.26517289876937866,0.9999386072158813,0.5188190937042236,0.2918798625469208,-0.2649547755718231,0.9999752044677734,0.5403376817703247,0.3108437955379486,-0.33512333035469055,0.9999922513961792,0.5282968282699585,0.31210872530937195,-0.3351670801639557,0.999994158744812,0.5800014734268188,0.3786848187446594,-0.17251329123973846,0.9999365210533142,0.5016485452651978,0.38776230812072754,-0.1957532912492752,0.9999316930770874,0.5921334624290466,0.48626708984375,-0.12549175322055817,0.9861671328544617,0.49189460277557373,0.5019070506095886,-0.17106880247592926,0.9906606078147888,0.5795365571975708,0.5745012760162354,-0.1945810765028,0.9660789966583252,0.5208923816680908,0.5907622575759888,-0.23816771805286407,0.9674727916717529,0.573447048664093,0.5930750370025635,-0.22121842205524445,0.9194760322570801,0.5320543050765991,0.6094167232513428,-0.2676670253276825,0.929157018661499,0.5685285329818726,0.5868462324142456,-0.2432718724012375,0.9234689474105835,0.538547933101654,0.5989354848861694,-0.28275972604751587,0.9293491244316101,0.5695942044258118,0.5806023478507996,-0.20394429564476013,0.9071512818336487,0.5359684824943542,0.5924955010414124,-0.2442806363105774,0.9097530841827393,0.566428542137146,0.5741146802902222,0.007066933438181877,0.9997088313102722,0.5193721652030945,0.5791400671005249,-0.007214355282485485,0.9996771216392517,0.5692713260650635,0.7453292012214661,0.006853850558400154,0.9937659502029419,0.5200656056404114,0.7460470795631409,0.008849541656672955,0.9931772351264954,0.5725005269050598,0.8787460923194885,0.1705598384141922,0.993680477142334,0.5196880102157593,0.8808940052986145,0.15783415734767914,0.9921014904975891,0.5669766664505005,0.8925776481628418,0.18115946650505066,0.9295845627784729,0.523135781288147,0.8911427855491638,0.16726920008659363,0.8305712938308716,0.5850494503974915,0.9359114766120911,0.07574748992919922,0.9878767132759094,0.5233902931213379,0.9388989806175232,0.058073144406080246,0.9855076670646667
10366.666666666677,0.5343456268310547,0.2939346134662628,-0.3802105486392975,0.9999947547912598,0.5387586355209351,0.28005510568618774,-0.36812227964401245,0.9999826550483704,0.5420029759407043,0.2801734507083893,-0.3680950403213501,0.999981164932251,0.544098973274231,0.2802608907222748,-0.3681308925151825,0.9999797940254211,0.5289300680160522,0.2806871831417084,-0.36781129240989685,0.9999838471412659,0.5258147716522217,0.2813076674938202,-0.3678959608078003,0.9999856948852539,0.522436261177063,0.2821739614009857,-0.367927223443985,0.9999858140945435,0.5496761798858643,0.2877556085586548,-0.2732698619365692,0.9999395608901978,0.519560694694519,0.2918611466884613,-0.27305108308792114,0.9999756813049316,0.5409844517707825,0.3108411729335785,-0.3432416021823883,0.9999922513961792,0.529025673866272,0.312106728553772,-0.3432898223400116,0.9999942183494568,0.581037700176239,0.37854769825935364,-0.17853866517543793,0.999934196472168,0.5024005174636841,0.3873341977596283,-0.20223230123519897,0.999931275844574,0.5928649306297302,0.4864409863948822,-0.13195504248142242,0.9861970543861389,0.4919932782649994,0.5017030239105225,-0.17804566025733948,0.9907242059707642,0.5800192356109619,0.5745747089385986,-0.20132213830947876,0.9654557704925537,0.5212489366531372,0.5907657146453857,-0.2455504685640335,0.9668840169906616,0.5740582942962646,0.5932185053825378,-0.22776243090629578,0.9178076386451721,0.5323711037635803,0.6094751358032227,-0.2750609815120697,0.9277028441429138,0.569144070148468,0.5869994163513184,-0.24989257752895355,0.921847403049469,0.5388619899749756,0.5989850759506226,-0.28992563486099243,0.9278697967529297,0.5701301693916321,0.5806987285614014,-0.2107342928647995,0.9051411151885986,0.536324143409729,0.5925191640853882,-0.2515900731086731,0.9078446626663208,0.5670268535614014,0.5732256174087524,0.006834532134234905,0.9996975064277649,0.5199899077415466,0.5776220560073853,-0.006979197729378939,0.9996715188026428,0.5694649815559387,0.7444252371788025,0.007196507416665554,0.99366694688797,0.5206083655357361,0.7450060844421387,0.00851556658744812,0.9932008981704712,0.572548508644104,0.8779009580612183,0.16625350713729858,0.9936221241950989,0.520190954208374,0.8808656334877014,0.15485940873622894,0.9921683669090271,0.5670850276947021,0.8921002149581909,0.17608411610126495,0.9294620156288147,0.5235267281532288,0.8911683559417725,0.163906529545784,0.8305894732475281,0.5850600600242615,0.9351643323898315,0.07077892124652863,0.9877878427505493,0.523475706577301,0.9389458298683167,0.05345731973648071,0.9854644536972046
10400.000000000011,0.5347795486450195,0.2939288020133972,-0.3822702169418335,0.9999948143959045,0.5392087697982788,0.28005728125572205,-0.3700938820838928,0.9999828338623047,0.5424718260765076,0.2801741063594818,-0.3700665235519409,0.9999813437461853,0.5445691347122192,0.2802653908729553,-0.3701004087924957,0.9999800324440002,0.5294789671897888,0.280695378780365,-0.36998602747917175,0.999984085559845,0.5264039039611816,0.2813175916671753,-0.37006956338882446,0.999985933303833,0.5230554342269897,0.2821790874004364,-0.370097279548645,0.9999861121177673,0.5501914620399475,0.2877642512321472,-0.2746380567550659,0.9999405741691589,0.5202847719192505,0.29177775979042053,-0.27523842453956604,0.9999760985374451,0.541366696357727,0.3108305335044861,-0.34505927562713623,0.9999922513961792,0.529480516910553,0.31208324432373047,-0.34533432126045227,0.9999942183494568,0.5815219879150391,0.3782297670841217,-0.17957712709903717,0.999933660030365,0.5028076767921448,0.38732966780662537,-0.2040066421031952,0.9999313354492188,0.5935176610946655,0.48634305596351624,-0.1318463385105133,0.9864116907119751,0.4921555519104004,0.5016263127326965,-0.17945528030395508,0.9908159375190735,0.5811572670936584,0.5744161605834961,-0.20296822488307953,0.9655553102493286,0.5215185880661011,0.5907508134841919,-0.24841681122779846,0.9665310978889465,0.5753114819526672,0.5932194590568542,-0.22995345294475555,0.9176661372184753,0.532520592212677,0.6094986796379089,-0.27864542603492737,0.9267272353172302,0.5704517364501953,0.5869925022125244,-0.253000944852829,0.9217338562011719,0.5390195846557617,0.5990092754364014,-0.29420629143714905,0.9268878698348999,0.5713648200035095,0.5806399583816528,-0.21282152831554413,0.904819667339325,0.5364456176757812,0.5925359725952148,-0.2548028528690338,0.9064940214157104,0.5677712559700012,0.5726674199104309,0.006776039022952318,0.999692440032959,0.5209620594978333,0.5765746235847473,-0.006918878294527531,0.9996707439422607,0.5699533820152283,0.743697464466095,0.009118009358644485,0.9936205744743347,0.5208978056907654,0.7430699467658997,0.00896214134991169,0.9932546615600586,0.5728229880332947,0.8773906826972961,0.16695824265480042,0.9935991168022156,0.5200380682945251,0.8803963661193848,0.1550363004207611,0.9922642111778259,0.5672057867050171,0.8919081687927246,0.17672790586948395,0.9294552206993103,0.5234740972518921,0.8911598920822144,0.1640005111694336,0.8311054110527039,0.5853136777877808,0.9346804618835449,0.07114186882972717,0.9877600073814392,0.5234125256538391,0.9391211867332458,0.053734976798295975,0.9854964017868042
10433.333333333345,0.5353884100914001,0.2939993739128113,-0.3783949315547943,0.9999948740005493,0.5398920774459839,0.28017207980155945,-0.36782851815223694,0.9999830722808838,0.5430958271026611,0.2802751660346985,-0.367803692817688,0.9999815821647644,0.5451952815055847,0.2803892493247986,-0.3678473234176636,0.9999802708625793,0.5302415490150452,0.28081122040748596,-0.36564815044403076,0.9999843239784241,0.5272176265716553,0.28145450353622437,-0.36573541164398193,0.9999861717224121,0.5239986181259155,0.28231117129325867,-0.3657696545124054,0.9999864101409912,0.5509010553359985,0.2878258526325226,-0.2711370885372162,0.9999416470527649,0.5211508870124817,0.29175427556037903,-0.26916176080703735,0.9999765753746033,0.5418548583984375,0.31084874272346497,-0.34278929233551025,0.999992311000824,0.5301840901374817,0.31209564208984375,-0.3405423164367676,0.9999942779541016,0.5820979475975037,0.37804439663887024,-0.17495231330394745,0.9999328851699829,0.503226101398468,0.3873584270477295,-0.19520840048789978,0.999932050704956,0.593828022480011,0.4863908588886261,-0.12581494450569153,0.9863877892494202,0.49244609475135803,0.501620888710022,-0.16956451535224915,0.9908350110054016,0.5816926956176758,0.5742443203926086,-0.19759424030780792,0.9652948379516602,0.5216614603996277,0.5905550718307495,-0.24429114162921906,0.9663609862327576,0.5759225487709045,0.593190610408783,-0.22461698949337006,0.9172355532646179,0.5324897170066833,0.609481155872345,-0.2746536135673523,0.9263578653335571,0.5710845589637756,0.5869282484054565,-0.24752041697502136,0.9213001728057861,0.53897625207901,0.5990093946456909,-0.29010137915611267,0.9264971613883972,0.5720242261886597,0.5805224776268005,-0.20748089253902435,0.9040834903717041,0.5363729000091553,0.5924652814865112,-0.2508186995983124,0.905890941619873,0.5688113570213318,0.5726850032806396,0.00651171151548624,0.9996864199638367,0.5221970677375793,0.5764949321746826,-0.006648031063377857,0.9996697306632996,0.5705980658531189,0.7437071800231934,0.00845593772828579,0.9936472177505493,0.5219350457191467,0.7429034113883972,0.008465741761028767,0.9933639168739319,0.5728228092193604,0.8770855665206909,0.1658845841884613,0.9935937523841858,0.5208013653755188,0.880140483379364,0.15447671711444855,0.992374062538147,0.5671222805976868,0.8916431069374084,0.17548683285713196,0.9295533895492554,0.5240996479988098,0.890740692615509,0.163395956158638,0.8324657678604126,0.5852754712104797,0.9346896409988403,0.06981153786182404,0.9877692461013794,0.5235555768013,0.939142644405365,0.052919935435056686,0.9856016635894775
10466.666666666679,0.5359646081924438,0.294067919254303,-0.379891961812973,0.999994695186615,0.5405223965644836,0.28023743629455566,-0.3685157597064972,0.9999825954437256,0.5436680316925049,0.2803179621696472,-0.3684879243373871,0.9999809861183167,0.5457944869995117,0.2804352641105652,-0.36851823329925537,0.9999796152114868,0.5309115052223206,0.28093093633651733,-0.3677082657814026,0.9999840259552002,0.5278953909873962,0.28161126375198364,-0.3677951395511627,0.999985933303833,0.5247510075569153,0.28249427676200867,-0.3678341805934906,0.9999862909317017,0.5516083836555481,0.287826806306839,-0.2740468680858612,0.9999395608901978,0.5218198299407959,0.2917502224445343,-0.2729845345020294,0.9999763369560242,0.5423675179481506,0.31086456775665283,-0.34344494342803955,0.9999918937683105,0.5308974981307983,0.31214359402656555,-0.3428371250629425,0.9999940991401672,0.5829503536224365,0.37781015038490295,-0.17862874269485474,0.9999294281005859,0.5037093162536621,0.3874032199382782,-0.20194126665592194,0.9999328255653381,0.5938979387283325,0.48654910922050476,-0.1349048912525177,0.986087441444397,0.49321332573890686,0.5016090273857117,-0.17862680554389954,0.9909342527389526,0.5822436809539795,0.573931872844696,-0.20904460549354553,0.9643811583518982,0.5220655798912048,0.5905566215515137,-0.24929895997047424,0.9661685824394226,0.5764520764350891,0.5931115746498108,-0.2364104837179184,0.9152207970619202,0.532802402973175,0.6095949411392212,-0.27931657433509827,0.9257400631904602,0.571552574634552,0.58672696352005,-0.2589183449745178,0.9193547368049622,0.5391554236412048,0.599188506603241,-0.29463279247283936,0.925849437713623,0.5725124478340149,0.5802035927772522,-0.21881704032421112,0.9015324115753174,0.5365104675292969,0.5925381183624268,-0.255588561296463,0.9049624800682068,0.5696000456809998,0.5720815062522888,0.006712606642395258,0.9996755719184875,0.5229700803756714,0.5752012729644775,-0.006842419505119324,0.9996700882911682,0.5711737871170044,0.7416453957557678,0.011529698967933655,0.9935822486877441,0.5226181149482727,0.740767240524292,0.007702444214373827,0.9934822916984558,0.5728229880332947,0.876761794090271,0.16493289172649384,0.9936095476150513,0.5208589434623718,0.8800973892211914,0.15149393677711487,0.9925364851951599,0.5669952630996704,0.8914469480514526,0.1740317940711975,0.9303134679794312,0.5241826772689819,0.890780508518219,0.1600835770368576,0.8336338400840759,0.5852744579315186,0.9347873330116272,0.0682469978928566,0.9878429174423218,0.5239027142524719,0.939137876033783,0.048986367881298065,0.9857531785964966
10500.000000000013,0.5366386771202087,0.29406601190567017,-0.37668576836586,0.9999944567680359,0.541317880153656,0.28023847937583923,-0.3648253381252289,0.9999818801879883,0.5443463921546936,0.28031688928604126,-0.3648001253604889,0.9999801516532898,0.5465956926345825,0.2804339826107025,-0.364826500415802,0.9999787211418152,0.5316510200500488,0.2809423506259918,-0.3642992079257965,0.999983549118042,0.528601348400116,0.281633585691452,-0.36438220739364624,0.9999854564666748,0.5254969000816345,0.28252702951431274,-0.36442145705223083,0.9999859929084778,0.5525166392326355,0.2877873182296753,-0.27043697237968445,0.9999370574951172,0.5224270820617676,0.29168543219566345,-0.2697085440158844,0.999975860118866,0.5430127382278442,0.31084001064300537,-0.3401053249835968,0.9999915957450867,0.5315593481063843,0.31214311718940735,-0.33980998396873474,0.9999939799308777,0.5843499898910522,0.3774605989456177,-0.17654724419116974,0.9999276399612427,0.5042131543159485,0.38754966855049133,-0.1998552680015564,0.9999338984489441,0.5943357944488525,0.4866415560245514,-0.1329222023487091,0.9856073260307312,0.4938172996044159,0.5016459822654724,-0.1762804090976715,0.9910327196121216,0.582200825214386,0.5738513469696045,-0.2106265276670456,0.963175892829895,0.5223839282989502,0.5905647277832031,-0.2483995407819748,0.9660359621047974,0.5764083862304688,0.5931002497673035,-0.2391345053911209,0.9131325483322144,0.5328215956687927,0.6101635694503784,-0.2791100740432739,0.9253740310668945,0.5714237689971924,0.5866186618804932,-0.2621845602989197,0.9173133969306946,0.5391320586204529,0.5995939373970032,-0.29479706287384033,0.9254443049430847,0.5723757147789001,0.5800002813339233,-0.22074611485004425,0.8989080786705017,0.536507785320282,0.5926635265350342,-0.25493353605270386,0.9044446349143982,0.5703930258750916,0.5721147656440735,0.006805253215134144,0.9996692538261414,0.5240040421485901,0.5748319029808044,-0.0069291559047997,0.9996710419654846,0.5716730356216431,0.7416755557060242,0.016435297206044197,0.9934795498847961,0.5235872864723206,0.7399998903274536,0.009012175723910332,0.9935351014137268,0.5726327300071716,0.8767213225364685,0.17161870002746582,0.9935503602027893,0.5216614603996277,0.8788514137268066,0.15728765726089478,0.9925355911254883,0.5662651062011719,0.8911248445510864,0.18092112243175507,0.930050790309906,0.5253622531890869,0.890211284160614,0.16644689440727234,0.83314049243927,0.5849199295043945,0.9348016381263733,0.0737314447760582,0.9878013134002686,0.5248190760612488,0.9385550022125244,0.05498574301600456,0.9857078790664673
10533.333333333347,0.5373128652572632,0.29405757784843445,-0.3755035698413849,0.9999942183494568,0.5420819520950317,0.28023093938827515,-0.3644360601902008,0.999981164932251,0.5450697541236877,0.28030604124069214,-0.3644137978553772,0.9999793171882629,0.5474823117256165,0.2804233133792877,-0.36441919207572937,0.9999777674674988,0.5323015451431274,0.2809455692768097,-0.3628244698047638,0.9999831318855286,0.5292415022850037,0.2816486060619354,-0.3629099130630493,0.9999850392341614,0.526159405708313,0.2825619876384735,-0.3629741072654724,0.9999857544898987,0.5535458922386169,0.2877630293369293,-0.2686174213886261,0.999934196472168,0.5231198668479919,0.29165908694267273,-0.2667884826660156,0.9999755024909973,0.5437384843826294,0.310808002948761,-0.3398262560367584,0.9999912977218628,0.5322580933570862,0.3121422529220581,-0.3380417823791504,0.9999938607215881,0.585637629032135,0.37706130743026733,-0.17487460374832153,0.9999257326126099,0.5055164694786072,0.3875037729740143,-0.19977805018424988,0.9999356865882874,0.5949229598045349,0.4867212474346161,-0.12980328500270844,0.9848623871803284,0.4947015941143036,0.501640796661377,-0.17475275695323944,0.9911717176437378,0.582175612449646,0.573795735836029,-0.2082730084657669,0.9615933299064636,0.522864580154419,0.5905704498291016,-0.24726934731006622,0.9661604762077332,0.576381504535675,0.5930875539779663,-0.23699839413166046,0.9107006788253784,0.5330776572227478,0.6104108691215515,-0.27819254994392395,0.9255258440971375,0.5713240504264832,0.5865108370780945,-0.2603055536746979,0.9149419069290161,0.5393111705780029,0.5997950434684753,-0.29390862584114075,0.9255481362342834,0.572269082069397,0.5797916650772095,-0.21856729686260223,0.8959538340568542,0.536706268787384,0.592736005783081,-0.2538239657878876,0.9045652747154236,0.5710840821266174,0.57228684425354,0.007182622328400612,0.9996653199195862,0.5249579548835754,0.5746479034423828,-0.007300049997866154,0.999675452709198,0.5722188949584961,0.7414378523826599,0.02213061787188053,0.993478000164032,0.5244972705841064,0.7387323379516602,0.010156987234950066,0.9936934113502502,0.5726831555366516,0.8765621781349182,0.1760665625333786,0.9936389923095703,0.5217587351799011,0.8785852789878845,0.15888044238090515,0.9926714301109314,0.5662277936935425,0.8907100558280945,0.18520019948482513,0.9307591915130615,0.5252805948257446,0.8900045156478882,0.1680832803249359,0.8347651362419128,0.5849061608314514,0.9348021149635315,0.07765703648328781,0.9879942536354065,0.5256261229515076,0.9385108947753906,0.05654815211892128,0.9859067797660828
10566.66666666668,0.538153886795044,0.2940495014190674,-0.37580785155296326,0.9999939203262329,0.5429916977882385,0.2802317440509796,-0.3640700578689575,0.9999803304672241,0.5459369421005249,0.28030702471733093,-0.36404722929000854,0.9999783039093018,0.5484282374382019,0.28042730689048767,-0.3640612065792084,0.9999766945838928,0.5330849885940552,0.2809486389160156,-0.36316531896591187,0.9999825358390808,0.5300015807151794,0.28165265917778015,-0.3632484972476959,0.9999845027923584,0.5269214510917664,0.2825664281845093,-0.3633016347885132,0.9999853372573853,0.5544767379760742,0.2877624034881592,-0.26888325810432434,0.9999312162399292,0.5239090323448181,0.2916203439235687,-0.2672317624092102,0.9999748468399048,0.5445454716682434,0.3107903003692627,-0.3393963575363159,0.9999909400939941,0.5330378413200378,0.31214019656181335,-0.3384847939014435,0.9999936819076538,0.5865566730499268,0.37665677070617676,-0.1755034625530243,0.9999237656593323,0.506485104560852,0.38756558299064636,-0.1997164934873581,0.999936580657959,0.5957441926002502,0.486972451210022,-0.1320614367723465,0.9843046069145203,0.495880126953125,0.5016639828681946,-0.17654334008693695,0.9912382960319519,0.5822334289550781,0.5737957954406738,-0.2112494856119156,0.960003137588501,0.5233364701271057,0.5905943512916565,-0.25001758337020874,0.9659389853477478,0.5764467716217041,0.5932918787002563,-0.2404092699289322,0.9080520868301392,0.5334133505821228,0.6107240319252014,-0.28147804737091064,0.9250304102897644,0.5712496042251587,0.5866018533706665,-0.2638567090034485,0.9123668670654297,0.5396190285682678,0.6000249981880188,-0.29747724533081055,0.9250182509422302,0.5721861720085144,0.5798052549362183,-0.2216450273990631,0.8928610682487488,0.5369916558265686,0.5928398370742798,-0.2567530870437622,0.9038746953010559,0.5721819400787354,0.5732320547103882,0.0072309705428779125,0.9996636509895325,0.5261715650558472,0.57466721534729,-0.0073452601209282875,0.9996800422668457,0.5727031230926514,0.7415986657142639,0.02389722876250744,0.9935438632965088,0.5250614881515503,0.7387183904647827,0.013303378596901894,0.9938520789146423,0.572692334651947,0.8765155076980591,0.1860908567905426,0.9937300086021423,0.5219331979751587,0.8784599304199219,0.1700756996870041,0.9928159713745117,0.5661648511886597,0.8904047012329102,0.1961374431848526,0.9314715266227722,0.525307297706604,0.8899978399276733,0.1801205426454544,0.8363143801689148,0.5848926901817322,0.9349430799484253,0.08810122311115265,0.988191545009613,0.525967001914978,0.9384943246841431,0.06795166432857513,0.9861292839050293
10600.000000000015,0.5391445159912109,0.2939954996109009,-0.3769175708293915,0.9999938011169434,0.5440283417701721,0.2801963686943054,-0.36496561765670776,0.9999799728393555,0.5468842387199402,0.2802789509296417,-0.36494067311286926,0.9999779462814331,0.5495468378067017,0.2803957462310791,-0.36496153473854065,0.9999762773513794,0.5339145660400391,0.2809141278266907,-0.3644241690635681,0.9999822974205017,0.5307755470275879,0.28162330389022827,-0.36450573801994324,0.9999842643737793,0.5276522040367126,0.28253892064094543,-0.364551842212677,0.9999851584434509,0.555543839931488,0.2877027690410614,-0.2702034115791321,0.9999306201934814,0.5245398283004761,0.2915150821208954,-0.26905739307403564,0.9999745488166809,0.545583963394165,0.31074345111846924,-0.34021851420402527,0.9999908804893494,0.5339463949203491,0.31212282180786133,-0.3397909104824066,0.999993622303009,0.5874603390693665,0.3762640058994293,-0.17736481130123138,0.9999235272407532,0.5073619484901428,0.3875788748264313,-0.20023415982723236,0.9999367594718933,0.5968105792999268,0.4874113202095032,-0.13225366175174713,0.9841007590293884,0.4978009760379791,0.5016700029373169,-0.17634393274784088,0.9911214709281921,0.5832351446151733,0.5739495754241943,-0.2084810584783554,0.9592830538749695,0.5242594480514526,0.5907413959503174,-0.2486914098262787,0.9652669429779053,0.5773897767066956,0.5938341617584229,-0.2370242029428482,0.90690678358078,0.5345319509506226,0.6109395623207092,-0.27970072627067566,0.9238391518592834,0.5717610120773315,0.5872727036476135,-0.26035261154174805,0.9112536907196045,0.5406544208526611,0.6001625061035156,-0.296102911233902,0.9237982034683228,0.5727669596672058,0.5803427696228027,-0.2187289446592331,0.8915043473243713,0.5380179286003113,0.5930153727531433,-0.25557297468185425,0.9024006128311157,0.5736976265907288,0.573397696018219,0.006928440649062395,0.9996655583381653,0.5272918939590454,0.5747086405754089,-0.00704351207241416,0.9996833801269531,0.5733788013458252,0.7419044375419617,0.02233045920729637,0.993707537651062,0.5255555510520935,0.73884516954422,0.015111800283193588,0.9940314292907715,0.5728064179420471,0.876706063747406,0.18493252992630005,0.9938656091690063,0.5221243500709534,0.8781352639198303,0.17446087300777435,0.9930116534233093,0.5662068128585815,0.8904715180397034,0.1951688677072525,0.9321545362472534,0.5256104469299316,0.8895256519317627,0.18466798961162567,0.838899552822113,0.5848788022994995,0.9355310797691345,0.08739490061998367,0.9884307980537415,0.5260101556777954,0.9383700489997864,0.07366486638784409,0.986477255821228
10633.333333333348,0.5402434468269348,0.29400402307510376,-0.3934532701969147,0.9999935626983643,0.5450735092163086,0.2801685035228729,-0.38097986578941345,0.9999793171882629,0.5478036403656006,0.28023916482925415,-0.3809511363506317,0.9999772310256958,0.550690233707428,0.28031837940216064,-0.3809817135334015,0.9999755024909973,0.534783661365509,0.28091588616371155,-0.38083261251449585,0.9999818205833435,0.5315623879432678,0.281631201505661,-0.3809260129928589,0.9999839067459106,0.5284259915351868,0.2825677692890167,-0.3809724450111389,0.999984860420227,0.5565272569656372,0.2875604033470154,-0.28300923109054565,0.9999281764030457,0.5250973105430603,0.2915172576904297,-0.2833796739578247,0.9999740719795227,0.5466967225074768,0.31074219942092896,-0.3553484082221985,0.9999905228614807,0.5350149273872375,0.3121583163738251,-0.3555230498313904,0.9999933242797852,0.5885591506958008,0.37615105509757996,-0.18486785888671875,0.9999194741249084,0.5081694722175598,0.3876716196537018,-0.2124859243631363,0.9999362230300903,0.5978776812553406,0.4878677427768707,-0.1397574543952942,0.9834441542625427,0.49978822469711304,0.501674473285675,-0.18903452157974243,0.9910544157028198,0.5839817523956299,0.5741193890571594,-0.21460971236228943,0.9563997387886047,0.5254034996032715,0.5909624099731445,-0.25940370559692383,0.9638628363609314,0.5778645277023315,0.5940667390823364,-0.24230872094631195,0.9013261198997498,0.5358784794807434,0.6110562086105347,-0.29030561447143555,0.9210352897644043,0.5721641182899475,0.5877124667167664,-0.26524826884269714,0.9058772325515747,0.5419794917106628,0.6003062129020691,-0.3066146671772003,0.9209510684013367,0.573258101940155,0.5808082222938538,-0.22461095452308655,0.8852859139442444,0.5393252968788147,0.5932725071907043,-0.26622071862220764,0.898780107498169,0.5748262405395508,0.5734038352966309,0.00725035835057497,0.9996650815010071,0.5283078551292419,0.5746617913246155,-0.007365653291344643,0.9996864795684814,0.5736574530601501,0.7420364618301392,0.021002257242798805,0.9936751127243042,0.5260725617408752,0.7384088039398193,0.01506191585212946,0.9941245913505554,0.5728275179862976,0.8771704435348511,0.18462657928466797,0.9939008951187134,0.5214734673500061,0.8781368732452393,0.17253735661506653,0.9931423664093018,0.5662596821784973,0.8909724354743958,0.19490855932235718,0.932682454586029,0.5244739055633545,0.8895341753959656,0.18262748420238495,0.8394784331321716,0.5849780440330505,0.9359115362167358,0.08618228882551193,0.9885253310203552,0.5259994864463806,0.9380420446395874,0.07026274502277374,0.9866318106651306
10666.666666666682,0.5413393378257751,0.29400256276130676,-0.3944253623485565,0.9999935030937195,0.5460760593414307,0.2800573706626892,-0.38217583298683167,0.9999790787696838,0.5486701130867004,0.2800949513912201,-0.3821471035480499,0.9999769926071167,0.5517637729644775,0.2800707221031189,-0.3821771740913391,0.9999752640724182,0.5356837511062622,0.28089579939842224,-0.3819836974143982,0.9999815821647644,0.5323521494865417,0.2816229462623596,-0.3820761740207672,0.9999837279319763,0.5292509198188782,0.2825687527656555,-0.38212063908576965,0.9999847412109375,0.5573500394821167,0.28718361258506775,-0.28506237268447876,0.999927818775177,0.5256737470626831,0.29151058197021484,-0.2851969599723816,0.9999737739562988,0.5477834343910217,0.31073975563049316,-0.3565182685852051,0.9999904632568359,0.536057710647583,0.31217342615127563,-0.35665735602378845,0.9999932050704956,0.5892191529273987,0.3757208287715912,-0.18822936713695526,0.9999171495437622,0.5090366005897522,0.38767629861831665,-0.2136051207780838,0.999934732913971,0.5990096926689148,0.4883756935596466,-0.14107798039913177,0.9830620288848877,0.501914918422699,0.5018442273139954,-0.187755286693573,0.9908487796783447,0.583859384059906,0.5765070915222168,-0.2122189700603485,0.9538653492927551,0.5268348455429077,0.5913646817207336,-0.25607171654701233,0.9621431231498718,0.5775434970855713,0.5963683724403381,-0.23960982263088226,0.8964008688926697,0.537624180316925,0.6113973259925842,-0.2864457666873932,0.9177373051643372,0.5716755986213684,0.5902957320213318,-0.2622893154621124,0.9011382460594177,0.5435889959335327,0.6008197069168091,-0.30277714133262634,0.9176897406578064,0.5730070471763611,0.5835024118423462,-0.2219657003879547,0.880128026008606,0.5410321354866028,0.5940456986427307,-0.26285743713378906,0.8949679136276245,0.5758311748504639,0.5733410716056824,0.0070160916075110435,0.9996660947799683,0.5294970273971558,0.5746135115623474,-0.007136153522878885,0.9996867775917053,0.574222981929779,0.7420927882194519,0.018848242238163948,0.9936313629150391,0.5265832543373108,0.7383208274841309,0.014598054811358452,0.9941138625144958,0.5729203820228577,0.8770794868469238,0.18732677400112152,0.9938472509384155,0.52159583568573,0.8777812719345093,0.17689193785190582,0.9931124448776245,0.5665494799613953,0.8905661702156067,0.19846636056900024,0.9321606159210205,0.5245286822319031,0.8882659673690796,0.18785125017166138,0.838280439376831,0.584976315498352,0.9359180927276611,0.09131743013858795,0.9884634017944336,0.525978684425354,0.9376906156539917,0.07653233408927917,0.9865657687187195
10700.000000000016,0.5421921610832214,0.2940317690372467,-0.40385597944259644,0.9999935626983643,0.5470449924468994,0.2800115942955017,-0.39173421263694763,0.9999793171882629,0.5495182275772095,0.28004318475723267,-0.39170244336128235,0.9999772310256958,0.5527941584587097,0.27997538447380066,-0.39173248410224915,0.9999755620956421,0.5365273952484131,0.2808832824230194,-0.3914317786693573,0.9999818205833435,0.533073365688324,0.28161320090293884,-0.3915286660194397,0.9999839663505554,0.5299908518791199,0.28256362676620483,-0.3915727734565735,0.9999849796295166,0.5581960678100586,0.28709283471107483,-0.29328200221061707,0.9999290704727173,0.5262417197227478,0.29147666692733765,-0.29290470480918884,0.9999740719795227,0.5486332178115845,0.3107552230358124,-0.3652629852294922,0.9999905228614807,0.5366950631141663,0.31219038367271423,-0.36527296900749207,0.9999932050704956,0.5900856256484985,0.3756059408187866,-0.19356049597263336,0.9999140501022339,0.5095964670181274,0.3876952826976776,-0.21721810102462769,0.9999335408210754,0.6000369787216187,0.4890640676021576,-0.1446458250284195,0.9826420545578003,0.5039924383163452,0.5018759369850159,-0.1880640983581543,0.9905703663825989,0.58380126953125,0.5792476534843445,-0.2144019454717636,0.9503962993621826,0.5279251933097839,0.5915048718452454,-0.2561888098716736,0.9600722789764404,0.577206552028656,0.5988985300064087,-0.24111318588256836,0.8895942568778992,0.538458526134491,0.6116382479667664,-0.2860547602176666,0.913837194442749,0.5714502334594727,0.5928071737289429,-0.26310741901397705,0.8944932818412781,0.5445793271064758,0.6013919115066528,-0.3027104437351227,0.9138367176055908,0.5729939937591553,0.5860978364944458,-0.2237372249364853,0.8729113340377808,0.5421879887580872,0.5946924686431885,-0.26305872201919556,0.8903717994689941,0.5767690539360046,0.5735212564468384,0.006804623641073704,0.9996650218963623,0.5304686427116394,0.5746706128120422,-0.0069315931759774685,0.9996858835220337,0.5749312043190002,0.7425684332847595,0.016515521332621574,0.9936866164207458,0.5267832279205322,0.7392780780792236,0.014179774560034275,0.994181752204895,0.5729357004165649,0.8770155906677246,0.1903720498085022,0.9939025640487671,0.5216401815414429,0.8777836561203003,0.1791650950908661,0.9932118058204651,0.5667095184326172,0.8903238773345947,0.20203442871570587,0.9324344396591187,0.5246827602386475,0.8881540298461914,0.19018836319446564,0.8389514088630676,0.5849043726921082,0.9359206557273865,0.09354356676340103,0.9885937571525574,0.5261863470077515,0.9374086260795593,0.07686377316713333,0.9867247939109802
10733.33333333335,0.5428436994552612,0.2940123677253723,-0.400481253862381,0.9999936819076538,0.5478702187538147,0.27995869517326355,-0.3883461058139801,0.9999796152114868,0.550332248210907,0.2800039052963257,-0.3883122205734253,0.9999775290489197,0.5537893772125244,0.2799265682697296,-0.3883354961872101,0.999975860118866,0.5372848510742188,0.2808292508125305,-0.3881627917289734,0.9999820590019226,0.5337477326393127,0.28155556321144104,-0.38825610280036926,0.9999842047691345,0.5306946039199829,0.2824943959712982,-0.3882988691329956,0.9999852776527405,0.5593355298042297,0.2870907187461853,-0.2904263436794281,0.9999301433563232,0.5268527865409851,0.2914077341556549,-0.2905539870262146,0.9999744892120361,0.5493859052658081,0.3107336461544037,-0.3621162176132202,0.999990701675415,0.5372274518013,0.3121611475944519,-0.3622552156448364,0.9999933242797852,0.5909046530723572,0.37554097175598145,-0.19176934659481049,0.9999141097068787,0.5099338293075562,0.3876930773258209,-0.21702101826667786,0.999934196472168,0.6009553074836731,0.4897318482398987,-0.14335790276527405,0.9822919368743896,0.5047176480293274,0.5018813610076904,-0.18862910568714142,0.9904363751411438,0.5845569968223572,0.5799754858016968,-0.21600593626499176,0.948211669921875,0.5289212465286255,0.5915138125419617,-0.25795963406562805,0.9590700268745422,0.5774896144866943,0.5993885397911072,-0.24310053884983063,0.8855677247047424,0.5391075611114502,0.611995279788971,-0.28816741704940796,0.9119953513145447,0.5717434287071228,0.5933963656425476,-0.26506757736206055,0.8905946612358093,0.5455588102340698,0.6018366813659668,-0.3051181137561798,0.9120542407035828,0.5733126997947693,0.5867353081703186,-0.2254812866449356,0.8687196969985962,0.5432092547416687,0.5950690507888794,-0.26495328545570374,0.8883047699928284,0.5775260925292969,0.5737380981445312,0.006715418305248022,0.9996721744537354,0.531127393245697,0.5746798515319824,-0.006847628857940435,0.9996917843818665,0.5755180716514587,0.7425808310508728,0.017232030630111694,0.9936875700950623,0.5271077156066895,0.7390811443328857,0.014707664959132671,0.9941871166229248,0.5732326507568359,0.8756283521652222,0.19993922114372253,0.9939020276069641,0.5219529867172241,0.8763163089752197,0.19041107594966888,0.9931778907775879,0.5669108033180237,0.8883160352706909,0.21231546998023987,0.9319316148757935,0.5248528718948364,0.8861082792282104,0.20265056192874908,0.8385357856750488,0.5848348736763,0.9355189800262451,0.10478553920984268,0.9886422157287598,0.5263266563415527,0.9367311000823975,0.09139908850193024,0.9867190718650818
10766.666666666684,0.5435569882392883,0.29400917887687683,-0.3985409438610077,0.9999938011169434,0.5487672686576843,0.279946893453598,-0.3865912854671478,0.9999798536300659,0.5512403845787048,0.2800016403198242,-0.38655367493629456,0.999977707862854,0.5548492670059204,0.279924601316452,-0.38657358288764954,0.9999760389328003,0.5381602644920349,0.2807914614677429,-0.3866347074508667,0.9999823570251465,0.5345197319984436,0.2815040349960327,-0.38672855496406555,0.9999845027923584,0.5314829349517822,0.2824190855026245,-0.38677120208740234,0.9999855756759644,0.5604719519615173,0.28711727261543274,-0.289398729801178,0.9999305605888367,0.5275156497955322,0.29131463170051575,-0.29077795147895813,0.9999750256538391,0.5500332713127136,0.3107317090034485,-0.36042341589927673,0.9999908208847046,0.5377435088157654,0.31214845180511475,-0.36087438464164734,0.9999934434890747,0.5912901163101196,0.3752608597278595,-0.19070932269096375,0.999912679195404,0.5101978182792664,0.38770076632499695,-0.2204262614250183,0.9999353885650635,0.6017675399780273,0.4898417294025421,-0.1434309035539627,0.981934666633606,0.5056960582733154,0.5023660063743591,-0.19472721219062805,0.9904802441596985,0.5857514142990112,0.5802250504493713,-0.2167164385318756,0.946522057056427,0.530180811882019,0.5915543437004089,-0.2619849145412445,0.9587286114692688,0.5782524943351746,0.5998514890670776,-0.24383021891117096,0.8823294043540955,0.540235161781311,0.6124075055122375,-0.2919730842113495,0.911323606967926,0.5725959539413452,0.5939586758613586,-0.2654135823249817,0.8873952627182007,0.546789288520813,0.6023406386375427,-0.30872172117233276,0.9114189743995667,0.5741414427757263,0.5871441960334778,-0.2261068969964981,0.8653495907783508,0.5444881916046143,0.5955163240432739,-0.2687939703464508,0.8876340985298157,0.5777841806411743,0.5741284489631653,0.0071076746098697186,0.9996780753135681,0.531264066696167,0.5747697949409485,-0.007245687767863274,0.9996998310089111,0.5759785175323486,0.7426825761795044,0.02047991007566452,0.9937329292297363,0.5273333787918091,0.7388722896575928,0.01446223258972168,0.9943264126777649,0.5732803344726562,0.8750323057174683,0.2023428976535797,0.9939445853233337,0.5214824676513672,0.8759791851043701,0.18805162608623505,0.9932676553726196,0.5669921040534973,0.8877284526824951,0.21451131999492645,0.9324424862861633,0.5238751769065857,0.8859920501708984,0.200042262673378,0.8394846320152283,0.5847737193107605,0.9352982640266418,0.10985004156827927,0.9887488484382629,0.5262353420257568,0.9362179636955261,0.09011408686637878,0.9868424534797668
10800.000000000018,0.5440070629119873,0.29410526156425476,-0.4032594859600067,0.9999939203262329,0.5492232441902161,0.27994924783706665,-0.3919723331928253,0.9999801516532898,0.5517114996910095,0.2800111770629883,-0.3919261395931244,0.9999780058860779,0.55526202917099,0.27993202209472656,-0.3919396698474884,0.9999763369560242,0.5386181473731995,0.28080251812934875,-0.39184537529945374,0.9999827146530151,0.5350238680839539,0.2815150022506714,-0.3919447064399719,0.999984860420227,0.5319767594337463,0.28244316577911377,-0.3919857144355774,0.999985933303833,0.5610470175743103,0.2871217727661133,-0.2963266372680664,0.9999310374259949,0.5281263589859009,0.29131269454956055,-0.2971644401550293,0.9999756217002869,0.550481379032135,0.3107644021511078,-0.3655950725078583,0.9999909400939941,0.5381664037704468,0.31224092841148376,-0.3658774495124817,0.9999935626983643,0.5917313694953918,0.3744896352291107,-0.1965406835079193,0.9999118447303772,0.5109338164329529,0.3879026472568512,-0.22579549252986908,0.9999368190765381,0.6028920412063599,0.4898105263710022,-0.14913392066955566,0.9820808172225952,0.5064164400100708,0.5025274157524109,-0.19922496378421783,0.9906248450279236,0.587897539138794,0.5805840492248535,-0.2199234515428543,0.9464913010597229,0.5312266945838928,0.5915977358818054,-0.2640324532985687,0.9588330388069153,0.580624520778656,0.600150465965271,-0.2466476559638977,0.8817996382713318,0.5410774946212769,0.6128777265548706,-0.29354599118232727,0.9113965630531311,0.5748883485794067,0.5943622589111328,-0.26811087131500244,0.8868122696876526,0.5477439761161804,0.6027792096138,-0.31007450819015503,0.9114909172058105,0.5762380361557007,0.5875739455223083,-0.22914038598537445,0.8649514317512512,0.545510470867157,0.5958953499794006,-0.2706795930862427,0.8878626227378845,0.5788715481758118,0.5738658308982849,0.007283413782715797,0.999679446220398,0.5322129726409912,0.5744968056678772,-0.007424218580126762,0.9997058510780334,0.5764743089675903,0.7424601316452026,0.024731548503041267,0.9937636256217957,0.527475118637085,0.7388104200363159,0.015823932364583015,0.9944704174995422,0.5738900899887085,0.8748234510421753,0.19922588765621185,0.9940112233161926,0.5209875702857971,0.8758711814880371,0.18435220420360565,0.993435263633728,0.5676063299179077,0.8876206278800964,0.21063631772994995,0.9333480596542358,0.5228564739227295,0.8856632709503174,0.19583919644355774,0.8416051268577576,0.5848627686500549,0.9349642395973206,0.106011763215065,0.9888700842857361,0.5259642601013184,0.9360328912734985,0.08508814126253128,0.9870480895042419
10833.333333333352,0.5443817973136902,0.2943609952926636,-0.4087384343147278,0.9999939203262329,0.5495253801345825,0.279992014169693,-0.39806416630744934,0.999980092048645,0.5520796179771423,0.2800444960594177,-0.39801469445228577,0.9999778270721436,0.5555745363235474,0.27994802594184875,-0.3980349898338318,0.9999761581420898,0.538998544216156,0.2809792459011078,-0.3974999487400055,0.9999828338623047,0.5354936718940735,0.2817386984825134,-0.39760568737983704,0.9999849796295166,0.5324675440788269,0.2827984094619751,-0.3976508677005768,0.9999861121177673,0.5616415739059448,0.2871227264404297,-0.30368271470069885,0.9999300837516785,0.5287308692932129,0.2915760278701782,-0.3027156889438629,0.9999759197235107,0.5510088801383972,0.3108554184436798,-0.37142708897590637,0.9999907612800598,0.5387287735939026,0.31248939037323,-0.37117817997932434,0.9999935030937195,0.592725396156311,0.37419751286506653,-0.20269125699996948,0.9999057054519653,0.5116261839866638,0.3879917562007904,-0.22985142469406128,0.9999374747276306,0.6034742593765259,0.4898648262023926,-0.1568489819765091,0.9817361831665039,0.5071126818656921,0.5028632283210754,-0.20361417531967163,0.9906677603721619,0.588807225227356,0.5814099311828613,-0.22444914281368256,0.9445019364356995,0.532634437084198,0.5916661024093628,-0.26592329144477844,0.9580662846565247,0.5813597440719604,0.6012316346168518,-0.2502671778202057,0.8776456117630005,0.5428133010864258,0.613441526889801,-0.2945857048034668,0.9096900820732117,0.5756886601448059,0.5952698588371277,-0.2714349329471588,0.882677435874939,0.549479603767395,0.603179395198822,-0.3102751076221466,0.9097253084182739,0.5770447254180908,0.5884591937065125,-0.2334156632423401,0.8606483936309814,0.5473041534423828,0.596267819404602,-0.27211296558380127,0.8859326839447021,0.5795608162879944,0.5733020901679993,0.007346948143094778,0.9996710419654846,0.5328086614608765,0.5737002491950989,-0.0074889580719172955,0.9997079968452454,0.5767333507537842,0.7424340844154358,0.023672835901379585,0.9936666488647461,0.5274067521095276,0.7383438348770142,0.015736298635601997,0.9945778250694275,0.5741398334503174,0.8745301365852356,0.19117514789104462,0.9940164089202881,0.5206824541091919,0.8759598731994629,0.17146477103233337,0.9935998916625977,0.5680212378501892,0.88734370470047,0.2014247626066208,0.9343003630638123,0.5224805474281311,0.8863332271575928,0.18111170828342438,0.8437894582748413,0.5848246812820435,0.934536337852478,0.1004391610622406,0.9888911843299866,0.5255011320114136,0.9360173940658569,0.07086332142353058,0.987213134765625
10866.666666666686,0.5446988344192505,0.29458191990852356,-0.39890390634536743,0.9999939203262329,0.5498218536376953,0.2800183594226837,-0.39006081223487854,0.999980092048645,0.5524895787239075,0.2800501883029938,-0.3900015950202942,0.999977707862854,0.5559360980987549,0.2799472510814667,-0.390008807182312,0.9999760389328003,0.5393504500389099,0.28122007846832275,-0.38863080739974976,0.9999828934669495,0.5359235405921936,0.28206154704093933,-0.3887367844581604,0.9999850392341614,0.5328762531280518,0.283275306224823,-0.3887859284877777,0.9999862313270569,0.5624231696128845,0.2871135175228119,-0.3017863929271698,0.9999294877052307,0.5294087529182434,0.2918602228164673,-0.2980262041091919,0.9999761581420898,0.5515270233154297,0.3109301030635834,-0.36320340633392334,0.9999907612800598,0.5393060445785522,0.31268826127052307,-0.36200475692749023,0.9999935030937195,0.5938034653663635,0.3739849328994751,-0.20253488421440125,0.9999039173126221,0.5125035047531128,0.3880312740802765,-0.22711443901062012,0.9999393820762634,0.6041742563247681,0.49008291959762573,-0.15623220801353455,0.9814746379852295,0.507975697517395,0.502986490726471,-0.20093649625778198,0.9907441139221191,0.589760959148407,0.5817601084709167,-0.2191881388425827,0.9441904425621033,0.533896803855896,0.5916709899902344,-0.26130998134613037,0.958202064037323,0.5823392271995544,0.6015017032623291,-0.24432732164859772,0.8772783875465393,0.5443283319473267,0.6135390400886536,-0.288878470659256,0.9100064039230347,0.5766839981079102,0.5954433679580688,-0.2652096450328827,0.8822981119155884,0.5508054494857788,0.603203296661377,-0.30359914898872375,0.9100039005279541,0.57808917760849,0.5886632204055786,-0.22786909341812134,0.8604031801223755,0.5486630797386169,0.5962889790534973,-0.2668452262878418,0.8864006400108337,0.5804083347320557,0.5732631087303162,0.008080443367362022,0.9996698498725891,0.5337142944335938,0.5735031962394714,-0.008222730830311775,0.9997130036354065,0.5770254135131836,0.742618978023529,0.02498445473611355,0.9934874773025513,0.5274409055709839,0.7382778525352478,0.014812243171036243,0.9946954250335693,0.5746815204620361,0.8740707039833069,0.1910679042339325,0.993947446346283,0.520435631275177,0.8758561015129089,0.16846783459186554,0.993703305721283,0.5687245726585388,0.8865025639533997,0.20145387947559357,0.9349695444107056,0.5217799544334412,0.8862427473068237,0.17830559611320496,0.845244824886322,0.5849173665046692,0.9342885613441467,0.10105898976325989,0.9888203740119934,0.5254853367805481,0.9360389709472656,0.06948325037956238,0.9872811436653137
10900.00000000002,0.5451334118843079,0.29523441195487976,-0.4091446101665497,0.9999939203262329,0.5502253770828247,0.28024959564208984,-0.39918288588523865,0.9999799728393555,0.5529907941818237,0.2801879048347473,-0.39913028478622437,0.9999774694442749,0.5563167333602905,0.28005269169807434,-0.3991455137729645,0.9999757409095764,0.5398179292678833,0.28173285722732544,-0.39814165234565735,0.9999828934669495,0.5364316701889038,0.28261709213256836,-0.3982515037059784,0.9999850988388062,0.5333545207977295,0.28389298915863037,-0.39830484986305237,0.9999863505363464,0.5630083084106445,0.28712940216064453,-0.30613136291503906,0.999927818775177,0.5300819277763367,0.2921447157859802,-0.3034982681274414,0.9999764561653137,0.5520268678665161,0.3112603724002838,-0.3720768094062805,0.9999905228614807,0.5399189591407776,0.3131917715072632,-0.3712798058986664,0.9999934434890747,0.5946149826049805,0.3738420307636261,-0.20327447354793549,0.9998989105224609,0.5134045481681824,0.3879567086696625,-0.23213694989681244,0.9999411702156067,0.6048030853271484,0.49042776226997375,-0.15717867016792297,0.9807978272438049,0.508992075920105,0.50309157371521,-0.20757423341274261,0.9909203052520752,0.5907767415046692,0.5827070474624634,-0.22428403794765472,0.9421586394309998,0.5350467562675476,0.591674268245697,-0.26930898427963257,0.9583860635757446,0.582760751247406,0.6033482551574707,-0.24982894957065582,0.873576819896698,0.5455257296562195,0.6137292981147766,-0.2976578176021576,0.9100667238235474,0.5771856307983398,0.5971425175666809,-0.27122101187705994,0.8786579966545105,0.5520623922348022,0.6033043265342712,-0.3122731149196625,0.9099993705749512,0.5787814259529114,0.5901249051094055,-0.23331598937511444,0.8565482497215271,0.5499706864356995,0.596392810344696,-0.2748861014842987,0.8864116072654724,0.5812687277793884,0.573119580745697,0.008830045349895954,0.9996671080589294,0.5344656705856323,0.5729631781578064,-0.008980050683021545,0.9997179508209229,0.5773374438285828,0.7426562309265137,0.026295969262719154,0.9933179020881653,0.5275954008102417,0.7382771372795105,0.013859046623110771,0.9948118925094604,0.5749561786651611,0.8740834593772888,0.1908877193927765,0.9939312934875488,0.520440399646759,0.8758642673492432,0.16570121049880981,0.9938462972640991,0.5691092014312744,0.886513888835907,0.20132847130298615,0.9358176589012146,0.5217674970626831,0.8862651586532593,0.17540059983730316,0.8471184372901917,0.5849841237068176,0.9342838525772095,0.09981857240200043,0.9888419508934021,0.5255039930343628,0.9360446929931641,0.0657593309879303,0.9874458312988281
10933.333333333354,0.5458064675331116,0.29580920934677124,-0.4099063575267792,0.9999938607215881,0.5509188175201416,0.28051409125328064,-0.39953798055648804,0.9999796748161316,0.5537548661231995,0.28037703037261963,-0.399493545293808,0.9999771118164062,0.5570296049118042,0.28022468090057373,-0.3995138108730316,0.999975323677063,0.5404893159866333,0.28210291266441345,-0.39870479702949524,0.9999827742576599,0.5371166467666626,0.2829705476760864,-0.39881405234336853,0.9999849796295166,0.5340084433555603,0.2842496335506439,-0.39886924624443054,0.9999863505363464,0.5638244152069092,0.28719788789749146,-0.30471259355545044,0.9999259114265442,0.5308871865272522,0.2922614514827728,-0.3028188943862915,0.9999764561653137,0.5527499318122864,0.3116391897201538,-0.3721642792224884,0.9999902248382568,0.5406703948974609,0.31366676092147827,-0.37163129448890686,0.9999933242797852,0.5953400731086731,0.37368687987327576,-0.20096756517887115,0.9998948574066162,0.5143193602561951,0.3877679705619812,-0.2312115877866745,0.999942421913147,0.6052417755126953,0.49073490500450134,-0.15398533642292023,0.9802600145339966,0.5095809698104858,0.5033072233200073,-0.20638121664524078,0.9910537004470825,0.5915331244468689,0.5835354328155518,-0.22256848216056824,0.940753698348999,0.5359033942222595,0.5921244621276855,-0.26847508549690247,0.9585021734237671,0.5830423831939697,0.6055895090103149,-0.24839049577713013,0.8711062073707581,0.5468448996543884,0.6146875023841858,-0.2973189353942871,0.9099228978157043,0.5772956013679504,0.5989113450050354,-0.27033737301826477,0.876312792301178,0.5530337691307068,0.6040947437286377,-0.3117615580558777,0.9098336696624756,0.5789191722869873,0.5916517376899719,-0.23186980187892914,0.8541748523712158,0.5508422255516052,0.5973012447357178,-0.2740182876586914,0.8862224221229553,0.5817573666572571,0.573106050491333,0.009610884822905064,0.9996636509895325,0.5347258448600769,0.572901725769043,-0.009760416112840176,0.9997209310531616,0.5775316953659058,0.7436094284057617,0.02875555120408535,0.9931170344352722,0.527714729309082,0.7387673258781433,0.012794540263712406,0.9949026703834534,0.5752394199371338,0.8736850619316101,0.19731487333774567,0.9938313364982605,0.5202792882919312,0.8759490847587585,0.16650143265724182,0.993945837020874,0.5696423649787903,0.8857367634773254,0.2082880139350891,0.9361202716827393,0.5212003588676453,0.8865067958831787,0.17648567259311676,0.8477048873901367,0.5849524736404419,0.9338653087615967,0.10654528439044952,0.9887080192565918,0.5253278017044067,0.9358038306236267,0.06605216860771179,0.9875102043151855
10966.666666666688,0.54627925157547,0.2964833080768585,-0.4279839098453522,0.9999938607215881,0.5515066981315613,0.2810375392436981,-0.4171335995197296,0.999979555606842,0.5544992685317993,0.28077995777130127,-0.41708630323410034,0.9999769330024719,0.557675302028656,0.28062233328819275,-0.4171105623245239,0.9999750852584839,0.541089653968811,0.28263041377067566,-0.41639238595962524,0.9999828934669495,0.5377110242843628,0.2834682762622833,-0.4165102243423462,0.9999850988388062,0.5345900654792786,0.2846522927284241,-0.416569322347641,0.9999865293502808,0.5647491216659546,0.2873544991016388,-0.31895795464515686,0.9999237656593323,0.531754195690155,0.29234975576400757,-0.31754162907600403,0.9999767541885376,0.5533682703971863,0.31206950545310974,-0.38899505138397217,0.999989926815033,0.5412408709526062,0.3141985535621643,-0.3886434733867645,0.9999932050704956,0.5962839722633362,0.3736865818500519,-0.21018287539482117,0.9998894333839417,0.5152131915092468,0.38775497674942017,-0.2431434839963913,0.9999439716339111,0.6058250665664673,0.49116358160972595,-0.16358542442321777,0.979547917842865,0.5104936957359314,0.5034525394439697,-0.2186705470085144,0.9912329912185669,0.5920997858047485,0.5843228101730347,-0.2335626780986786,0.9380820989608765,0.5366923809051514,0.5923720598220825,-0.28088268637657166,0.9588469862937927,0.5835081934928894,0.6075056195259094,-0.2596462368965149,0.8660740852355957,0.5477426648139954,0.615061342716217,-0.3105638325214386,0.9102078676223755,0.57758629322052,0.6005406975746155,-0.282125860452652,0.8713552355766296,0.5537718534469604,0.6046104431152344,-0.32499733567237854,0.9100682735443115,0.5791875123977661,0.5930078625679016,-0.243081197142601,0.8489156365394592,0.5515880584716797,0.5978924632072449,-0.2863764762878418,0.8862990736961365,0.582757294178009,0.5731014609336853,0.010203257203102112,0.9996657371520996,0.5355701446533203,0.5728524327278137,-0.010359556414186954,0.9997284412384033,0.5779631733894348,0.745023250579834,0.03498586639761925,0.992943525314331,0.5284233689308167,0.7390726804733276,0.012872908264398575,0.9949837327003479,0.5756056904792786,0.8743094205856323,0.20737165212631226,0.9937859177589417,0.5201283097267151,0.8759583234786987,0.1671893447637558,0.9940664768218994,0.5701419711112976,0.8861479759216309,0.21874019503593445,0.9367324709892273,0.5209755897521973,0.8866438269615173,0.17727619409561157,0.8487839102745056,0.5849522352218628,0.9338677525520325,0.11523499339818954,0.9886952042579651,0.525188684463501,0.9355103969573975,0.06668534874916077,0.9876686930656433
11000.000000000022,0.5468351244926453,0.29677772521972656,-0.4342942237854004,0.999993622303009,0.5522463321685791,0.2812901735305786,-0.423088014125824,0.9999787211418152,0.5553480386734009,0.28098592162132263,-0.42304059863090515,0.9999759197235107,0.5584871768951416,0.2808445990085602,-0.4230659306049347,0.9999739527702332,0.5418160557746887,0.2828609049320221,-0.4221884608268738,0.999982476234436,0.5384572148323059,0.28369274735450745,-0.4223070740699768,0.9999848008155823,0.5353341698646545,0.2848387360572815,-0.4223664104938507,0.9999863505363464,0.5657415390014648,0.28747594356536865,-0.3241979479789734,0.9999185800552368,0.5326687693595886,0.2924119830131531,-0.3219132125377655,0.9999764561653137,0.5540986657142639,0.3122558295726776,-0.39522695541381836,0.9999891519546509,0.5418508648872375,0.31440460681915283,-0.3946143686771393,0.9999929070472717,0.5972762703895569,0.37369200587272644,-0.2154572606086731,0.9998788237571716,0.5161517262458801,0.38772475719451904,-0.2454887181520462,0.9999446272850037,0.606339693069458,0.4916018545627594,-0.16818372905254364,0.9785193204879761,0.511182427406311,0.5035357475280762,-0.2192031294107437,0.9913610816001892,0.5923124551773071,0.5850434303283691,-0.23717084527015686,0.9327852129936218,0.53734290599823,0.5924315452575684,-0.28190529346466064,0.9586065411567688,0.5837523937225342,0.609483540058136,-0.26322081685066223,0.8566940426826477,0.5482304692268372,0.6152283549308777,-0.31154438853263855,0.9091858267784119,0.5778692960739136,0.6023240685462952,-0.2856893837451935,0.8620740175247192,0.5542579293251038,0.6047555208206177,-0.32624000310897827,0.9089388251304626,0.5793588161468506,0.5943013429641724,-0.24670912325382233,0.8391138911247253,0.5521315336227417,0.5980474352836609,-0.2875496447086334,0.8846955895423889,0.5833906531333923,0.5731375813484192,0.010160539299249649,0.9996650218963623,0.5360743999481201,0.5728423595428467,-0.010315880179405212,0.9997342228889465,0.5782852172851562,0.7450149655342102,0.03560628369450569,0.9927845597267151,0.5287410616874695,0.738822340965271,0.01278303936123848,0.995022177696228,0.5756198167800903,0.8743090033531189,0.21071048080921173,0.993729293346405,0.5201651453971863,0.8743346333503723,0.16974598169326782,0.9941468238830566,0.5701282620429993,0.8861610293388367,0.22221620380878448,0.9369345903396606,0.5210228562355042,0.8857636451721191,0.1800975352525711,0.8497046232223511,0.5847188830375671,0.933402419090271,0.11651003360748291,0.9886522889137268,0.5249713659286499,0.9333341121673584,0.06702663749456406,0.9877965450286865
11033.333333333356,0.5476923584938049,0.29677677154541016,-0.4260309040546417,0.9999935030937195,0.5532630085945129,0.28128889203071594,-0.41502898931503296,0.9999784827232361,0.5563920736312866,0.2809879779815674,-0.4149841070175171,0.9999755620956421,0.5595832467079163,0.2808571457862854,-0.41500699520111084,0.9999735355377197,0.542589008808136,0.28282275795936584,-0.41396912932395935,0.9999823570251465,0.5392624139785767,0.2836558222770691,-0.41407960653305054,0.9999846816062927,0.5360921025276184,0.2848008871078491,-0.4141327142715454,0.9999862909317017,0.5669701099395752,0.2874996066093445,-0.3177376985549927,0.9999171495437622,0.5335873365402222,0.29230132699012756,-0.31470438838005066,0.9999765157699585,0.5550234317779541,0.3123229146003723,-0.38759708404541016,0.999988853931427,0.5425871014595032,0.3144497871398926,-0.38674503564834595,0.9999927878379822,0.5985735654830933,0.3736654818058014,-0.2112198770046234,0.9998748898506165,0.5170500874519348,0.3873557150363922,-0.23942559957504272,0.9999454617500305,0.6074717044830322,0.49159708619117737,-0.16325895488262177,0.9783255457878113,0.5116612911224365,0.5034738779067993,-0.21554967761039734,0.9914323091506958,0.5933771133422852,0.5849588513374329,-0.23263610899448395,0.931540846824646,0.5376414656639099,0.5924222469329834,-0.2782897651195526,0.9585920572280884,0.5856015086174011,0.6091786026954651,-0.25884267687797546,0.8541991710662842,0.5483794808387756,0.6152316331863403,-0.30799102783203125,0.9088559150695801,0.5794853568077087,0.6020981669425964,-0.2813604474067688,0.8595826029777527,0.5544937252998352,0.6047527194023132,-0.3227068781852722,0.9084985256195068,0.5807332396507263,0.5941494703292847,-0.24218128621578217,0.8364261388778687,0.5523711442947388,0.5980414152145386,-0.28405824303627014,0.8840668797492981,0.5840741395950317,0.5732298493385315,0.010119354352355003,0.9996645450592041,0.5366865992546082,0.5728486180305481,-0.01027422770857811,0.9997374415397644,0.5787244439125061,0.7452284097671509,0.03389715403318405,0.9927636981010437,0.5292461514472961,0.7387145161628723,0.014635805040597916,0.9951463341712952,0.5758451819419861,0.8748190999031067,0.2069636732339859,0.9937663078308105,0.5202131867408752,0.8742132186889648,0.17325443029403687,0.9942834377288818,0.5703189373016357,0.8871127367019653,0.21871572732925415,0.9378383159637451,0.5212104916572571,0.8857434988021851,0.18343421816825867,0.8519635796546936,0.5847988724708557,0.9334006905555725,0.1159110963344574,0.9887238144874573,0.524556577205658,0.9323358535766602,0.06946244090795517,0.9879975318908691
11066.66666666669,0.5482124090194702,0.2967718243598938,-0.4226262867450714,0.9999935626983643,0.5539978742599487,0.2812740206718445,-0.4114695191383362,0.9999786615371704,0.5572499632835388,0.2809816598892212,-0.41142380237579346,0.9999757409095764,0.5603616833686829,0.28085896372795105,-0.4114442765712738,0.999973714351654,0.5431955456733704,0.28274208307266235,-0.4103909730911255,0.9999826550483704,0.5399096608161926,0.28358346223831177,-0.4104998707771301,0.9999849200248718,0.5366789102554321,0.2847001850605011,-0.41055119037628174,0.9999865293502808,0.5678486227989197,0.28750258684158325,-0.3143037259578705,0.9999171495437622,0.5345128774642944,0.2921924591064453,-0.31135380268096924,0.9999770522117615,0.5556432604789734,0.3123418688774109,-0.38435202836990356,0.999988853931427,0.5430530309677124,0.31447020173072815,-0.3834752142429352,0.999992847442627,0.5994149446487427,0.37369289994239807,-0.2085440754890442,0.9998729825019836,0.5182064175605774,0.38718777894973755,-0.23682308197021484,0.9999464750289917,0.6083290576934814,0.49140942096710205,-0.1609829217195511,0.9783483147621155,0.5117477774620056,0.5032103657722473,-0.2125353217124939,0.9916031956672668,0.5945318341255188,0.5848608016967773,-0.23178242146968842,0.9311954379081726,0.5378828644752502,0.5924306511878967,-0.27628910541534424,0.9588567018508911,0.5875066518783569,0.6090764403343201,-0.25837767124176025,0.8531460762023926,0.5485460758209229,0.6154030561447144,-0.3060622811317444,0.9088817238807678,0.5812095999717712,0.6018337607383728,-0.2808186709880829,0.8584632873535156,0.5547321438789368,0.6049891114234924,-0.3218863904476166,0.9083818793296814,0.5822609066963196,0.593950092792511,-0.24131475389003754,0.8351441025733948,0.5526335835456848,0.5981830954551697,-0.2825256884098053,0.8838409781455994,0.5845468640327454,0.5732629895210266,0.010091009549796581,0.9996666312217712,0.5371160507202148,0.5726943016052246,-0.010245058685541153,0.9997416138648987,0.579028844833374,0.7452229261398315,0.03278185799717903,0.9927802085876465,0.5294668078422546,0.7383604049682617,0.014618335291743279,0.9952775835990906,0.575843095779419,0.8761304616928101,0.20206254720687866,0.9938613176345825,0.5199889540672302,0.8742101788520813,0.17105507850646973,0.9944489598274231,0.5703588128089905,0.8889557123184204,0.21240149438381195,0.9389448761940002,0.5209346413612366,0.8858098387718201,0.18081314861774445,0.8543742895126343,0.5848646759986877,0.9334469437599182,0.10608982294797897,0.9888749718666077,0.5238657593727112,0.9316166639328003,0.06685389578342438,0.9882590174674988
11100.000000000024,0.5490437746047974,0.2966172695159912,-0.4203634262084961,0.9999936819076538,0.5550748109817505,0.2812345623970032,-0.4092651307582855,0.9999790787696838,0.5582702159881592,0.2809755504131317,-0.40922123193740845,0.9999761581420898,0.5612261891365051,0.28087589144706726,-0.40924420952796936,0.9999741315841675,0.5443675518035889,0.28244271874427795,-0.4083060026168823,0.9999830722808838,0.5411575436592102,0.28319451212882996,-0.40841367840766907,0.9999853372573853,0.5379183292388916,0.2841919958591461,-0.4084652066230774,0.9999868869781494,0.5685195326805115,0.28759342432022095,-0.3126294016838074,0.99991774559021,0.5357609391212463,0.29161199927330017,-0.30983680486679077,0.9999776482582092,0.5563077330589294,0.31228163838386536,-0.38218533992767334,0.9999889731407166,0.5436524152755737,0.3142257332801819,-0.38142096996307373,0.9999929666519165,0.5997535586357117,0.37368449568748474,-0.2079945206642151,0.9998733997344971,0.5189635157585144,0.3871277868747711,-0.23580071330070496,0.9999478459358215,0.6094537377357483,0.4909776449203491,-0.159291610121727,0.9787784218788147,0.5119438767433167,0.5030292272567749,-0.21071939170360565,0.9917697906494141,0.5956928730010986,0.5838721394538879,-0.2311348170042038,0.9328540563583374,0.5380322933197021,0.5924133062362671,-0.2746144235134125,0.959663450717926,0.5895679593086243,0.6072320938110352,-0.2577103078365326,0.8557186722755432,0.548560380935669,0.6154012680053711,-0.3041704297065735,0.9102810025215149,0.5830303430557251,0.6008144617080688,-0.2795780599117279,0.8609439730644226,0.5547472238540649,0.6050193309783936,-0.3197183310985565,0.9097350835800171,0.5838484168052673,0.593289852142334,-0.2405683398246765,0.837653636932373,0.5526197552680969,0.5981844663619995,-0.2807791531085968,0.8853181004524231,0.5850638151168823,0.5732617378234863,0.010065876878798008,0.9996676445007324,0.5378758907318115,0.5725916624069214,-0.010219385847449303,0.9997461438179016,0.5791292190551758,0.7449710965156555,0.03429552540183067,0.9926866292953491,0.5298781394958496,0.7380256652832031,0.013725771568715572,0.9953188896179199,0.575875997543335,0.8766143918037415,0.19702956080436707,0.993883490562439,0.5200285315513611,0.8743793964385986,0.16316761076450348,0.9945327639579773,0.5704829692840576,0.8897899389266968,0.20631100237369537,0.9398244619369507,0.520959734916687,0.8861558437347412,0.1720968633890152,0.8555290699005127,0.5849526524543762,0.9334706664085388,0.10007110238075256,0.9889407157897949,0.52385413646698,0.9316556453704834,0.058636076748371124,0.9883758425712585
11133.333333333358,0.5500121712684631,0.2965385615825653,-0.42214447259902954,0.9999937415122986,0.5561065673828125,0.2812167704105377,-0.41083621978759766,0.9999793767929077,0.5592312216758728,0.280973881483078,-0.4107903838157654,0.9999764561653137,0.5621126294136047,0.2808968126773834,-0.4108121991157532,0.9999744296073914,0.5454615354537964,0.28229162096977234,-0.40998247265815735,0.9999833703041077,0.5422856211662292,0.28301411867141724,-0.41009321808815,0.9999856352806091,0.5390517711639404,0.2839916944503784,-0.4101446568965912,0.9999871850013733,0.569213330745697,0.28767985105514526,-0.31289762258529663,0.9999181628227234,0.5366782546043396,0.29137712717056274,-0.3108901381492615,0.9999781250953674,0.5571728348731995,0.3122522234916687,-0.38355061411857605,0.9999890327453613,0.5445355772972107,0.3141297996044159,-0.38303086161613464,0.9999930262565613,0.6003987193107605,0.37369510531425476,-0.20721906423568726,0.9998730421066284,0.5194941163063049,0.38694998621940613,-0.2348489910364151,0.9999488592147827,0.610214114189148,0.49097493290901184,-0.15924744307994843,0.9790408611297607,0.5122177600860596,0.5029199719429016,-0.20914000272750854,0.9918596148490906,0.5958728790283203,0.5833308696746826,-0.23169513046741486,0.9333124756813049,0.5380147695541382,0.5924270153045654,-0.27400434017181396,0.9598010778427124,0.5896409153938293,0.6060922741889954,-0.2582499384880066,0.8559117317199707,0.5486009120941162,0.6154351830482483,-0.30376148223876953,0.9102945327758789,0.5829628705978394,0.6000279188156128,-0.2804694175720215,0.8611160516738892,0.5547608137130737,0.6051079630851746,-0.319112628698349,0.9097239375114441,0.5838066935539246,0.5927742719650269,-0.24109889566898346,0.8375090956687927,0.5525630116462708,0.5982382297515869,-0.2800426483154297,0.8851043581962585,0.5858178734779358,0.5732619166374207,0.010047894902527332,0.9996667504310608,0.538548469543457,0.5725650191307068,-0.010200943797826767,0.9997491836547852,0.5793323516845703,0.7449859380722046,0.03429533168673515,0.9926354289054871,0.5301167964935303,0.7378641963005066,0.013007745146751404,0.9953582882881165,0.5760095119476318,0.8768602013587952,0.19843336939811707,0.9939050078392029,0.5200195908546448,0.8743972778320312,0.16430319845676422,0.9946095943450928,0.5707458257675171,0.890080451965332,0.20822082459926605,0.94036465883255,0.5209331512451172,0.8863065838813782,0.17360948026180267,0.8560692667961121,0.5850194096565247,0.9334739446640015,0.10155012458562851,0.9890077114105225,0.5238216519355774,0.9315249919891357,0.0600237138569355,0.9884796142578125
11166.666666666692,0.550855278968811,0.2964800298213959,-0.4138015806674957,0.9999937415122986,0.5569433569908142,0.28119486570358276,-0.40273982286453247,0.9999794363975525,0.5600264072418213,0.28097277879714966,-0.4026895761489868,0.9999765157699585,0.562860369682312,0.28092584013938904,-0.40270325541496277,0.9999744892120361,0.5463395714759827,0.28211989998817444,-0.4019757807254791,0.9999834895133972,0.5431984066963196,0.2828151285648346,-0.4020824134349823,0.9999857544898987,0.5399994254112244,0.28377148509025574,-0.40213173627853394,0.9999873042106628,0.5698186755180359,0.28778934478759766,-0.30571311712265015,0.9999178051948547,0.5375908017158508,0.2911257743835449,-0.30444037914276123,0.9999783039093018,0.5579687356948853,0.31222355365753174,-0.37555012106895447,0.9999890327453613,0.5453186631202698,0.31405916810035706,-0.3752261698246002,0.9999930262565613,0.6011885404586792,0.3737257719039917,-0.20036198198795319,0.9998728632926941,0.5202193856239319,0.3868439495563507,-0.22819584608078003,0.9999498724937439,0.6106280088424683,0.4909442365169525,-0.14965198934078217,0.9791355729103088,0.5127996802330017,0.5024086833000183,-0.19992567598819733,0.9919177889823914,0.5957491397857666,0.583011269569397,-0.21971853077411652,0.9338670372962952,0.5379762053489685,0.5924286246299744,-0.26489341259002686,0.9599709510803223,0.5893952250480652,0.6053714156150818,-0.24508491158485413,0.8567630052566528,0.5484388470649719,0.6154504418373108,-0.2941194176673889,0.9105373620986938,0.5826596617698669,0.5997254848480225,-0.26797544956207275,0.8619225025177002,0.5546261668205261,0.6052658557891846,-0.3094314932823181,0.9099475741386414,0.583556592464447,0.5926628708839417,-0.22919052839279175,0.8381474018096924,0.55242520570755,0.5983403325080872,-0.27085965871810913,0.885312020778656,0.5859357118606567,0.5732384324073792,0.010073753073811531,0.9996662735939026,0.5389811992645264,0.5722585320472717,-0.010226616635918617,0.9997518658638,0.5794938206672668,0.7449926137924194,0.0339013934135437,0.9926055669784546,0.5301045179367065,0.7377623915672302,0.011601134203374386,0.995430052280426,0.5760116577148438,0.876899003982544,0.19655726850032806,0.993950366973877,0.5200221538543701,0.8742908239364624,0.16092613339424133,0.9947076439857483,0.570734441280365,0.8900604844093323,0.20619477331638336,0.9411017298698425,0.5209383368492126,0.8861464262008667,0.17005132138729095,0.8574501276016235,0.58501136302948,0.9334026575088501,0.10030917078256607,0.989102303981781,0.5238255858421326,0.9314607381820679,0.05741279199719429,0.9886332750320435
11200.000000000025,0.5515078902244568,0.29645028710365295,-0.43385159969329834,0.999993622303009,0.5576379299163818,0.281192421913147,-0.42215272784233093,0.9999792575836182,0.5607403516769409,0.2809799909591675,-0.4221082627773285,0.9999762177467346,0.5634886622428894,0.2809925675392151,-0.42213213443756104,0.9999741911888123,0.5470291376113892,0.28201860189437866,-0.42090165615081787,0.999983549118042,0.5439265370368958,0.28270649909973145,-0.421021044254303,0.9999857544898987,0.5407512784004211,0.2836512327194214,-0.4210818111896515,0.9999874234199524,0.570342481136322,0.2879292964935303,-0.32230955362319946,0.999915361404419,0.5384508371353149,0.2910427749156952,-0.31921136379241943,0.9999783635139465,0.5586355924606323,0.3122207224369049,-0.3948083519935608,0.9999886751174927,0.5458890199661255,0.31405097246170044,-0.39394840598106384,0.9999929070472717,0.601911187171936,0.3737797737121582,-0.21309371292591095,0.9998663067817688,0.5215097665786743,0.38645467162132263,-0.23949697613716125,0.9999509453773499,0.6108976602554321,0.49103546142578125,-0.16629989445209503,0.9788405299186707,0.5131280422210693,0.5017138123512268,-0.21181155741214752,0.9919004440307617,0.5957056879997253,0.5831465125083923,-0.23346981406211853,0.9315434098243713,0.5380384922027588,0.592365562915802,-0.2775656282901764,0.9595856666564941,0.5891515612602234,0.605774462223053,-0.25885993242263794,0.8519406914710999,0.5484130382537842,0.615437388420105,-0.3071160316467285,0.9095121622085571,0.5820441842079163,0.6001960039138794,-0.2806563079357147,0.8569024205207825,0.5546401739120483,0.6052879095077515,-0.32194408774375916,0.9087831974029541,0.5829162001609802,0.5929683446884155,-0.24236035346984863,0.832442581653595,0.5524700284004211,0.5983473658561707,-0.2833632528781891,0.8836416602134705,0.5860529541969299,0.5728459358215332,0.01037205196917057,0.9996665716171265,0.5393416285514832,0.5714820623397827,-0.010521969757974148,0.9997596740722656,0.5796369314193726,0.7437715530395508,0.04164005443453789,0.9922579526901245,0.5303153991699219,0.7367630004882812,-0.0004329712246544659,0.9954056739807129,0.5759859085083008,0.8756086826324463,0.2080744057893753,0.9938122034072876,0.5201021432876587,0.8741683959960938,0.14300836622714996,0.9947615265846252,0.5706721544265747,0.8887946605682373,0.21849402785301208,0.9415076971054077,0.5209692120552063,0.8861584067344666,0.1514531522989273,0.8582518100738525,0.5850051641464233,0.9326090216636658,0.11394772678613663,0.9889435768127441,0.5238324999809265,0.9309113621711731,0.0353788398206234,0.9887390732765198
11233.33333333336,0.5519461035728455,0.29645198583602905,-0.4207260012626648,0.9999935030937195,0.5581471920013428,0.2812345027923584,-0.4104001224040985,0.9999788403511047,0.5614330768585205,0.28104832768440247,-0.41035276651382446,0.9999756813049316,0.5640587210655212,0.28113698959350586,-0.4103657007217407,0.9999735951423645,0.5474840402603149,0.28201454877853394,-0.40803390741348267,0.9999834299087524,0.5443653464317322,0.28270992636680603,-0.4081456959247589,0.9999855756759644,0.5411548018455505,0.2836487293243408,-0.40820953249931335,0.9999873042106628,0.5708907246589661,0.288078248500824,-0.31620362401008606,0.9999125599861145,0.5391664505004883,0.29100537300109863,-0.30801379680633545,0.9999780654907227,0.5591496825218201,0.31223174929618835,-0.3836820423603058,0.999988317489624,0.5461635589599609,0.314071387052536,-0.38133925199508667,0.9999927282333374,0.6028057336807251,0.37384140491485596,-0.20995782315731049,0.9998596906661987,0.5231276154518127,0.38492551445961,-0.233048215508461,0.9999520182609558,0.6110250949859619,0.49110475182533264,-0.16164101660251617,0.9782869815826416,0.5133727192878723,0.5009562373161316,-0.2046770304441452,0.9918716549873352,0.5954170227050781,0.5834236741065979,-0.22259756922721863,0.9292750954627991,0.5381442904472351,0.5920314788818359,-0.266630619764328,0.9594086408615112,0.5884796380996704,0.6069261431694031,-0.24730758368968964,0.847819983959198,0.5484780669212341,0.6153298616409302,-0.295051246881485,0.9090646505355835,0.5813614726066589,0.6011514663696289,-0.2691960334777832,0.852765679359436,0.5547557473182678,0.6052711009979248,-0.30976781249046326,0.9082545042037964,0.5821546316146851,0.5936228632926941,-0.23143285512924194,0.8280502557754517,0.5525766611099243,0.598304271697998,-0.2723345160484314,0.8830422759056091,0.5860926508903503,0.5730318427085876,0.010397037491202354,0.9996651411056519,0.539601743221283,0.5714635848999023,-0.010547703132033348,0.9997646808624268,0.5796821713447571,0.7438014149665833,0.04269091784954071,0.9920892715454102,0.5304807424545288,0.7368347644805908,0.0034001609310507774,0.9954661726951599,0.5759503245353699,0.8755073547363281,0.20567378401756287,0.9937869906425476,0.5201085209846497,0.8741722106933594,0.15054257214069366,0.9948280453681946,0.5706313848495483,0.8886145353317261,0.2161611169576645,0.942355751991272,0.520973265171051,0.8861371278762817,0.15945693850517273,0.8592137694358826,0.5849950909614563,0.9324999451637268,0.11160866171121597,0.9889358878135681,0.5238772034645081,0.9306874871253967,0.045395370572805405,0.9888302683830261
11266.666666666693,0.5523627996444702,0.2968099117279053,-0.41450247168540955,0.9999933242797852,0.5583590865135193,0.28154492378234863,-0.4049149453639984,0.999978244304657,0.5618241429328918,0.2813398838043213,-0.40486660599708557,0.9999749660491943,0.5644006729125977,0.28136754035949707,-0.4048812687397003,0.9999728798866272,0.5477353930473328,0.282362699508667,-0.4027961790561676,0.9999830722808838,0.5445830821990967,0.28309881687164307,-0.4029046595096588,0.9999852180480957,0.5414621829986572,0.2838727533817291,-0.40296509861946106,0.999987006187439,0.5710781812667847,0.28811001777648926,-0.3131386637687683,0.9999100565910339,0.5397388935089111,0.29103994369506836,-0.305031955242157,0.9999774694442749,0.5596596002578735,0.31236732006073,-0.3777759373188019,0.9999879002571106,0.5466480255126953,0.3143363296985626,-0.37571853399276733,0.9999924302101135,0.6034635901451111,0.3738296627998352,-0.20932814478874207,0.9998580813407898,0.5234710574150085,0.3842013478279114,-0.23047488927841187,0.9999527335166931,0.611442506313324,0.49106913805007935,-0.16126994788646698,0.978234589099884,0.5136090517044067,0.5003493428230286,-0.2020203322172165,0.9918273091316223,0.5953918695449829,0.5834082961082458,-0.2204337865114212,0.92918860912323,0.5382529497146606,0.5919027924537659,-0.2623514235019684,0.9590158462524414,0.5879333019256592,0.6069361567497253,-0.24527482688426971,0.8475062847137451,0.5486807227134705,0.615288496017456,-0.29036152362823486,0.9082621932029724,0.5807180404663086,0.6011497974395752,-0.26733726263046265,0.8524399399757385,0.5548940896987915,0.605262815952301,-0.3054519593715668,0.9074070453643799,0.5816020369529724,0.593626856803894,-0.22931703925132751,0.8275547623634338,0.5527166724205017,0.5982889533042908,-0.2681776285171509,0.8821499347686768,0.5864266157150269,0.5729772448539734,0.01033505704253912,0.9996630549430847,0.540020763874054,0.5710746645927429,-0.010484005324542522,0.9997676610946655,0.5797232389450073,0.7437953352928162,0.040844593197107315,0.9920110106468201,0.5305219292640686,0.7364497780799866,0.006439588498324156,0.9955060482025146,0.575896143913269,0.8756307363510132,0.1945565640926361,0.9938101172447205,0.5200474858283997,0.8741899132728577,0.1521821767091751,0.9948906898498535,0.5705044865608215,0.8886469602584839,0.20376966893672943,0.9431619048118591,0.520975649356842,0.8861393332481384,0.16081522405147552,0.860020101070404,0.5849840044975281,0.9325711727142334,0.10179736465215683,0.9889901876449585,0.5238490104675293,0.9306074380874634,0.04904172196984291,0.9889022707939148
11300.000000000027,0.5526792407035828,0.29713064432144165,-0.4088430404663086,0.9999931454658508,0.558506190776825,0.2817951738834381,-0.3989700376987457,0.9999775886535645,0.5620707869529724,0.28159722685813904,-0.39892578125,0.999974250793457,0.5647033452987671,0.28155165910720825,-0.39894041419029236,0.9999721050262451,0.5480335354804993,0.28267601132392883,-0.39716804027557373,0.9999827146530151,0.5449489951133728,0.2833915650844574,-0.3972719609737396,0.999984860420227,0.5419682860374451,0.28402969241142273,-0.3973301649093628,0.9999867081642151,0.5712898969650269,0.2881486117839813,-0.3064154386520386,0.9999067783355713,0.5406416058540344,0.291048526763916,-0.3000296354293823,0.9999769330024719,0.560064435005188,0.3124922215938568,-0.3719448447227478,0.9999874830245972,0.5471969246864319,0.3145010769367218,-0.37028199434280396,0.9999921917915344,0.6042328476905823,0.37381917238235474,-0.2030818611383438,0.9998582005500793,0.5237687826156616,0.38399413228034973,-0.22660693526268005,0.9999539852142334,0.6122423410415649,0.49087122082710266,-0.15632598102092743,0.9784005284309387,0.5136929154396057,0.4999144375324249,-0.1997780054807663,0.9918817281723022,0.5953283905982971,0.5827836394309998,-0.21990929543972015,0.930334746837616,0.5384021997451782,0.5914409756660461,-0.262152761220932,0.9594162702560425,0.5878847241401672,0.6053640842437744,-0.24540458619594574,0.8495453000068665,0.5489901304244995,0.614771842956543,-0.2907935678958893,0.9091243743896484,0.5808295607566833,0.5993982553482056,-0.26779934763908386,0.8544284105300903,0.5551919937133789,0.60466468334198,-0.3061158359050751,0.9082282185554504,0.5817544460296631,0.5924122333526611,-0.2290613204240799,0.8295339941978455,0.5529500842094421,0.5976307392120361,-0.2681283950805664,0.8830757737159729,0.5867945551872253,0.5729789137840271,0.010377022437751293,0.9996632933616638,0.5404830574989319,0.570954442024231,-0.010522778145968914,0.9997732639312744,0.5798746943473816,0.7434778213500977,0.04657901078462601,0.9919160604476929,0.5306044220924377,0.7364518046379089,0.007880041375756264,0.9955670833587646,0.5758514404296875,0.8756838440895081,0.19575385749340057,0.993834912776947,0.5199950337409973,0.874237596988678,0.15026149153709412,0.994945764541626,0.5703657269477844,0.8886820077896118,0.2041929066181183,0.9442213177680969,0.5209644436836243,0.8861439824104309,0.15838564932346344,0.8608271479606628,0.5849844813346863,0.9325968623161316,0.10348638892173767,0.9890487790107727,0.5237621068954468,0.9303802251815796,0.04774266853928566,0.9889557957649231
11333.333333333361,0.553095817565918,0.2971923351287842,-0.4047950208187103,0.9999929666519165,0.5587946772575378,0.28189074993133545,-0.39454391598701477,0.9999770522117615,0.562436044216156,0.2817029654979706,-0.39450356364250183,0.9999735951423645,0.5651191473007202,0.2816210985183716,-0.3945201635360718,0.9999714493751526,0.5484899282455444,0.28279322385787964,-0.3930954337120056,0.9999824166297913,0.5454679727554321,0.283507376909256,-0.39319702982902527,0.9999845623970032,0.5425756573677063,0.28407782316207886,-0.3932510018348694,0.9999864101409912,0.5715946555137634,0.28815361857414246,-0.3009577691555023,0.9999039173126221,0.5414005517959595,0.2910427749156952,-0.2965905964374542,0.9999765157699585,0.560531497001648,0.31251296401023865,-0.36773765087127686,0.9999871253967285,0.5477209091186523,0.31451019644737244,-0.3665497601032257,0.9999920129776001,0.6047483086585999,0.37381497025489807,-0.19937720894813538,0.9998593330383301,0.5236966013908386,0.3840067386627197,-0.22304844856262207,0.9999550580978394,0.6130333542823792,0.49056509137153625,-0.15445289015769958,0.9786497950553894,0.5136144161224365,0.4998023211956024,-0.19722086191177368,0.9919381737709045,0.5952491164207458,0.5824187994003296,-0.22021342813968658,0.9316298365592957,0.5384361743927002,0.5912553668022156,-0.2611609995365143,0.9594070911407471,0.5878255367279053,0.6040260195732117,-0.24590012431144714,0.8518872857093811,0.5489486455917358,0.6147603988647461,-0.2902349531650543,0.9091653227806091,0.5809021592140198,0.5978420972824097,-0.2687027156352997,0.85671067237854,0.5552300810813904,0.6045389175415039,-0.3057326674461365,0.9082180857658386,0.5818948745727539,0.5912383198738098,-0.22932085394859314,0.8317636251449585,0.5529879331588745,0.5974531173706055,-0.2672561705112457,0.8830169439315796,0.5874010920524597,0.5734573602676392,0.010404601693153381,0.9996638894081116,0.5410645604133606,0.5710005760192871,-0.01054657343775034,0.9997788667678833,0.5801783204078674,0.7434816956520081,0.05007077008485794,0.9918608069419861,0.5307614803314209,0.7367685437202454,0.008828551508486271,0.9956384897232056,0.5759350061416626,0.8759376406669617,0.19738595187664032,0.9938783049583435,0.5198701620101929,0.8742392659187317,0.1483985036611557,0.9949992895126343,0.5703572034835815,0.8889284133911133,0.20537492632865906,0.9454331398010254,0.5206935405731201,0.8861492872238159,0.15618592500686646,0.8615321516990662,0.5852371454238892,0.9330154657363892,0.10526202619075775,0.9891265630722046,0.5236880779266357,0.9302331209182739,0.04601971432566643,0.9889897704124451
11366.666666666695,0.5533608794212341,0.2972119152545929,-0.40409210324287415,0.9999926090240479,0.55906742811203,0.28198081254959106,-0.3934995234012604,0.999975860118866,0.5627533793449402,0.2818327844142914,-0.3934608995914459,0.9999722838401794,0.5654946565628052,0.2817375957965851,-0.39347946643829346,0.9999700784683228,0.5489097833633423,0.2828388214111328,-0.3921718895435333,0.9999816417694092,0.5459520220756531,0.28353986144065857,-0.3922751545906067,0.9999839067459106,0.5431175827980042,0.2840792238712311,-0.3923315405845642,0.9999858736991882,0.5718665719032288,0.2882188856601715,-0.2990381419658661,0.9998989701271057,0.5420383214950562,0.2909879982471466,-0.29523566365242004,0.9999755024909973,0.560731828212738,0.3125240206718445,-0.36682790517807007,0.999986469745636,0.5479961633682251,0.31449422240257263,-0.3657759726047516,0.9999916553497314,0.6049308180809021,0.3737938404083252,-0.19773967564105988,0.9998567700386047,0.5236566662788391,0.3840148448944092,-0.2212524563074112,0.9999549984931946,0.6134694218635559,0.49050936102867126,-0.15218767523765564,0.9788145422935486,0.513555109500885,0.4997531473636627,-0.19501517713069916,0.991965651512146,0.5952212810516357,0.5823997855186462,-0.21915693581104279,0.9319729208946228,0.5386596322059631,0.5910900831222534,-0.259861022233963,0.9592463970184326,0.5875769257545471,0.6038668155670166,-0.24538736045360565,0.8524389266967773,0.5490198731422424,0.6146930456161499,-0.28927868604660034,0.9088444113731384,0.5808449387550354,0.5975290536880493,-0.26827335357666016,0.8572929501533508,0.55531907081604,0.6042035222053528,-0.304633766412735,0.9078723192214966,0.5818849205970764,0.5909003615379333,-0.22842201590538025,0.8320945501327515,0.5530377626419067,0.597062885761261,-0.26589471101760864,0.8824767470359802,0.5876672863960266,0.5742504000663757,0.0104035260155797,0.9996573328971863,0.5412838459014893,0.5714619159698486,-0.01054439414292574,0.9997788071632385,0.580206036567688,0.7434540390968323,0.04786832630634308,0.9917901754379272,0.5309440493583679,0.7370073795318604,0.00895142462104559,0.9956687688827515,0.5759251713752747,0.8759973645210266,0.19740265607833862,0.99388188123703,0.519586980342865,0.8751198649406433,0.14808247983455658,0.9950190782546997,0.570304811000824,0.8890297412872314,0.2056596875190735,0.94598388671875,0.5203237533569336,0.8864147663116455,0.15596237778663635,0.8610095381736755,0.5852359533309937,0.9330192804336548,0.1052374392747879,0.9891377091407776,0.5236915349960327,0.9305241703987122,0.04487989842891693,0.9889565706253052
11400.00000000003,0.5535673499107361,0.29725807905197144,-0.4045710861682892,0.9999920725822449,0.5592991709709167,0.2820669412612915,-0.3940105736255646,0.9999740719795227,0.563017725944519,0.28195589780807495,-0.39397063851356506,0.9999702572822571,0.5658204555511475,0.28185659646987915,-0.3939899206161499,0.9999679923057556,0.5492429733276367,0.28288063406944275,-0.3925786018371582,0.9999804496765137,0.5463215708732605,0.28356242179870605,-0.3926829993724823,0.9999828934669495,0.5435226559638977,0.28407904505729675,-0.3927409052848816,0.9999850392341614,0.5721386671066284,0.288299560546875,-0.29947662353515625,0.9998921751976013,0.5424741506576538,0.29091182351112366,-0.2950516641139984,0.9999739527702332,0.560852587223053,0.3125625550746918,-0.3672441840171814,0.9999856352806091,0.5481355786323547,0.31449320912361145,-0.366010844707489,0.9999911785125732,0.6053170561790466,0.37372592091560364,-0.197967991232872,0.9998524785041809,0.5235677361488342,0.38385578989982605,-0.22007521986961365,0.9999547004699707,0.6137514710426331,0.490509033203125,-0.15175384283065796,0.9787647724151611,0.5135088562965393,0.49948814511299133,-0.19247862696647644,0.9919601678848267,0.5951882004737854,0.5823954939842224,-0.21872758865356445,0.9310854077339172,0.5389603972434998,0.5906500220298767,-0.257813036441803,0.958745002746582,0.5871378183364868,0.6038591861724854,-0.2451508641242981,0.8509920835494995,0.5493891835212708,0.6143648028373718,-0.2874118685722351,0.9077763557434082,0.5806248188018799,0.597417950630188,-0.2681122422218323,0.8559303283691406,0.555780291557312,0.6035801768302917,-0.3024548590183258,0.9067562818527222,0.5817756652832031,0.5907198786735535,-0.22808589041233063,0.830299437046051,0.5534582734107971,0.5964110493659973,-0.26372554898262024,0.8810364007949829,0.5879421830177307,0.5748346447944641,0.010234511457383633,0.999647855758667,0.5414791107177734,0.5716788172721863,-0.010368911549448967,0.9997764229774475,0.5802497863769531,0.7436491847038269,0.047261081635951996,0.9918330907821655,0.5309492945671082,0.7371711730957031,0.009868483990430832,0.9957279562950134,0.5759180188179016,0.8759714961051941,0.19937638938426971,0.9939108490943909,0.519532322883606,0.8752880096435547,0.15115481615066528,0.9950704574584961,0.5702945590019226,0.888729989528656,0.20851334929466248,0.9461515545845032,0.5202884674072266,0.8864193558692932,0.15935486555099487,0.8614339232444763,0.5851649045944214,0.932792067527771,0.10620743781328201,0.9891870021820068,0.523679792881012,0.9305300116539001,0.04748229682445526,0.9890074729919434
11433.333333333363,0.5537538528442383,0.297362744808197,-0.4035733938217163,0.9999915361404419,0.5594911575317383,0.28218093514442444,-0.39323437213897705,0.9999724626541138,0.5632206201553345,0.28209125995635986,-0.39319437742233276,0.999968409538269,0.5660876631736755,0.2819778025150299,-0.3932134807109833,0.999966025352478,0.549517035484314,0.28297898173332214,-0.3915354013442993,0.9999793767929077,0.5466450452804565,0.2836288809776306,-0.39163970947265625,0.9999819397926331,0.5438901782035828,0.2841009497642517,-0.3917014002799988,0.9999842643737793,0.572381317615509,0.2883579432964325,-0.29936492443084717,0.999885618686676,0.5429086089134216,0.29088854789733887,-0.2940068244934082,0.9999725222587585,0.5609740018844604,0.31262120604515076,-0.36651715636253357,0.999984860420227,0.5483299493789673,0.31450313329696655,-0.3649788498878479,0.9999907612800598,0.6059039235115051,0.3736238479614258,-0.1981535702943802,0.9998496770858765,0.523786187171936,0.38369762897491455,-0.21914176642894745,0.9999547004699707,0.6140691637992859,0.49052542448043823,-0.15183638036251068,0.9788321852684021,0.5134727358818054,0.49911245703697205,-0.1924126148223877,0.9919583797454834,0.594903290271759,0.5824867486953735,-0.21897736191749573,0.9314426183700562,0.5391241312026978,0.5900034308433533,-0.2578858435153961,0.9585462212562561,0.5861149430274963,0.6042813658714294,-0.24525921046733856,0.8517418503761292,0.5496008992195129,0.6142153143882751,-0.2873651683330536,0.9073836803436279,0.5797520279884338,0.5975766181945801,-0.26817068457603455,0.8566479086875916,0.5560909509658813,0.6033970713615417,-0.3021872937679291,0.9063224792480469,0.5810801982879639,0.5907792448997498,-0.228370800614357,0.8307141065597534,0.5537788271903992,0.5960759520530701,-0.2636810541152954,0.8804178237915039,0.5881723165512085,0.5750892758369446,0.010193128138780594,0.9996417760848999,0.5418147444725037,0.5717220306396484,-0.010324112139642239,0.9997771978378296,0.5803638696670532,0.7436807751655579,0.04612524434924126,0.9918034076690674,0.5311011075973511,0.7371681928634644,0.009446987882256508,0.9957723021507263,0.575748085975647,0.8759075403213501,0.2003515511751175,0.9939125776290894,0.5195327401161194,0.8755073547363281,0.14752404391765594,0.9951080083847046,0.5700088739395142,0.8885883688926697,0.20973406732082367,0.9466519951820374,0.5202957987785339,0.8865041732788086,0.15549956262111664,0.8616143465042114,0.5851508378982544,0.9327945709228516,0.10784932971000671,0.989196240901947,0.5236995816230774,0.9306858777999878,0.04428170248866081,0.9890313148498535
11466.666666666697,0.5539157390594482,0.29736414551734924,-0.4043957591056824,0.9999910593032837,0.5596693158149719,0.2821930944919586,-0.39388856291770935,0.9999707937240601,0.5634211301803589,0.28211888670921326,-0.39384767413139343,0.999966561794281,0.5663533806800842,0.2820050120353699,-0.3938649594783783,0.9999641180038452,0.5497295260429382,0.28298065066337585,-0.39242157340049744,0.999978244304657,0.5468558073043823,0.2836270332336426,-0.3925265967845917,0.9999809265136719,0.5441318154335022,0.28407415747642517,-0.3925865590572357,0.9999833703041077,0.5726613998413086,0.28837400674819946,-0.29992178082466125,0.999879777431488,0.5432098507881165,0.29079046845436096,-0.2948826253414154,0.9999709725379944,0.5610849261283875,0.3126239776611328,-0.36705175042152405,0.9999841451644897,0.5484680533409119,0.31449103355407715,-0.36583203077316284,0.9999903440475464,0.6062489151954651,0.37355783581733704,-0.20053108036518097,0.9998476505279541,0.5239399671554565,0.3834812045097351,-0.22000561654567719,0.9999545216560364,0.6142670512199402,0.4905625581741333,-0.15594713389873505,0.9790652990341187,0.5134343504905701,0.4986216127872467,-0.19314415752887726,0.9919542074203491,0.5942109823226929,0.5828396677970886,-0.22073426842689514,0.9317821264266968,0.5391207933425903,0.5893352031707764,-0.25795474648475647,0.9581212401390076,0.5849370956420898,0.6051512956619263,-0.24760271608829498,0.8521193265914917,0.5496315360069275,0.6138180494308472,-0.2872209846973419,0.9064834713935852,0.5787273049354553,0.5983781814575195,-0.26960045099258423,0.8569478988647461,0.5561639070510864,0.6032893061637878,-0.3018629252910614,0.9053367972373962,0.5802013874053955,0.5913017988204956,-0.22964221239089966,0.8308128714561462,0.5538569092750549,0.5958943367004395,-0.26366469264030457,0.8791648149490356,0.5881999731063843,0.5752869248390198,0.010123944841325283,0.9996401071548462,0.5418498516082764,0.5717607140541077,-0.010253188200294971,0.9997789859771729,0.5803614258766174,0.7436839938163757,0.045442841947078705,0.9917981624603271,0.5311692357063293,0.7371238470077515,0.010006396099925041,0.9958113431930542,0.5756763815879822,0.8758986592292786,0.2049742192029953,0.9939047694206238,0.5198073983192444,0.875494658946991,0.14967714250087738,0.9951275587081909,0.5699579119682312,0.8885740041732788,0.21521814167499542,0.9470460414886475,0.520887017250061,0.8864256143569946,0.1579725593328476,0.8617427349090576,0.5851497650146484,0.9327818155288696,0.11364693939685822,0.9891964197158813,0.5237935781478882,0.9307394027709961,0.0474635474383831,0.9890387654304504
11500.000000000031,0.5539762377738953,0.2973800301551819,-0.4101749658584595,0.9999903440475464,0.5597374439239502,0.2822269797325134,-0.3993743062019348,0.9999685287475586,0.5634925365447998,0.28217288851737976,-0.39933842420578003,0.9999639391899109,0.5665046572685242,0.28205931186676025,-0.3993605077266693,0.9999613761901855,0.5498693585395813,0.2830037772655487,-0.39733514189720154,0.9999768137931824,0.547028660774231,0.28363266587257385,-0.39744332432746887,0.9999796748161316,0.5443600416183472,0.2840717136859894,-0.39751163125038147,0.9999823570251465,0.5728607177734375,0.288424551486969,-0.30424773693084717,0.9998692274093628,0.5435618758201599,0.2907523810863495,-0.29700374603271484,0.9999690651893616,0.5610824227333069,0.3126419484615326,-0.3726104497909546,0.9999830722808838,0.5485254526138306,0.3144870102405548,-0.37061750888824463,0.9999898076057434,0.6065437197685242,0.37348562479019165,-0.20424644649028778,0.9998441934585571,0.5242241621017456,0.38334599137306213,-0.2223181128501892,0.9999549388885498,0.6144704222679138,0.49058493971824646,-0.1619112640619278,0.9792238473892212,0.5134038925170898,0.4980678856372833,-0.19770735502243042,0.9920292496681213,0.5936978459358215,0.5833866596221924,-0.2278660237789154,0.9320578575134277,0.5391300916671753,0.5888155102729797,-0.2648613154888153,0.9586129784584045,0.5842193365097046,0.6062485575675964,-0.2558761239051819,0.8527078628540039,0.5497375130653381,0.6134323477745056,-0.2954322397708893,0.9074569344520569,0.5778776407241821,0.5993624329566956,-0.2779693901538849,0.8574381470680237,0.5563493371009827,0.6031885743141174,-0.309969425201416,0.9062512516975403,0.5793390274047852,0.5920435786247253,-0.23687638342380524,0.8310846090316772,0.5540561079978943,0.5957577228546143,-0.2705955505371094,0.8800108432769775,0.5883048176765442,0.5758440494537354,0.010121204890310764,0.9996412992477417,0.5420005917549133,0.5719212293624878,-0.010249561630189419,0.9997836351394653,0.5803739428520203,0.7436488270759583,0.04818793013691902,0.9915855526924133,0.5312008261680603,0.7369012832641602,0.004991067107766867,0.995760977268219,0.575694739818573,0.8757638931274414,0.21524031460285187,0.9937557578086853,0.5199510455131531,0.8754517436027527,0.1477784514427185,0.9950700998306274,0.5699561834335327,0.8883906006813049,0.22617748379707336,0.9468770027160645,0.5210060477256775,0.8863543272018433,0.15645451843738556,0.8611303567886353,0.5851248502731323,0.9324552416801453,0.12421229481697083,0.9890113472938538,0.5238581299781799,0.9307166934013367,0.04424834996461868,0.9889644980430603
11533.333333333365,0.5541027188301086,0.29736727476119995,-0.4060940742492676,0.9999895691871643,0.5598809123039246,0.2822292149066925,-0.39544662833213806,0.9999658465385437,0.5636457800865173,0.28217846155166626,-0.39541131258010864,0.9999609589576721,0.5667166113853455,0.28206562995910645,-0.39543384313583374,0.9999582171440125,0.5500608682632446,0.28299760818481445,-0.3932303488254547,0.9999749064445496,0.5472274422645569,0.28360703587532043,-0.3933359384536743,0.9999779462814331,0.5445907711982727,0.2839944660663605,-0.3934036195278168,0.9999808669090271,0.5730786919593811,0.28848400712013245,-0.30172303318977356,0.9998593926429749,0.5438175797462463,0.2906300723552704,-0.29371845722198486,0.9999664425849915,0.561122477054596,0.31264182925224304,-0.3691358268260956,0.9999819397926331,0.5486539006233215,0.31442058086395264,-0.366855651140213,0.9999890923500061,0.6067880392074585,0.3734831213951111,-0.20386232435703278,0.999840259552002,0.5244958996772766,0.3830571174621582,-0.22011296451091766,0.999954342842102,0.6145545244216919,0.4907340705394745,-0.16074761748313904,0.9793502688407898,0.513377845287323,0.49756497144699097,-0.1948014348745346,0.9920321106910706,0.5931891202926636,0.5840451121330261,-0.22638177871704102,0.9320819973945618,0.5391204357147217,0.58824622631073,-0.26021191477775574,0.9587001204490662,0.5834569334983826,0.607509970664978,-0.2548362910747528,0.8527063727378845,0.5497267842292786,0.6129430532455444,-0.2901993691921234,0.9077160954475403,0.5769975781440735,0.6003595590591431,-0.27606338262557983,0.8574213981628418,0.5563497543334961,0.6029400825500488,-0.3044466972351074,0.906457245349884,0.5784180164337158,0.5928929448127747,-0.23505108058452606,0.831038773059845,0.5540669560432434,0.5955030918121338,-0.26580560207366943,0.8801543116569519,0.5883153080940247,0.5767294764518738,0.009871198795735836,0.9996392130851746,0.5420124530792236,0.5722808241844177,-0.009996234439313412,0.9997838139533997,0.5803711414337158,0.7438943982124329,0.04762445390224457,0.9914935231208801,0.5311989784240723,0.7370337843894958,0.009569632820785046,0.9957485198974609,0.5757009387016296,0.8758522272109985,0.21216575801372528,0.9936591982841492,0.5203310251235962,0.8753206729888916,0.1574229747056961,0.9950074553489685,0.5699856281280518,0.8884164094924927,0.22288799285888672,0.9467064142227173,0.521718442440033,0.8861060738563538,0.1667678952217102,0.8604000210762024,0.5851242542266846,0.9324497580528259,0.1209862232208252,0.9888874888420105,0.5238758325576782,0.930776059627533,0.056508783251047134,0.9888297915458679
11566.666666666699,0.5541363954544067,0.2973576784133911,-0.40616002678871155,0.9999889731407166,0.5599660873413086,0.2822335660457611,-0.3955020010471344,0.9999637603759766,0.5637708902359009,0.2822006642818451,-0.3954649567604065,0.9999586939811707,0.5669053792953491,0.28209957480430603,-0.39548566937446594,0.9999557733535767,0.5501232147216797,0.2829878032207489,-0.393471896648407,0.9999733567237854,0.5472947955131531,0.2835509777069092,-0.393578439950943,0.999976634979248,0.5446965098381042,0.2838568091392517,-0.39364463090896606,0.9999796748161316,0.5732575058937073,0.2886142432689667,-0.3017396628856659,0.9998521208763123,0.5439419150352478,0.29047173261642456,-0.29432573914527893,0.9999644756317139,0.561108410358429,0.3126407563686371,-0.3692043721675873,0.9999811053276062,0.5486795902252197,0.31433504819869995,-0.3670758306980133,0.9999885559082031,0.6068918704986572,0.37356045842170715,-0.20411905646324158,0.9998379349708557,0.5245898365974426,0.38282954692840576,-0.2204940766096115,0.9999542832374573,0.6145895719528198,0.49103111028671265,-0.16242410242557526,0.9795491695404053,0.5133640170097351,0.4972950220108032,-0.19485297799110413,0.9920309782028198,0.5928879380226135,0.584686815738678,-0.22832989692687988,0.9321584701538086,0.5391163229942322,0.5878352522850037,-0.26088109612464905,0.9586709141731262,0.5830289721488953,0.6084500551223755,-0.2568357288837433,0.8526782989501953,0.5497340559959412,0.6126599311828613,-0.29124873876571655,0.9077492356300354,0.5766007900238037,0.601089358329773,-0.2782839238643646,0.8573380708694458,0.5563568472862244,0.6027868390083313,-0.3057650625705719,0.9064176082611084,0.5780150294303894,0.5935351252555847,-0.23715773224830627,0.8308404088020325,0.5540831089019775,0.5953113436698914,-0.2666141390800476,0.8799324631690979,0.5883008241653442,0.5779101252555847,0.009769613854587078,0.9996426105499268,0.5420099496841431,0.5730949640274048,-0.009892665781080723,0.999787449836731,0.580391526222229,0.7440430521965027,0.04737938940525055,0.991510272026062,0.5312084555625916,0.737396776676178,0.010995331220328808,0.9957872629165649,0.5757034420967102,0.8760073184967041,0.21678677201271057,0.9936438202857971,0.5205177664756775,0.8753368258476257,0.1630423665046692,0.9950107932090759,0.5699892640113831,0.8889195919036865,0.22796382009983063,0.9469123482704163,0.5222482085227966,0.8861070871353149,0.1727028340101242,0.8606993556022644,0.585149884223938,0.9326076507568359,0.12511691451072693,0.988898515701294,0.5238776803016663,0.93084317445755,0.0610467903316021,0.9888584017753601
11600.000000000033,0.5542275309562683,0.2973570227622986,-0.40598833560943604,0.9999884963035583,0.5600969195365906,0.28225600719451904,-0.3952212631702423,0.9999621510505676,0.5639346241950989,0.28224608302116394,-0.39518502354621887,0.9999569058418274,0.5671209096908569,0.2821583151817322,-0.39520540833473206,0.9999537467956543,0.5502099394798279,0.2829879820346832,-0.393229216337204,0.9999722838401794,0.5473779439926147,0.28353017568588257,-0.39333513379096985,0.9999756813049316,0.5448125004768372,0.28378787636756897,-0.3934002220630646,0.9999788999557495,0.5734491944313049,0.28875061869621277,-0.30078238248825073,0.9998453855514526,0.5440334677696228,0.2904178202152252,-0.2936133146286011,0.9999630451202393,0.5611770749092102,0.31264251470565796,-0.3688095808029175,0.9999803304672241,0.5487768054008484,0.31429705023765564,-0.3667578101158142,0.9999881386756897,0.6070259213447571,0.3736567199230194,-0.2027595192193985,0.9998342990875244,0.5246151089668274,0.38282325863838196,-0.21992717683315277,0.9999544620513916,0.6145841479301453,0.49138081073760986,-0.1615125685930252,0.9793777465820312,0.5133854746818542,0.4972730278968811,-0.19415417313575745,0.9920433163642883,0.5927236676216125,0.5853177905082703,-0.2277815043926239,0.930935263633728,0.5391073226928711,0.5875616073608398,-0.2604246437549591,0.9586279988288879,0.5828040242195129,0.609554648399353,-0.25677216053009033,0.8505986332893372,0.5497556328773499,0.6124729514122009,-0.29085955023765564,0.9077216386795044,0.5764427185058594,0.6016951203346252,-0.2781694829463959,0.8552783727645874,0.5563538074493408,0.6026090383529663,-0.30538204312324524,0.906367301940918,0.577824056148529,0.5940157175064087,-0.23670238256454468,0.8285573720932007,0.5540779232978821,0.595116376876831,-0.2661641538143158,0.8796676397323608,0.588323175907135,0.5789926648139954,0.00977780856192112,0.9996435046195984,0.5420771837234497,0.5737734436988831,-0.009900146164000034,0.9997910261154175,0.5803799033164978,0.7442688345909119,0.0498417504131794,0.9914674758911133,0.531231164932251,0.7376481890678406,0.009655348025262356,0.995831310749054,0.5757080316543579,0.8760035037994385,0.22261092066764832,0.9936188459396362,0.5205242037773132,0.8753940463066101,0.1618937999010086,0.995031476020813,0.570001482963562,0.8888826370239258,0.2340421974658966,0.947129487991333,0.5222496390342712,0.8862190842628479,0.17188112437725067,0.8610225319862366,0.5851169228553772,0.9325993657112122,0.1312965750694275,0.988898515701294,0.5238792896270752,0.93085116147995,0.05810951441526413,0.9889073371887207
11633.333333333367,0.5542449951171875,0.29735469818115234,-0.40318259596824646,0.9999880790710449,0.5601667761802673,0.2822754383087158,-0.3927774131298065,0.9999605417251587,0.5640344023704529,0.28228068351745605,-0.39273911714553833,0.9999551177024841,0.567276656627655,0.28220421075820923,-0.3927582800388336,0.9999517798423767,0.5502654910087585,0.28298813104629517,-0.3905163109302521,0.9999710321426392,0.5474338531494141,0.28350168466567993,-0.39061859250068665,0.9999745488166809,0.5449094176292419,0.2837054431438446,-0.3906821608543396,0.9999778866767883,0.5736086964607239,0.28882718086242676,-0.299519419670105,0.9998400211334229,0.5441741943359375,0.29032036662101746,-0.29130318760871887,0.999961256980896,0.5611869692802429,0.31264594197273254,-0.366359144449234,0.9999796748161316,0.5488137006759644,0.3142743706703186,-0.36398983001708984,0.9999877214431763,0.6071543097496033,0.37367549538612366,-0.20203691720962524,0.999832034111023,0.5246984362602234,0.3825720250606537,-0.21743622422218323,0.9999544024467468,0.6145688891410828,0.4915584325790405,-0.15929022431373596,0.9793988466262817,0.5133804678916931,0.4970802664756775,-0.1900704950094223,0.9920119047164917,0.5925264954566956,0.5858339071273804,-0.22210140526294708,0.9308955669403076,0.539103627204895,0.5871408581733704,-0.2545778155326843,0.9585169553756714,0.5825282335281372,0.6101675629615784,-0.24991492927074432,0.8506117463111877,0.5497534275054932,0.6119637489318848,-0.2840215563774109,0.907543420791626,0.5762504935264587,0.6021742224693298,-0.2715263366699219,0.8552762866020203,0.5563477277755737,0.6022282242774963,-0.2985091507434845,0.9061359167098999,0.5776139497756958,0.5944679975509644,-0.23090067505836487,0.828576385974884,0.5540739297866821,0.5947272181510925,-0.2602234184741974,0.8793596029281616,0.5883455872535706,0.5791743993759155,0.009620320051908493,0.9996451735496521,0.5421701669692993,0.5738847851753235,-0.00974228698760271,0.999793291091919,0.5803804397583008,0.7450959086418152,0.04883047565817833,0.9914978742599487,0.5312387347221375,0.7376499772071838,0.01141516212373972,0.9958924651145935,0.5757552981376648,0.8759939670562744,0.21896298229694366,0.9936211705207825,0.5205320715904236,0.8753440380096436,0.1628951132297516,0.9950777292251587,0.5700446963310242,0.8888463973999023,0.23013204336166382,0.9474238753318787,0.5222412943840027,0.8862195611000061,0.17256301641464233,0.862192690372467,0.5851032733917236,0.9326037168502808,0.1278177946805954,0.9889315366744995,0.5238484740257263,0.9307419061660767,0.06090523302555084,0.9889968037605286
11666.6666666667,0.5543131232261658,0.2973524332046509,-0.40367045998573303,0.999987781047821,0.5603125095367432,0.2822829484939575,-0.39324188232421875,0.9999594688415527,0.5642099380493164,0.28229978680610657,-0.3932033181190491,0.9999539256095886,0.5674898028373718,0.2822285592556,-0.3932228088378906,0.9999503493309021,0.550348162651062,0.2829832434654236,-0.39105990529060364,0.9999702572822571,0.5475015044212341,0.2834513783454895,-0.3911625146865845,0.9999738335609436,0.545013427734375,0.28359681367874146,-0.39122527837753296,0.9999772310256958,0.5738130211830139,0.288846880197525,-0.29972466826438904,0.9998364448547363,0.5443181991577148,0.2902027368545532,-0.29186397790908813,0.9999603033065796,0.5612418055534363,0.3126468062400818,-0.366751492023468,0.9999791979789734,0.5488875508308411,0.3142441213130951,-0.3644695281982422,0.9999874234199524,0.6072307825088501,0.37367385625839233,-0.20193402469158173,0.9998294711112976,0.5248079895973206,0.38232776522636414,-0.21765926480293274,0.9999549388885498,0.61464524269104,0.49167442321777344,-0.15794314444065094,0.9793660640716553,0.5133754014968872,0.4967902898788452,-0.18931657075881958,0.9919741749763489,0.5924884676933289,0.5860067009925842,-0.2206922471523285,0.9300824403762817,0.539034903049469,0.5867865681648254,-0.2537373900413513,0.9582396149635315,0.5824838280677795,0.610215961933136,-0.24808178842067719,0.8490067720413208,0.5496997237205505,0.6115183234214783,-0.28291040658950806,0.9070433974266052,0.576245903968811,0.6022115349769592,-0.269828200340271,0.8536913990974426,0.5562419295310974,0.6018961071968079,-0.29756635427474976,0.9055707454681396,0.5776100754737854,0.5945243239402771,-0.22952428460121155,0.8269360661506653,0.5539529323577881,0.5943847894668579,-0.2594159245491028,0.878585696220398,0.5883377194404602,0.5793232321739197,0.009662176482379436,0.999644935131073,0.5421612858772278,0.573975145816803,-0.009783816523849964,0.9997953176498413,0.5803677439689636,0.7448842525482178,0.048322644084692,0.991467297077179,0.5312231183052063,0.7379721403121948,0.01206270419061184,0.9959540963172913,0.5757156610488892,0.8755019307136536,0.21978570520877838,0.9935864806175232,0.5205386877059937,0.8753023743629456,0.16405238211154938,0.9951056241989136,0.5700038075447083,0.8884059190750122,0.2311694175004959,0.9478512406349182,0.5222336649894714,0.8862107992172241,0.17367251217365265,0.8630529642105103,0.5850936770439148,0.9324857592582703,0.12940257787704468,0.9889199733734131,0.5238463878631592,0.9307377934455872,0.06195956468582153,0.989033579826355
11700.000000000035,0.5544052720069885,0.29732730984687805,-0.40982136130332947,0.9999878406524658,0.5604845881462097,0.28228244185447693,-0.399210661649704,0.9999596476554871,0.564409613609314,0.2823065519332886,-0.3991732597351074,0.9999541640281677,0.5677160620689392,0.2822384238243103,-0.39919641613960266,0.9999505281448364,0.5504559278488159,0.2829607129096985,-0.39696022868156433,0.9999704360961914,0.5476011633872986,0.2833755314350128,-0.3970657289028168,0.9999739527702332,0.5451411008834839,0.2834676504135132,-0.39712628722190857,0.9999773502349854,0.5740160346031189,0.2888587713241577,-0.3040896952152252,0.9998375177383423,0.5444756746292114,0.29005855321884155,-0.2958605885505676,0.9999605417251587,0.5613239407539368,0.31261351704597473,-0.3722134232521057,0.9999791979789734,0.548993706703186,0.314131498336792,-0.3698710501194,0.9999874234199524,0.6073364615440369,0.3736753761768341,-0.20343013107776642,0.999828040599823,0.5249186158180237,0.3823283910751343,-0.219703808426857,0.9999556541442871,0.6147269606590271,0.4919123947620392,-0.1591787040233612,0.9793561100959778,0.51337730884552,0.4967454671859741,-0.18990416824817657,0.9919529557228088,0.5924453735351562,0.5861700177192688,-0.22374920547008514,0.9289214611053467,0.5389406681060791,0.5865544080734253,-0.25586602091789246,0.9580830931663513,0.58240807056427,0.6102856993675232,-0.25123757123947144,0.8465617299079895,0.5496223568916321,0.6110888719558716,-0.28567269444465637,0.9066863059997559,0.5762444734573364,0.602294385433197,-0.27323779463768005,0.8512627482414246,0.556081235408783,0.6015512943267822,-0.3003275692462921,0.9051727056503296,0.5776079297065735,0.594616711139679,-0.23273178935050964,0.8243223428726196,0.553732693195343,0.594015896320343,-0.2615724802017212,0.8778915405273438,0.5883327722549438,0.5793232321739197,0.009738833643496037,0.9996470808982849,0.5421516299247742,0.57401043176651,-0.009860736317932606,0.9997990131378174,0.5803007483482361,0.7447289228439331,0.049736831337213516,0.9914907217025757,0.5311235189437866,0.73836749792099,0.012029449455440044,0.9960336685180664,0.5756510496139526,0.8751317858695984,0.22503690421581268,0.9936152100563049,0.5204731225967407,0.8754076361656189,0.1634674221277237,0.9951915144920349,0.5699331760406494,0.8882361054420471,0.23673519492149353,0.9484191536903381,0.5221796631813049,0.8865340352058411,0.1729629635810852,0.8644187450408936,0.5850328207015991,0.9323633909225464,0.13417355716228485,0.9890105724334717,0.5238397717475891,0.9308370351791382,0.06080330163240433,0.9891940951347351
11733.333333333369,0.5544507503509521,0.297320693731308,-0.398461252450943,0.999987781047821,0.5605834126472473,0.2822870910167694,-0.3884336054325104,0.9999593496322632,0.5645349621772766,0.2823164165019989,-0.3883976340293884,0.9999539852142334,0.5678644180297852,0.2822548747062683,-0.38841894268989563,0.9999502897262573,0.5505521893501282,0.2829585373401642,-0.3860730826854706,0.9999701976776123,0.5477069616317749,0.2833428680896759,-0.3861720860004425,0.9999736547470093,0.5452799201011658,0.2834039628505707,-0.3862275183200836,0.9999770522117615,0.5742250084877014,0.28889358043670654,-0.296775758266449,0.9998379945755005,0.5446556210517883,0.2900007367134094,-0.28812500834465027,0.9999601244926453,0.5613574385643005,0.31260794401168823,-0.3621516823768616,0.9999791383743286,0.5490598678588867,0.31407442688941956,-0.3596797287464142,0.9999873042106628,0.607486367225647,0.3737107813358307,-0.19906501471996307,0.9998278617858887,0.5250558257102966,0.38236159086227417,-0.21464315056800842,0.9999560117721558,0.6147937178611755,0.4922041594982147,-0.154941126704216,0.9794881343841553,0.5133835673332214,0.4967477321624756,-0.1853611320257187,0.991862952709198,0.5923097729682922,0.5862577557563782,-0.21805019676685333,0.9290279150009155,0.538840651512146,0.5865526795387268,-0.24916212260723114,0.9575014710426331,0.5822092890739441,0.6102398633956909,-0.2450830638408661,0.8464770913124084,0.5495284795761108,0.6110822558403015,-0.27804622054100037,0.9057059288024902,0.5761728882789612,0.6022786498069763,-0.26640084385871887,0.8512020111083984,0.5558990240097046,0.6015350222587585,-0.29254579544067383,0.9041619896888733,0.5775289535522461,0.5946205854415894,-0.2267148494720459,0.8243879079818726,0.5535291433334351,0.5939881205558777,-0.2548251748085022,0.8767223954200745,0.5882648825645447,0.5796229243278503,0.009738543070852757,0.9996473789215088,0.5421352982521057,0.5743323564529419,-0.009860442019999027,0.999801754951477,0.5801946520805359,0.7449166774749756,0.04967264086008072,0.9915242791175842,0.5310229659080505,0.7394872903823853,0.012110105715692043,0.9961255788803101,0.575674831867218,0.8751264810562134,0.2232196182012558,0.9936482310295105,0.5203243494033813,0.8757262229919434,0.15975390374660492,0.9952449202537537,0.5699453353881836,0.8882604837417603,0.2348681539297104,0.9489976167678833,0.5219374895095825,0.8866274952888489,0.16863086819648743,0.8649030327796936,0.5850316882133484,0.9323592782020569,0.13118022680282593,0.9890645146369934,0.5236698389053345,0.9310515522956848,0.057940252125263214,0.9892584681510925
11766.666666666702,0.5544670820236206,0.2972724139690399,-0.3952019512653351,0.9999874234199524,0.5606831312179565,0.2822783887386322,-0.3853479325771332,0.999957799911499,0.5646639466285706,0.28232118487358093,-0.38531291484832764,0.999952495098114,0.56801438331604,0.2822626233100891,-0.38533589243888855,0.9999486207962036,0.55066978931427,0.28290170431137085,-0.3828718960285187,0.9999688863754272,0.5478343963623047,0.28320273756980896,-0.38296830654144287,0.9999725222587585,0.545448362827301,0.28321051597595215,-0.383022278547287,0.9999759793281555,0.5744354724884033,0.2889116108417511,-0.29472866654396057,0.9998345971107483,0.5448868274688721,0.2898009419441223,-0.28542667627334595,0.9999582171440125,0.5613611340522766,0.31257718801498413,-0.3592391312122345,0.9999785423278809,0.5490801930427551,0.3139224052429199,-0.356584757566452,0.9999867677688599,0.6075744032859802,0.37376052141189575,-0.19822975993156433,0.9998262524604797,0.525073766708374,0.38252151012420654,-0.21151137351989746,0.9999555945396423,0.6148131489753723,0.49235212802886963,-0.15419408679008484,0.9795241355895996,0.5133828520774841,0.4967763125896454,-0.18078215420246124,0.9916468262672424,0.5922068953514099,0.5862221121788025,-0.21698464453220367,0.9283779263496399,0.5387234091758728,0.5865516662597656,-0.24445708096027374,0.9562402367591858,0.5821465849876404,0.6094675660133362,-0.24394232034683228,0.8451348543167114,0.5494088530540466,0.6110716462135315,-0.27310600876808167,0.9036048054695129,0.5761874914169312,0.6017462611198425,-0.2651124596595764,0.8499277234077454,0.5557290315628052,0.6015045046806335,-0.2878507673740387,0.9020237922668457,0.5775423049926758,0.5943171381950378,-0.22558100521564484,0.8230800032615662,0.5533518195152283,0.5939689874649048,-0.2502762973308563,0.8742032647132874,0.5882187485694885,0.5797663331031799,0.009547335095703602,0.9996463060379028,0.5420992970466614,0.5744904279708862,-0.00966909620910883,0.9998027682304382,0.5800424218177795,0.7449795007705688,0.049490392208099365,0.9915463924407959,0.5310220718383789,0.7403007745742798,0.012384682893753052,0.9961903691291809,0.5756962299346924,0.875124454498291,0.22276225686073303,0.9936639666557312,0.5203406810760498,0.8758627772331238,0.15972130000591278,0.9952656626701355,0.569955587387085,0.888266384601593,0.23429253697395325,0.9490151405334473,0.5220203399658203,0.8866282105445862,0.1686164289712906,0.8647519946098328,0.5850356221199036,0.9324465394020081,0.13026641309261322,0.9890891909599304,0.5235740542411804,0.9315406084060669,0.057793308049440384,0.989271879196167
11800.000000000036,0.5544640421867371,0.29720646142959595,-0.3961186707019806,0.9999871253967285,0.5607303977012634,0.28225964307785034,-0.3857978284358978,0.9999567866325378,0.5647294521331787,0.2823217809200287,-0.38575732707977295,0.9999516010284424,0.5680909752845764,0.28227049112319946,-0.3857719600200653,0.999947726726532,0.550758421421051,0.2827914357185364,-0.38387975096702576,0.9999680519104004,0.5479309558868408,0.28296688199043274,-0.38397982716560364,0.9999717473983765,0.5455762147903442,0.28289687633514404,-0.384038507938385,0.9999752640724182,0.5745507478713989,0.2889189124107361,-0.29623478651046753,0.9998330473899841,0.5450897812843323,0.2894841432571411,-0.2863379120826721,0.9999568462371826,0.5613344311714172,0.31252986192703247,-0.35934802889823914,0.9999781250953674,0.5490768551826477,0.3137119710445404,-0.35747987031936646,0.9999863505363464,0.6075968146324158,0.37384065985679626,-0.20090071856975555,0.9998247027397156,0.5250698924064636,0.38274309039115906,-0.21265438199043274,0.999954879283905,0.6148113012313843,0.4924001097679138,-0.1583489328622818,0.9797883629798889,0.5133807063102722,0.4967786967754364,-0.18158958852291107,0.9913885593414307,0.5921512246131897,0.5860936641693115,-0.2211710661649704,0.9283536672592163,0.5385099053382874,0.5865333080291748,-0.246202290058136,0.9549614787101746,0.5821606516838074,0.6085797548294067,-0.24808961153030396,0.8448085784912109,0.5491793155670166,0.6110587120056152,-0.27511170506477356,0.9013712406158447,0.576248824596405,0.6009408235549927,-0.26903071999549866,0.8495866060256958,0.5554149746894836,0.6014995574951172,-0.29005879163742065,0.8997646570205688,0.5775830149650574,0.5937218070030212,-0.2295546680688858,0.822496771812439,0.5530049204826355,0.5939586758613586,-0.2521336078643799,0.8714950680732727,0.5881519913673401,0.5797513723373413,0.008962997235357761,0.999643087387085,0.5419743657112122,0.5744916200637817,-0.009085441008210182,0.9998023509979248,0.5798270106315613,0.7450334429740906,0.04859931766986847,0.9915763735771179,0.5308911204338074,0.7403780221939087,0.012218596413731575,0.9962249994277954,0.575793445110321,0.8761346936225891,0.21302109956741333,0.9937238693237305,0.520358145236969,0.8765137195587158,0.15538762509822845,0.9953140020370483,0.5700626373291016,0.8898409008979797,0.22333994507789612,0.948934018611908,0.5220938920974731,0.8871378898620605,0.16366633772850037,0.8651288747787476,0.5850450992584229,0.9328897595405579,0.11856912821531296,0.9891994595527649,0.5235248804092407,0.9317139387130737,0.051555223762989044,0.9893694519996643
11833.33333333337,0.5544376969337463,0.2970833480358124,-0.3964889943599701,0.9999868869781494,0.5607516765594482,0.2822345197200775,-0.3864733874797821,0.9999561905860901,0.5647686123847961,0.2823195159435272,-0.3864360749721527,0.9999511241912842,0.5681370496749878,0.2822772264480591,-0.38645699620246887,0.9999473690986633,0.5508172512054443,0.28265753388404846,-0.38405752182006836,0.9999675154685974,0.5480014681816101,0.2827050983905792,-0.38415560126304626,0.9999712109565735,0.545674204826355,0.2825571894645691,-0.3842099905014038,0.99997478723526,0.5746324062347412,0.28893589973449707,-0.29662516713142395,0.9998327493667603,0.5452705025672913,0.28918707370758057,-0.2864537537097931,0.9999554753303528,0.5612556338310242,0.31243598461151123,-0.36037299036979675,0.9999777674674988,0.5490672588348389,0.31337302923202515,-0.35791441798210144,0.9999859929084778,0.6075872182846069,0.3740514814853668,-0.2016586810350418,0.9998224973678589,0.5250582098960876,0.3830198645591736,-0.2100505828857422,0.9999536275863647,0.6148021817207336,0.4925353527069092,-0.1602923423051834,0.9801998138427734,0.513333261013031,0.49678128957748413,-0.17777909338474274,0.9909783005714417,0.5919610261917114,0.5859270691871643,-0.22243210673332214,0.9291841983795166,0.538004457950592,0.5865350365638733,-0.2433944195508957,0.9530582427978516,0.5821410417556763,0.6078017354011536,-0.24906836450099945,0.8460344672203064,0.548588216304779,0.6110546588897705,-0.27196070551872253,0.8980624675750732,0.5762604475021362,0.6001865267753601,-0.26975420117378235,0.850750207901001,0.5546517968177795,0.60152268409729,-0.2870280146598816,0.896438717842102,0.5775941014289856,0.5931718349456787,-0.23058395087718964,0.8234352469444275,0.5522278547286987,0.5939652919769287,-0.2494327574968338,0.8675898313522339,0.5878763794898987,0.5795857906341553,0.00823192484676838,0.9996358752250671,0.5416473150253296,0.5743944644927979,-0.00835733488202095,0.9998005032539368,0.5796002745628357,0.7449269890785217,0.04646163806319237,0.9915744066238403,0.5304753184318542,0.7403136491775513,0.008621858432888985,0.9962505102157593,0.5757499933242798,0.8767871856689453,0.2000230997800827,0.993782639503479,0.5201820731163025,0.877956748008728,0.1407659351825714,0.9953703284263611,0.5700572729110718,0.8906793594360352,0.20925696194171906,0.9487159252166748,0.521955132484436,0.8887372016906738,0.1479085236787796,0.8653079271316528,0.584935188293457,0.93304443359375,0.10500466823577881,0.9892942309379578,0.5234905481338501,0.9319749474525452,0.035542234778404236,0.9894728064537048
11866.666666666704,0.5543647408485413,0.2970902621746063,-0.3955969214439392,0.9999865293502808,0.5607507824897766,0.28226006031036377,-0.38599783182144165,0.999954879283905,0.564774215221405,0.2823494076728821,-0.3859608471393585,0.9999497532844543,0.5681502223014832,0.28233206272125244,-0.38598334789276123,0.9999460577964783,0.5508314967155457,0.28265488147735596,-0.3832666277885437,0.999966561794281,0.5480358004570007,0.2826703190803528,-0.38336434960365295,0.9999703168869019,0.5457336902618408,0.28248387575149536,-0.3834187090396881,0.9999739527702332,0.5746716260910034,0.2889610826969147,-0.2967424690723419,0.9998288154602051,0.5454416275024414,0.28909558057785034,-0.28616517782211304,0.9999536275863647,0.561145007610321,0.3124425411224365,-0.3600592613220215,0.9999769330024719,0.5490575432777405,0.31334441900253296,-0.35718876123428345,0.9999854564666748,0.6075782179832458,0.37427985668182373,-0.20188170671463013,0.9998167753219604,0.5250543355941772,0.38302063941955566,-0.2098829299211502,0.9999529123306274,0.6147199273109436,0.4928440749645233,-0.16099263727664948,0.9803482890129089,0.5133209228515625,0.4967218041419983,-0.17865553498268127,0.9907059073448181,0.591597318649292,0.5857861042022705,-0.22242280840873718,0.9292944073677063,0.5377906560897827,0.5865265130996704,-0.24307328462600708,0.9517968893051147,0.5819253325462341,0.6073068976402283,-0.24896807968616486,0.8458758592605591,0.5484170913696289,0.6109769344329834,-0.2712786793708801,0.8958156704902649,0.5762223601341248,0.5998028516769409,-0.2695094645023346,0.850563645362854,0.5544409155845642,0.6015200614929199,-0.2859470248222351,0.8941687941551208,0.5775523781776428,0.592863142490387,-0.23054663836956024,0.8231020569801331,0.5520060658454895,0.5939617156982422,-0.2488844096660614,0.8649759888648987,0.5876871347427368,0.579407274723053,0.008033232763409615,0.9996258616447449,0.5414800047874451,0.5742332339286804,-0.008161145262420177,0.9997988939285278,0.5795225501060486,0.7446515560150146,0.046110816299915314,0.9914578795433044,0.5303914546966553,0.7403023838996887,0.007131373044103384,0.9962514042854309,0.5757503509521484,0.8767777681350708,0.19741550087928772,0.9937546849250793,0.5201505422592163,0.8783507943153381,0.13653965294361115,0.9953781366348267,0.5700733065605164,0.8906441330909729,0.2065863311290741,0.9483890533447266,0.5219365954399109,0.8889345526695251,0.14358451962471008,0.8646896481513977,0.5848861336708069,0.9329903721809387,0.10409847646951675,0.9892630577087402,0.5234836339950562,0.932120680809021,0.03210417553782463,0.9894686937332153
11900.000000000038,0.5543333292007446,0.29737305641174316,-0.3982663154602051,0.9999858140945435,0.5607467889785767,0.2825973927974701,-0.3891180455684662,0.9999524354934692,0.5647707581520081,0.2826412320137024,-0.3890851140022278,0.9999472498893738,0.568149745464325,0.2826387286186218,-0.3891143500804901,0.9999434947967529,0.5508449673652649,0.2828480303287506,-0.3858773410320282,0.999964714050293,0.5480886101722717,0.2827780246734619,-0.3859770894050598,0.9999686479568481,0.545813262462616,0.28255417943000793,-0.3860338032245636,0.9999725222587585,0.5746732354164124,0.2890951335430145,-0.3004232347011566,0.9998211860656738,0.5456199049949646,0.2891128957271576,-0.28796160221099854,0.9999508857727051,0.5611230731010437,0.31266364455223083,-0.3630110025405884,0.9999754428863525,0.549055278301239,0.3134271502494812,-0.35946112871170044,0.9999845027923584,0.6075788140296936,0.3747046887874603,-0.20591099560260773,0.9998095631599426,0.5250504612922668,0.38302770256996155,-0.21064402163028717,0.9999522566795349,0.6144925951957703,0.4936794638633728,-0.16625717282295227,0.9802716970443726,0.5132998824119568,0.4965968430042267,-0.17989355325698853,0.9904692769050598,0.59085613489151,0.5857666730880737,-0.22735044360160828,0.9279778003692627,0.5373914241790771,0.5864469408988953,-0.24449987709522247,0.9506065845489502,0.5811790227890015,0.6072251796722412,-0.2538512051105499,0.8432430028915405,0.5481569170951843,0.6108168959617615,-0.2729448676109314,0.8936123251914978,0.5758758187294006,0.5997673869132996,-0.2743374705314636,0.8479364514350891,0.5540373921394348,0.6014997363090515,-0.2876902222633362,0.891928493976593,0.5771941542625427,0.5928229093551636,-0.23546399176120758,0.8199924826622009,0.551622211933136,0.5939454436302185,-0.25033411383628845,0.8622282147407532,0.5875449776649475,0.5793951749801636,0.007847200147807598,0.999618411064148,0.5413443446159363,0.5741659998893738,-0.007975139655172825,0.9997975826263428,0.5793840289115906,0.7447394728660583,0.04547618702054024,0.9913778901100159,0.5303500294685364,0.7402448058128357,0.00620289146900177,0.9962655305862427,0.5757318735122681,0.8772052526473999,0.1981099247932434,0.9937536120414734,0.5201571583747864,0.8783305883407593,0.13894341886043549,0.9954007863998413,0.5700794458389282,0.8912864923477173,0.20747675001621246,0.9480204582214355,0.5219634771347046,0.8889416456222534,0.14642611145973206,0.8643141388893127,0.584875226020813,0.9331101775169373,0.10380725562572479,0.9892875552177429,0.5234852433204651,0.9322513341903687,0.03404610976576805,0.9895251393318176
11933.333333333372,0.554220974445343,0.2975313067436218,-0.3859460651874542,0.9999849796295166,0.5606806874275208,0.28278079628944397,-0.3768366873264313,0.9999490976333618,0.5646985173225403,0.28278878331184387,-0.37680545449256897,0.9999439716339111,0.5681169629096985,0.28279680013656616,-0.3768291473388672,0.999940037727356,0.5508469939231873,0.2829853296279907,-0.37330618500709534,0.9999619126319885,0.5481202602386475,0.2828620970249176,-0.37339890003204346,0.9999660849571228,0.5458756685256958,0.2826201617717743,-0.3734563887119293,0.9999701976776123,0.5746555328369141,0.28915199637413025,-0.29031902551651,0.9998128414154053,0.5458424091339111,0.2891443073749542,-0.2760457992553711,0.9999457597732544,0.5610229969024658,0.31276047229766846,-0.35154348611831665,0.9999738931655884,0.5490506291389465,0.3134719431400299,-0.34751975536346436,0.9999831914901733,0.6075790524482727,0.3751310408115387,-0.2010493278503418,0.999803900718689,0.5250552296638489,0.3830232620239258,-0.19997434318065643,0.9999503493309021,0.6141732931137085,0.4946744441986084,-0.1617838591337204,0.9803422689437866,0.5132986307144165,0.4963568150997162,-0.16686680912971497,0.9900059700012207,0.5902760624885559,0.5857571363449097,-0.21930532157421112,0.9279525876045227,0.5366093516349792,0.5863808989524841,-0.23025457561016083,0.9490095376968384,0.5808159112930298,0.6072685122489929,-0.2453940063714981,0.8432881236076355,0.5475690960884094,0.6108219027519226,-0.2579074800014496,0.891118049621582,0.5755364298820496,0.599817156791687,-0.2657966613769531,0.8479708433151245,0.5530674457550049,0.6015482544898987,-0.27302196621894836,0.8893935680389404,0.5767244100570679,0.5928723216056824,-0.22729259729385376,0.819978654384613,0.5507851839065552,0.5939593315124512,-0.23634809255599976,0.8593761920928955,0.5873401165008545,0.5801906585693359,0.007042956538498402,0.999610960483551,0.5411275029182434,0.5746776461601257,-0.007171205710619688,0.9997940063476562,0.5792883634567261,0.7456974983215332,0.041929420083761215,0.9914184808731079,0.5300754308700562,0.7403787970542908,0.009896207600831985,0.9963167905807495,0.5757203698158264,0.8774802088737488,0.19895057380199432,0.9937791228294373,0.5200718641281128,0.8783301115036011,0.14458344876766205,0.9954339265823364,0.5700851678848267,0.8912885189056396,0.20879818499088287,0.9477347135543823,0.5219190120697021,0.8889427781105042,0.1522674560546875,0.864601731300354,0.5848144292831421,0.933214008808136,0.10613653808832169,0.9893438220024109,0.5234431028366089,0.9324546456336975,0.04337332770228386,0.9895793795585632
11966.666666666706,0.5538768768310547,0.29757505655288696,-0.3771909177303314,0.9999834895133972,0.5605107545852661,0.2828398048877716,-0.3681033253669739,0.9999434351921082,0.5644871592521667,0.2828369736671448,-0.3680746257305145,0.9999383687973022,0.5680049657821655,0.2828674018383026,-0.3680993914604187,0.9999341368675232,0.5508354306221008,0.28300660848617554,-0.36406081914901733,0.999957263469696,0.5481222867965698,0.28286170959472656,-0.36415019631385803,0.9999619126319885,0.5459107160568237,0.2826187014579773,-0.3642102777957916,0.9999663829803467,0.5746091604232788,0.28918278217315674,-0.2830837070941925,0.9997982978820801,0.5461036562919617,0.28914180397987366,-0.2662166953086853,0.9999372363090515,0.5607028603553772,0.31281307339668274,-0.3434876501560211,0.9999714493751526,0.5489969253540039,0.3134865462779999,-0.3387239873409271,0.9999811053276062,0.6075751781463623,0.37560564279556274,-0.196814626455307,0.9997935891151428,0.5250837206840515,0.38302677869796753,-0.19161225855350494,0.9999473094940186,0.6139339208602905,0.49526938796043396,-0.15834298729896545,0.9802386164665222,0.5133201479911804,0.4961395859718323,-0.15807652473449707,0.9892901182174683,0.5898372530937195,0.5857560038566589,-0.21403980255126953,0.9269300699234009,0.5360915064811707,0.5863263607025146,-0.22131578624248505,0.9465905427932739,0.5804003477096558,0.60745769739151,-0.24001875519752502,0.8417116403579712,0.5471225380897522,0.6108270287513733,-0.24887897074222565,0.8873826861381531,0.5751382112503052,0.5999102592468262,-0.2603500187397003,0.8463897705078125,0.552398681640625,0.6016386151313782,-0.26415199041366577,0.8855470418930054,0.5762585401535034,0.5929248929023743,-0.22200261056423187,0.8182207942008972,0.5501914620399475,0.5939875841140747,-0.22758588194847107,0.8549967408180237,0.5870256423950195,0.5813756585121155,0.005931423045694828,0.9996042251586914,0.5407627820968628,0.5756919980049133,-0.006059331353753805,0.9997900724411011,0.5792179107666016,0.7475696206092834,0.03723631426692009,0.9914680123329163,0.5295791625976562,0.7406572103500366,0.012920853681862354,0.9963734745979309,0.5757092237472534,0.8778306841850281,0.19864599406719208,0.9937889575958252,0.5198219418525696,0.8785349130630493,0.15251760184764862,0.9954789876937866,0.5700855255126953,0.8914470076560974,0.2088785171508789,0.9472208023071289,0.5218122601509094,0.8895568251609802,0.16080662608146667,0.8653860688209534,0.5846918821334839,0.9333192110061646,0.10657819360494614,0.9893743991851807,0.523188054561615,0.9325478076934814,0.05267848074436188,0.9896652102470398
12000.00000000004,0.5536032319068909,0.2975395619869232,-0.3780513405799866,0.999983012676239,0.5604047775268555,0.2828172445297241,-0.3686795234680176,0.9999416470527649,0.564365804195404,0.28282058238983154,-0.3686506152153015,0.9999366402626038,0.5679547786712646,0.28287363052368164,-0.36867591738700867,0.9999324083328247,0.5508028864860535,0.28295624256134033,-0.3645762801170349,0.9999553561210632,0.5481175780296326,0.28276726603507996,-0.36466366052627563,0.9999601244926453,0.5459200143814087,0.28252366185188293,-0.36471816897392273,0.9999645948410034,0.5745804905891418,0.28919294476509094,-0.2827405631542206,0.9997950792312622,0.5462144613265991,0.2890632450580597,-0.26577886939048767,0.9999330639839172,0.5605088472366333,0.31281203031539917,-0.34408849477767944,0.9999709129333496,0.5489127039909363,0.3134777843952179,-0.3393012583255768,0.9999803900718689,0.6075288653373718,0.37604597210884094,-0.19596953690052032,0.9997922778129578,0.5250858664512634,0.3830416798591614,-0.1898908019065857,0.9999452829360962,0.6136274933815002,0.4960004389286041,-0.15721192955970764,0.98051917552948,0.5133188962936401,0.49582231044769287,-0.1549873948097229,0.9887121319770813,0.5893061757087708,0.5858797430992126,-0.21365690231323242,0.9276239275932312,0.5355520844459534,0.5861364006996155,-0.2181495875120163,0.9441938400268555,0.579860508441925,0.6077462434768677,-0.23981431126594543,0.8428138494491577,0.5465412139892578,0.6107858419418335,-0.2455127090215683,0.8834465742111206,0.5744852423667908,0.6000502705574036,-0.25993767380714417,0.8474143743515015,0.5518516302108765,0.601635217666626,-0.26023682951927185,0.8814645409584045,0.5757143497467041,0.5930601358413696,-0.22149275243282318,0.8192697167396545,0.5496054887771606,0.5939318537712097,-0.2241685688495636,0.8503297567367554,0.5868452191352844,0.5823940634727478,0.005746776238083839,0.9996057748794556,0.5405846238136292,0.5761465430259705,-0.005876100156456232,0.9997895956039429,0.5792108178138733,0.7489453554153442,0.036998432129621506,0.991517186164856,0.5291715264320374,0.7408976554870605,0.01271554734557867,0.9964404702186584,0.5756872296333313,0.8782317638397217,0.20434220135211945,0.9937876462936401,0.5194228887557983,0.8785481452941895,0.15545083582401276,0.9955267906188965,0.5700757503509521,0.8914450407028198,0.2158772498369217,0.9469698667526245,0.5212647318840027,0.8895220160484314,0.1642254739999771,0.8660171031951904,0.5846987962722778,0.9334898591041565,0.11394084244966507,0.9893888831138611,0.5231457948684692,0.9325482249259949,0.05461018532514572,0.989757239818573
12033.333333333374,0.5533133745193481,0.2974214553833008,-0.37178629636764526,0.9999829530715942,0.5602288842201233,0.2827368676662445,-0.36253035068511963,0.9999412298202515,0.5641393065452576,0.28273406624794006,-0.3625001311302185,0.9999363422393799,0.5678300261497498,0.2828335165977478,-0.3625201880931854,0.9999321699142456,0.5506988763809204,0.28286314010620117,-0.3582412302494049,0.9999547600746155,0.5480703115463257,0.2826540172100067,-0.3583265542984009,0.999959409236908,0.5459095239639282,0.28243646025657654,-0.35837867856025696,0.9999638795852661,0.5745134353637695,0.2891649305820465,-0.27756568789482117,0.9997962117195129,0.5462204217910767,0.28900691866874695,-0.2599160075187683,0.999930739402771,0.5603020191192627,0.3127106726169586,-0.33823928236961365,0.9999708533287048,0.5488137602806091,0.3133862316608429,-0.3332308530807495,0.999980092048645,0.6074886918067932,0.37617573142051697,-0.19216927886009216,0.9997898936271667,0.5251508355140686,0.38303372263908386,-0.18437175452709198,0.9999433159828186,0.6133520007133484,0.49629855155944824,-0.15308323502540588,0.9808102250099182,0.5133090019226074,0.4953742027282715,-0.14963741600513458,0.9881268739700317,0.5889537334442139,0.5858821272850037,-0.2083151936531067,0.9283369183540344,0.5349909663200378,0.5858285427093506,-0.21135082840919495,0.9418697953224182,0.5792821049690247,0.6077176928520203,-0.2338760495185852,0.8439586758613586,0.5460222363471985,0.6103234887123108,-0.2379290759563446,0.8796353936195374,0.5738956332206726,0.600016713142395,-0.25338825583457947,0.8484908938407898,0.5512226819992065,0.601468563079834,-0.25190722942352295,0.8775301575660706,0.5752491354942322,0.5930585265159607,-0.2157980352640152,0.8205126523971558,0.5489434003829956,0.5937098264694214,-0.2170296013355255,0.8459668755531311,0.5865577459335327,0.5824604630470276,0.0051665338687598705,0.9996017217636108,0.5404834151268005,0.576147198677063,-0.005299183074384928,0.9997875690460205,0.579106867313385,0.7493517994880676,0.03464348986744881,0.9915558099746704,0.5290935039520264,0.740964949131012,0.012574449181556702,0.9964990019798279,0.5756625533103943,0.8781569004058838,0.20369943976402283,0.9937781691551208,0.5192463994026184,0.8792610168457031,0.1552579551935196,0.9955759644508362,0.5700839757919312,0.8909775614738464,0.21527646481990814,0.9466809630393982,0.5208105444908142,0.8898003697395325,0.16397781670093536,0.866915762424469,0.5846917033195496,0.9334920048713684,0.11391064524650574,0.9893808364868164,0.5231408476829529,0.9328694343566895,0.05368055775761604,0.989829957485199
12066.666666666708,0.5531913638114929,0.297080397605896,-0.3693835139274597,0.9999830722808838,0.5601494908332825,0.2825967073440552,-0.3603976368904114,0.9999416470527649,0.5640271902084351,0.28260359168052673,-0.360364705324173,0.9999369382858276,0.567764937877655,0.2827649712562561,-0.36038196086883545,0.9999328851699829,0.5506377816200256,0.2826802432537079,-0.35596027970314026,0.9999547600746155,0.5480396151542664,0.2824659049510956,-0.35604292154312134,0.9999592304229736,0.5458968877792358,0.28228601813316345,-0.35608944296836853,0.9999635815620422,0.5744693279266357,0.28915441036224365,-0.2768763601779938,0.9998000264167786,0.5462152361869812,0.2889879643917084,-0.25876742601394653,0.9999293684959412,0.560192346572876,0.31239238381385803,-0.3364851772785187,0.9999711513519287,0.548751711845398,0.3130752146244049,-0.33129873871803284,0.9999800324440002,0.6074268221855164,0.37631797790527344,-0.19221465289592743,0.9997897744178772,0.5252121686935425,0.383041113615036,-0.18289142847061157,0.999941349029541,0.6131449341773987,0.4964345395565033,-0.15278597176074982,0.9812398552894592,0.5132799744606018,0.4950489103794098,-0.14697466790676117,0.9875165224075317,0.5887349843978882,0.5858810544013977,-0.20707853138446808,0.9297787547111511,0.5345668196678162,0.5854427814483643,-0.20665207505226135,0.9392549991607666,0.5790488719940186,0.6077070832252502,-0.2321554720401764,0.8463358283042908,0.5455042123794556,0.6098012328147888,-0.2321857064962387,0.8752850294113159,0.5735567212104797,0.5999338626861572,-0.25119978189468384,0.8507513999938965,0.5507241487503052,0.6011571288108826,-0.2460368424654007,0.8730313181877136,0.5749641060829163,0.5930256843566895,-0.21427512168884277,0.8230434060096741,0.5484452843666077,0.5933125615119934,-0.21223454177379608,0.8411723375320435,0.5862257480621338,0.5824251174926758,0.004793877247720957,0.9995993971824646,0.5403594970703125,0.5761337876319885,-0.004931152798235416,0.9997861385345459,0.5790921449661255,0.7493323683738708,0.03412335366010666,0.9915599822998047,0.5289485454559326,0.740879476070404,0.012492741458117962,0.9965417385101318,0.5756925940513611,0.878149688243866,0.19743190705776215,0.9937859773635864,0.5191538333892822,0.8792396187782288,0.15070722997188568,0.9956039190292358,0.5700978636741638,0.8909187316894531,0.20810553431510925,0.9464617371559143,0.5206701755523682,0.889660656452179,0.15862013399600983,0.8673414587974548,0.5846907496452332,0.9334945678710938,0.10818053036928177,0.9893739819526672,0.5231382250785828,0.9328832626342773,0.05051445588469505,0.9898503422737122
12100.000000000042,0.5531545877456665,0.29682016372680664,-0.3717546761035919,0.9999833106994629,0.5601151585578918,0.2824539840221405,-0.36256423592567444,0.9999424815177917,0.563971221446991,0.2824523448944092,-0.3625318706035614,0.9999380111694336,0.5677303075790405,0.2826595604419708,-0.3625500500202179,0.9999340176582336,0.5506040453910828,0.28255271911621094,-0.35828542709350586,0.9999550580978394,0.548024594783783,0.2823525071144104,-0.3583671748638153,0.9999593496322632,0.5458918809890747,0.28220948576927185,-0.3584114909172058,0.9999635219573975,0.5743972063064575,0.28911691904067993,-0.2779882848262787,0.9998046159744263,0.5462084412574768,0.2889713943004608,-0.2605554163455963,0.9999287724494934,0.560167670249939,0.31207191944122314,-0.3384472727775574,0.9999716281890869,0.5487334132194519,0.3128272593021393,-0.33346980810165405,0.9999801516532898,0.6072478890419006,0.37640926241874695,-0.1922677457332611,0.9997931122779846,0.5252358317375183,0.3830861449241638,-0.1838967502117157,0.999940037727356,0.6130344271659851,0.49650442600250244,-0.15181677043437958,0.9816553592681885,0.5132203102111816,0.49496906995773315,-0.14736004173755646,0.9869242310523987,0.5886638760566711,0.5858387351036072,-0.20725366473197937,0.9311819076538086,0.534419596195221,0.585405707359314,-0.20901206135749817,0.9368304014205933,0.5790356993675232,0.6076090335845947,-0.23264342546463013,0.848694920539856,0.5453054904937744,0.6096137166023254,-0.23526175320148468,0.8713550567626953,0.5735251307487488,0.599751889705658,-0.2522222697734833,0.8530236482620239,0.5505872368812561,0.6010169982910156,-0.24938011169433594,0.8689554929733276,0.5749146342277527,0.5929183959960938,-0.2146769016981125,0.8255693912506104,0.5483160018920898,0.5931859612464905,-0.21473060548305511,0.836662232875824,0.5859076380729675,0.5822211503982544,0.0048623220063745975,0.9996019005775452,0.5402684807777405,0.5760883688926697,-0.0049992636777460575,0.9997859597206116,0.579024612903595,0.7487775683403015,0.034856121987104416,0.991507887840271,0.5289059281349182,0.7408840656280518,0.012153609655797482,0.9965685606002808,0.5756949186325073,0.8778098225593567,0.19804713129997253,0.993777334690094,0.5191539525985718,0.8791326284408569,0.15003472566604614,0.9956231713294983,0.5700981020927429,0.8904088139533997,0.20862902700901031,0.9463796019554138,0.5206727385520935,0.8894833326339722,0.15798380970954895,0.8677464127540588,0.5847071409225464,0.9335115551948547,0.10803530365228653,0.9893532395362854,0.5231488347053528,0.9328954219818115,0.04940298572182655,0.9898659586906433
12133.333333333376,0.5530368089675903,0.29645785689353943,-0.37404125928878784,0.9999834299087524,0.5600063800811768,0.28212615847587585,-0.3646836578845978,0.9999430775642395,0.5638211369514465,0.2820935547351837,-0.364652156829834,0.9999387860298157,0.5676091909408569,0.2822985053062439,-0.36467233300209045,0.9999349117279053,0.5504920482635498,0.28232377767562866,-0.36046257615089417,0.9999551177024841,0.5479652285575867,0.2821842133998871,-0.3605453372001648,0.9999592900276184,0.5458464026451111,0.28209570050239563,-0.3605908751487732,0.9999633431434631,0.5742660760879517,0.28891754150390625,-0.27921897172927856,0.9998086094856262,0.5461752414703369,0.28891873359680176,-0.26183977723121643,0.999927818775177,0.5600862503051758,0.31164923310279846,-0.3403753936290741,0.9999720454216003,0.5486751198768616,0.3125684857368469,-0.3354603052139282,0.9999802112579346,0.6071322560310364,0.37645062804222107,-0.19274209439754486,0.9997969269752502,0.5252417922019958,0.38315480947494507,-0.18475739657878876,0.999938428401947,0.6129886507987976,0.4965505599975586,-0.152199849486351,0.9820679426193237,0.513116180896759,0.4948737323284149,-0.14843259751796722,0.9863997101783752,0.5885068774223328,0.5858359932899475,-0.20847177505493164,0.9325864911079407,0.5343363285064697,0.5853577852249146,-0.2110927850008011,0.9347738027572632,0.5790164470672607,0.6076238751411438,-0.2341410517692566,0.8510913848876953,0.5451969504356384,0.6095448732376099,-0.23780779540538788,0.8679429292678833,0.5735013484954834,0.5997666120529175,-0.25396108627319336,0.8553381562232971,0.5505291223526001,0.6009016036987305,-0.2519908547401428,0.8654407262802124,0.5748507976531982,0.5929311513900757,-0.21603280305862427,0.8280647993087769,0.5482738614082336,0.5930532217025757,-0.21685926616191864,0.8326973915100098,0.5856994986534119,0.582185685634613,0.004882971756160259,0.9996062517166138,0.5401775240898132,0.5760928988456726,-0.005019655451178551,0.9997861981391907,0.5789991021156311,0.7487546801567078,0.03467001020908356,0.9915565848350525,0.5287782549858093,0.740877628326416,0.011657667346298695,0.9966114163398743,0.5756628513336182,0.8776831030845642,0.20210953056812286,0.9937991499900818,0.5191549062728882,0.8789271712303162,0.15117117762565613,0.995670735836029,0.5700567960739136,0.8899840712547302,0.2135234922170639,0.9462965130805969,0.5206706523895264,0.8893582224845886,0.15951824188232422,0.8686701059341431,0.5846803784370422,0.9335393905639648,0.11217962205410004,0.9893844723701477,0.523193895816803,0.9329099655151367,0.05016125738620758,0.989964485168457
12166.66666666671,0.552915632724762,0.2961637079715729,-0.3752031922340393,0.9999833106994629,0.5598852038383484,0.2818073630332947,-0.36588573455810547,0.9999427795410156,0.5636550188064575,0.2817617952823639,-0.3658547103404999,0.9999386072158813,0.5674611926078796,0.2819644510746002,-0.36587589979171753,0.9999347925186157,0.5503821969032288,0.28208261728286743,-0.3615390360355377,0.9999545216560364,0.5478957295417786,0.28200358152389526,-0.3616217374801636,0.9999586343765259,0.5457739233970642,0.28196582198143005,-0.3616670072078705,0.9999626278877258,0.5741351246833801,0.2887257933616638,-0.28035223484039307,0.9998096227645874,0.5461361408233643,0.2888306677341461,-0.2626816928386688,0.9999258518218994,0.5599988698959351,0.3113827705383301,-0.34159550070762634,0.9999721646308899,0.5486159920692444,0.3123917579650879,-0.33655616641044617,0.999980092048645,0.6071160435676575,0.3764791786670685,-0.19384194910526276,0.999799907207489,0.5252399444580078,0.38313645124435425,-0.1852898746728897,0.9999373555183411,0.6129855513572693,0.49654528498649597,-0.15422281622886658,0.9824545383453369,0.5129647850990295,0.4946984052658081,-0.14827650785446167,0.9859189391136169,0.5884965658187866,0.5857163071632385,-0.20975591242313385,0.9338445067405701,0.5341817140579224,0.5852616429328918,-0.21148790419101715,0.9328145384788513,0.5791131258010864,0.6075929403305054,-0.23586520552635193,0.8532765507698059,0.5448705554008484,0.6094607710838318,-0.23825497925281525,0.864742636680603,0.5735232830047607,0.5997167825698853,-0.2553490698337555,0.8574186563491821,0.5502858757972717,0.6008487939834595,-0.2528502345085144,0.8621115684509277,0.574869692325592,0.5928860902786255,-0.21706290543079376,0.8302658796310425,0.5480873584747314,0.5929820537567139,-0.2174663245677948,0.8290375471115112,0.5856484770774841,0.5821601152420044,0.00481439521536231,0.9996100068092346,0.5401551127433777,0.5760871171951294,-0.004950244911015034,0.9997871518135071,0.5789957046508789,0.7473880052566528,0.034942518919706345,0.9915639758110046,0.52874755859375,0.7405494451522827,0.011004630476236343,0.9966351389884949,0.5757187604904175,0.8772152662277222,0.20502328872680664,0.9937876462936401,0.5192432403564453,0.878209114074707,0.15168391168117523,0.9956773519515991,0.5700594186782837,0.8895589709281921,0.21649254858493805,0.9460383653640747,0.5208526253700256,0.888677716255188,0.16020850837230682,0.868983268737793,0.5846481919288635,0.93351811170578,0.11466304212808609,0.9893562197685242,0.523195207118988,0.9327769875526428,0.05036487057805061,0.989990234375
12200.000000000044,0.5528604984283447,0.29572123289108276,-0.37555646896362305,0.999983012676239,0.5597614645957947,0.2814028859138489,-0.3661280870437622,0.9999418258666992,0.5634849071502686,0.2813757658004761,-0.3660953938961029,0.9999377727508545,0.567296028137207,0.28158190846443176,-0.36611178517341614,0.9999339580535889,0.5502616763114929,0.2817426025867462,-0.3623031675815582,0.9999533891677856,0.5477909445762634,0.28174489736557007,-0.3623880445957184,0.9999575018882751,0.5456327199935913,0.2817762494087219,-0.36243560910224915,0.9999614953994751,0.5739681720733643,0.2884552478790283,-0.2816142439842224,0.9998090267181396,0.545984148979187,0.2886872887611389,-0.26388368010520935,0.9999233484268188,0.5599581003189087,0.3110751509666443,-0.3420316278934479,0.9999719858169556,0.5485690832138062,0.3121277093887329,-0.33708009123802185,0.9999797940254211,0.6070805788040161,0.37648284435272217,-0.19705770909786224,0.9998008012771606,0.5252086520195007,0.38309919834136963,-0.18684141337871552,0.9999352097511292,0.612982988357544,0.49654150009155273,-0.15870945155620575,0.9827258586883545,0.5126919746398926,0.4945729672908783,-0.15074211359024048,0.9855337738990784,0.5883869528770447,0.5856001973152161,-0.21308737993240356,0.9344640970230103,0.5338571071624756,0.5850804448127747,-0.2135792374610901,0.93080073595047,0.5791298747062683,0.6075919270515442,-0.23939040303230286,0.8541036248207092,0.5445853471755981,0.6092826724052429,-0.24037335813045502,0.8612220287322998,0.5735133290290833,0.599711537361145,-0.2581822872161865,0.8581629991531372,0.5500643849372864,0.6007222533226013,-0.25479480624198914,0.8584198355674744,0.574817955493927,0.5928513407707214,-0.22011415660381317,0.8310162425041199,0.5478660464286804,0.5928317308425903,-0.2194790542125702,0.8249995112419128,0.5855662226676941,0.5817064046859741,0.0046492950059473515,0.9996117353439331,0.5400846004486084,0.5759742856025696,-0.004785140044987202,0.9997852444648743,0.5789841413497925,0.7466878890991211,0.0315668024122715,0.9915797114372253,0.5287322402000427,0.7402759790420532,0.011066372506320477,0.9966257810592651,0.5760752558708191,0.8771728277206421,0.2024703323841095,0.993762731552124,0.519818127155304,0.8773760795593262,0.15607577562332153,0.9956569075584412,0.5701839327812195,0.8894981145858765,0.21398259699344635,0.9456171989440918,0.5215809941291809,0.8879174590110779,0.16513456404209137,0.8687427639961243,0.584656834602356,0.9335351586341858,0.1116538941860199,0.9892941117286682,0.5233999490737915,0.9327601194381714,0.05497477576136589,0.9899544715881348
12233.333333333378,0.5528132915496826,0.29533007740974426,-0.3785730302333832,0.9999826550483704,0.5596252679824829,0.2809779644012451,-0.36895254254341125,0.9999405145645142,0.5633070468902588,0.2809513807296753,-0.36892348527908325,0.9999365210533142,0.5671079754829407,0.28112730383872986,-0.3689456284046173,0.9999327063560486,0.5501235723495483,0.2814320921897888,-0.3646349608898163,0.9999521374702454,0.5476709008216858,0.28151217103004456,-0.36472004652023315,0.9999563097953796,0.545466959476471,0.28160223364830017,-0.36477041244506836,0.9999603629112244,0.5737946033477783,0.2880403995513916,-0.2833416163921356,0.9998067021369934,0.5457974076271057,0.28849664330482483,-0.26397839188575745,0.9999207258224487,0.5599222183227539,0.3106928765773773,-0.34478428959846497,0.9999716877937317,0.5485122799873352,0.31182628870010376,-0.3393315076828003,0.9999794960021973,0.6070777773857117,0.37645459175109863,-0.19856268167495728,0.9998025298118591,0.5250496864318848,0.3829892873764038,-0.18736693263053894,0.9999339580535889,0.6129806637763977,0.4964750409126282,-0.1601821929216385,0.9829309582710266,0.5124260187149048,0.49443790316581726,-0.15145759284496307,0.9852884411811829,0.5881257653236389,0.5854388475418091,-0.2162414938211441,0.9349370002746582,0.5335850119590759,0.5849099159240723,-0.21469122171401978,0.9294313192367554,0.5790743231773376,0.6075709462165833,-0.24326273798942566,0.8549351096153259,0.5443889498710632,0.6092578172683716,-0.24216420948505402,0.8587813973426819,0.5734405517578125,0.5996361970901489,-0.2626231908798218,0.8589249849319458,0.5498756766319275,0.600710391998291,-0.25689929723739624,0.855839192867279,0.5746815204620361,0.592700719833374,-0.22360259294509888,0.8316997289657593,0.5476690530776978,0.5927848815917969,-0.22084693610668182,0.8220663070678711,0.5853878855705261,0.5816929936408997,0.0045595658011734486,0.9996148943901062,0.5399082899093628,0.5760780572891235,-0.004692460410296917,0.9997848868370056,0.578967273235321,0.7466846108436584,0.03240227699279785,0.9916154742240906,0.5286696553230286,0.7401361465454102,0.011549998074769974,0.9966228008270264,0.5761159062385559,0.8771728277206421,0.2063257247209549,0.9937348365783691,0.5198628306388855,0.8771267533302307,0.16102591156959534,0.9956421852111816,0.5701944828033447,0.8894951939582825,0.21819688379764557,0.94516521692276,0.5217278003692627,0.8876891136169434,0.17047114670276642,0.8690072894096375,0.5846037268638611,0.9335929155349731,0.11496792733669281,0.9892560243606567,0.52339106798172,0.9327272772789001,0.059497930109500885,0.989956796169281
12266.666666666712,0.5527955889701843,0.29484716057777405,-0.3867354691028595,0.999982476234436,0.5595471858978271,0.28056344389915466,-0.376499742269516,0.9999403357505798,0.5632165670394897,0.2805614471435547,-0.37647658586502075,0.9999364018440247,0.567010760307312,0.2807283103466034,-0.37650826573371887,0.9999327063560486,0.5500282645225525,0.28107038140296936,-0.37227460741996765,0.999951958656311,0.5475795269012451,0.28121688961982727,-0.37236350774765015,0.9999560117721558,0.5453361868858337,0.28135231137275696,-0.37241610884666443,0.9999601244926453,0.5736513733863831,0.28767910599708557,-0.28821128606796265,0.999806821346283,0.5456020832061768,0.28828293085098267,-0.2699323296546936,0.9999200105667114,0.5599126815795898,0.3102843463420868,-0.35220199823379517,0.9999716281890869,0.548475980758667,0.31144872307777405,-0.34707939624786377,0.9999794363975525,0.6070346236228943,0.37642478942871094,-0.2015390247106552,0.9998040199279785,0.5247875452041626,0.3829718828201294,-0.19291935861110687,0.9999328851699829,0.6129562854766846,0.49641501903533936,-0.16495244204998016,0.9831945896148682,0.5121879577636719,0.49442172050476074,-0.15952183306217194,0.9851604700088501,0.5880138278007507,0.5851206183433533,-0.2244575172662735,0.9357609748840332,0.5334309339523315,0.5848067998886108,-0.22522610425949097,0.9289985299110413,0.5790570974349976,0.60756516456604,-0.25215157866477966,0.8563682436943054,0.5442600846290588,0.609268844127655,-0.2538023293018341,0.8578658699989319,0.5734274387359619,0.5995258688926697,-0.27209383249282837,0.8602637648582458,0.5497521758079529,0.6007077097892761,-0.2685498297214508,0.8548561930656433,0.574631929397583,0.5924386978149414,-0.23218868672847748,0.8329781293869019,0.5475219488143921,0.5927619338035583,-0.23141534626483917,0.8207406997680664,0.5850391387939453,0.5816754102706909,0.004572378471493721,0.9996185898780823,0.539511501789093,0.5761096477508545,-0.004705712664872408,0.9997860789299011,0.5788865685462952,0.7467806339263916,0.03441387414932251,0.9916120767593384,0.5284097194671631,0.7398930191993713,0.010592925362288952,0.9966116547584534,0.5761721730232239,0.8772340416908264,0.2084396630525589,0.9937200546264648,0.5198067426681519,0.8771268129348755,0.15987931191921234,0.995651125907898,0.5701932907104492,0.8897542953491211,0.2200508713722229,0.9450526237487793,0.5216284394264221,0.8878650665283203,0.16935579478740692,0.8693427443504333,0.5846111178398132,0.9336110949516296,0.11645322293043137,0.9892378449440002,0.5233923196792603,0.9327234029769897,0.05621831864118576,0.9900023341178894
12300.000000000045,0.5527941584587097,0.2944827675819397,-0.3899172842502594,0.9999823570251465,0.5595177412033081,0.2802630364894867,-0.37965986132621765,0.9999403357505798,0.5631846785545349,0.28027576208114624,-0.37963733077049255,0.9999365210533142,0.5669715404510498,0.2804325222969055,-0.3796713054180145,0.9999329447746277,0.5499663949012756,0.28081047534942627,-0.3755286931991577,0.9999517798423767,0.5475138425827026,0.28100699186325073,-0.37561720609664917,0.9999557733535767,0.5452364683151245,0.2811833620071411,-0.3756674826145172,0.9999598264694214,0.5735471844673157,0.2873704731464386,-0.2909764349460602,0.999808132648468,0.5454177260398865,0.28815901279449463,-0.2734071612358093,0.9999194741249084,0.5599095225334167,0.30991318821907043,-0.3552946150302887,0.9999716877937317,0.5484580397605896,0.3111470937728882,-0.3503384292125702,0.9999793767929077,0.606964647769928,0.3763991594314575,-0.2036902755498886,0.9998066425323486,0.5245818495750427,0.3829682469367981,-0.1957249641418457,0.9999318718910217,0.6129069924354553,0.496297150850296,-0.16730456054210663,0.9835069179534912,0.5119554996490479,0.49433809518814087,-0.16206398606300354,0.9849941730499268,0.587921679019928,0.5847902297973633,-0.22779755294322968,0.9368926882743835,0.5331797003746033,0.5846984386444092,-0.22827839851379395,0.9285669326782227,0.5790480375289917,0.6075401306152344,-0.2556810975074768,0.8583890795707703,0.5440293550491333,0.6092727184295654,-0.2569720447063446,0.8570106625556946,0.5734246373176575,0.5993577241897583,-0.27588754892349243,0.8621801137924194,0.5495635867118835,0.6007052659988403,-0.27199921011924744,0.853939414024353,0.574609637260437,0.5921346545219421,-0.23569151759147644,0.8349323868751526,0.5473480820655823,0.5927473306655884,-0.23460640013217926,0.8196189403533936,0.584764301776886,0.5815721154212952,0.004587657283991575,0.9996224641799927,0.5391700267791748,0.5761193037033081,-0.004720938391983509,0.9997870326042175,0.5788256525993347,0.7465988397598267,0.035791415721178055,0.9916753768920898,0.5282037258148193,0.7397171258926392,0.010846112854778767,0.996613621711731,0.5762256979942322,0.8772962689399719,0.20867221057415009,0.9937463998794556,0.5198286175727844,0.8770411610603333,0.15929467976093292,0.9956706166267395,0.5701934695243835,0.8899431824684143,0.2200651615858078,0.945058286190033,0.5217562317848206,0.887811541557312,0.16846337914466858,0.8700548410415649,0.5846509337425232,0.9337775707244873,0.1163763552904129,0.9892733097076416,0.5233750939369202,0.9324973225593567,0.05590824410319328,0.9900693893432617
12333.33333333338,0.5527933239936829,0.294071227312088,-0.3808346390724182,0.9999820590019226,0.5595110654830933,0.27995094656944275,-0.37119635939598083,0.9999391436576843,0.5631758570671082,0.2800085246562958,-0.3711722791194916,0.9999355673789978,0.5669607520103455,0.2801837623119354,-0.3712058961391449,0.9999319314956665,0.5499445199966431,0.28046444058418274,-0.3670683801174164,0.9999504685401917,0.5474853515625,0.2807123363018036,-0.3671506345272064,0.9999545216560364,0.5451891422271729,0.2809249460697174,-0.3671971261501312,0.9999584555625916,0.5734978914260864,0.28710275888442993,-0.2855043113231659,0.9998080730438232,0.5453101992607117,0.28798726201057434,-0.26794400811195374,0.9999170303344727,0.559909462928772,0.30959653854370117,-0.34721285104751587,0.9999714493751526,0.5484498739242554,0.3108590543270111,-0.34223225712776184,0.9999789595603943,0.6068156361579895,0.3763096332550049,-0.20165331661701202,0.9998071789741516,0.5243919491767883,0.3827230632305145,-0.1909920573234558,0.9999290108680725,0.6127959489822388,0.4961928129196167,-0.16393952071666718,0.9836627244949341,0.511758029460907,0.49418962001800537,-0.15532775223255157,0.9846720695495605,0.5877120494842529,0.5846812129020691,-0.220455139875412,0.9375525116920471,0.5329906344413757,0.5846402049064636,-0.21806664764881134,0.9272251725196838,0.5789723992347717,0.6076546311378479,-0.2475178837776184,0.8597224950790405,0.5438916087150574,0.6092796325683594,-0.24510788917541504,0.8547842502593994,0.5733790993690491,0.5993679761886597,-0.26722434163093567,0.8634642362594604,0.5494519472122192,0.6007049679756165,-0.2602742910385132,0.8516556620597839,0.5745154619216919,0.5921334028244019,-0.22809745371341705,0.8363908529281616,0.5472410321235657,0.5927459597587585,-0.2243848294019699,0.8173967003822327,0.584579348564148,0.5815590620040894,0.004060723818838596,0.9996216893196106,0.5388128161430359,0.576156735420227,-0.004191392567008734,0.999782383441925,0.5787525773048401,0.7466226816177368,0.02827734872698784,0.9918345212936401,0.5281460285186768,0.7396562695503235,0.01724274642765522,0.9966339468955994,0.5762218236923218,0.877881646156311,0.19764159619808197,0.9937980771064758,0.5199064016342163,0.8766070604324341,0.16788525879383087,0.9956889748573303,0.5701863169670105,0.8902555108070374,0.2086348682641983,0.9449794888496399,0.5218763947486877,0.8874360918998718,0.17717628180980682,0.8711365461349487,0.5846506357192993,0.9340600371360779,0.10601140558719635,0.9893162846565247,0.5233656167984009,0.932282030582428,0.06835415214300156,0.9901057481765747
12366.666666666713,0.5528017282485962,0.2938726246356964,-0.37935665249824524,0.9999819993972778,0.5595074892044067,0.27977317571640015,-0.36984723806381226,0.9999387264251709,0.5631667375564575,0.279847651720047,-0.36982065439224243,0.9999353289604187,0.5669409036636353,0.28003165125846863,-0.36985084414482117,0.9999316334724426,0.5499386191368103,0.2802583575248718,-0.3658466041088104,0.9999499320983887,0.5474786758422852,0.28053146600723267,-0.3659292757511139,0.9999539852142334,0.545174241065979,0.2807632088661194,-0.36597517132759094,0.999957799911499,0.5734218955039978,0.2869696319103241,-0.28462132811546326,0.999808669090271,0.5452412962913513,0.28787705302238464,-0.2677125036716461,0.9999157190322876,0.5599110126495361,0.3094449043273926,-0.34587782621383667,0.999971330165863,0.5484432578086853,0.3107188045978546,-0.34112119674682617,0.9999787211418152,0.6066081523895264,0.3762989342212677,-0.20133158564567566,0.9998076558113098,0.5242837071418762,0.3823336362838745,-0.19109481573104858,0.9999274611473083,0.6125791668891907,0.49618491530418396,-0.16366955637931824,0.9838546514511108,0.5116043090820312,0.4940546154975891,-0.1554827243089676,0.9844248294830322,0.5870737433433533,0.5846782922744751,-0.2185809314250946,0.9385654926300049,0.5328089594841003,0.5846349000930786,-0.21832330524921417,0.9258556962013245,0.5783344507217407,0.6080775260925293,-0.24523240327835083,0.8615556955337524,0.5438358187675476,0.609320878982544,-0.24522271752357483,0.8525552153587341,0.5728627443313599,0.5994932055473328,-0.26448380947113037,0.8652549982070923,0.5493949055671692,0.6007447838783264,-0.26016440987586975,0.8493855595588684,0.5739927887916565,0.5921764969825745,-0.2259778380393982,0.8384273648262024,0.5471891760826111,0.5928473472595215,-0.22451922297477722,0.8151038885116577,0.584290623664856,0.5814546942710876,0.004082442261278629,0.999620795249939,0.5385265350341797,0.576224684715271,-0.004212931729853153,0.999781608581543,0.5785888433456421,0.7463321685791016,0.02874879166483879,0.9918797016143799,0.5281474590301514,0.73973149061203,0.016637226566672325,0.9966439604759216,0.5762312412261963,0.8777529001235962,0.19861017167568207,0.9937999248504639,0.5199957489967346,0.8765873312950134,0.1648147702217102,0.9956729412078857,0.5701853632926941,0.8901507258415222,0.20949840545654297,0.9448260068893433,0.5219226479530334,0.8874356150627136,0.1735193282365799,0.8708810806274414,0.5846512317657471,0.9340716004371643,0.10719054192304611,0.9892793297767639,0.5233655571937561,0.9322694540023804,0.06559158116579056,0.9900544881820679
12400.000000000047,0.5528503060340881,0.29364967346191406,-0.37887778878211975,0.9999820590019226,0.559504508972168,0.2796170711517334,-0.3692261576652527,0.9999390244483948,0.563164472579956,0.27970626950263977,-0.3692000210285187,0.9999359250068665,0.5669325590133667,0.2799021601676941,-0.3692307472229004,0.9999322891235352,0.5499361753463745,0.280078262090683,-0.3652980625629425,0.9999496340751648,0.5474757552146912,0.2803778052330017,-0.36537930369377136,0.9999536871910095,0.5451641082763672,0.2806287109851837,-0.36542263627052307,0.9999572038650513,0.5733201503753662,0.28684762120246887,-0.28358039259910583,0.9998130202293396,0.5451225638389587,0.2878001928329468,-0.26714858412742615,0.999914824962616,0.5599372982978821,0.30927619338035583,-0.3452102243900299,0.9999716877937317,0.5484470129013062,0.31050926446914673,-0.340574711561203,0.9999786615371704,0.6062430739402771,0.3762987554073334,-0.20122218132019043,0.9998114705085754,0.5241259932518005,0.38214871287345886,-0.18942345678806305,0.9999237656593323,0.612453818321228,0.49617812037467957,-0.16317591071128845,0.9842468500137329,0.5113120675086975,0.49387386441230774,-0.15283997356891632,0.9839693903923035,0.5856235027313232,0.5847650766372681,-0.21803203225135803,0.9398370981216431,0.5325108170509338,0.5846017003059387,-0.21446381509304047,0.923418402671814,0.5766444802284241,0.6087982058525085,-0.24464461207389832,0.8636550307273865,0.5437929034233093,0.609321653842926,-0.2409430295228958,0.8485291004180908,0.5711517930030823,0.5997549891471863,-0.2632015347480774,0.8672822117805481,0.549346387386322,0.6007647514343262,-0.25558674335479736,0.8452579975128174,0.572396457195282,0.5922744870185852,-0.225114643573761,0.8406850695610046,0.547148585319519,0.5929276347160339,-0.2205238789319992,0.8108186721801758,0.5840492248535156,0.5814474821090698,0.0036291240248829126,0.9996220469474792,0.5381842255592346,0.5764662623405457,-0.003760985331609845,0.9997745752334595,0.5785353779792786,0.7463415861129761,0.025195680558681488,0.9920223951339722,0.5279853343963623,0.739948034286499,0.02112446539103985,0.9966364502906799,0.576225996017456,0.878140389919281,0.1951247602701187,0.9938437938690186,0.5199923515319824,0.8765113353729248,0.17502474784851074,0.9956541657447815,0.5702171325683594,0.8904287815093994,0.20613926649093628,0.9444926381111145,0.5219288468360901,0.8871834874153137,0.18463897705078125,0.8706825375556946,0.584656834602356,0.9344614744186401,0.10306011885404587,0.9893093705177307,0.52330082654953,0.9320604801177979,0.07608295977115631,0.9900197386741638
12433.333333333381,0.5529778003692627,0.2935701012611389,-0.3788365423679352,0.9999823570251465,0.5595117211341858,0.27952346205711365,-0.36922937631607056,0.999940037727356,0.56316739320755,0.27960923314094543,-0.36920246481895447,0.9999370574951172,0.5669291615486145,0.2798082232475281,-0.3692319095134735,0.9999334812164307,0.5499334931373596,0.2800007164478302,-0.36536872386932373,0.9999503493309021,0.5474725961685181,0.28032347559928894,-0.3654508590698242,0.999954342842102,0.5451609492301941,0.280599981546402,-0.3654939532279968,0.9999576807022095,0.5732292532920837,0.286714106798172,-0.2835618257522583,0.9998170137405396,0.5450147986412048,0.2877783477306366,-0.2671830356121063,0.9999156594276428,0.560026228427887,0.3091423511505127,-0.3451600670814514,0.9999721050262451,0.5484815835952759,0.3103833794593811,-0.34063825011253357,0.9999789595603943,0.6058892607688904,0.37634891271591187,-0.2010367512702942,0.9998137950897217,0.5239391922950745,0.38189035654067993,-0.18949852883815765,0.999923050403595,0.6122121810913086,0.4961916208267212,-0.1634833663702011,0.984656035900116,0.5109866261482239,0.49367755651474,-0.1545325070619583,0.9838096499443054,0.5844134092330933,0.584843099117279,-0.21915490925312042,0.9415523409843445,0.5321719646453857,0.5845396518707275,-0.21746644377708435,0.9222317934036255,0.5752584934234619,0.6092348098754883,-0.24612607061862946,0.8666256070137024,0.5436509251594543,0.6093197464942932,-0.24419540166854858,0.8464057445526123,0.5698445439338684,0.6000213027000427,-0.26432883739471436,0.8701790571212769,0.5492268800735474,0.6007795333862305,-0.25868168473243713,0.8431421518325806,0.5711981654167175,0.5924046635627747,-0.22611160576343536,0.8437808156013489,0.5470327734947205,0.5929545164108276,-0.2234480082988739,0.8086249828338623,0.5837393403053284,0.5809959173202515,0.003642224008217454,0.9996219873428345,0.5379772782325745,0.5764623284339905,-0.0037739581894129515,0.9997755289077759,0.5784932971000671,0.745450496673584,0.030676594004034996,0.9920997619628906,0.5278356075286865,0.7398937940597534,0.020362613722682,0.9966373443603516,0.5762102007865906,0.8777369856834412,0.1964196115732193,0.9938831925392151,0.5197259783744812,0.8766018152236938,0.16003446280956268,0.995658814907074,0.5702121257781982,0.8900046944618225,0.20738665759563446,0.9444313049316406,0.5214988589286804,0.8876166939735413,0.16799050569534302,0.8705710768699646,0.5846534967422485,0.9344537258148193,0.10446980595588684,0.9893579483032227,0.5231958031654358,0.932039737701416,0.058851733803749084,0.9900197982788086
12466.666666666715,0.5530527234077454,0.2936953008174896,-0.3794693350791931,0.9999825954437256,0.5595099329948425,0.2795441746711731,-0.37019267678260803,0.9999406933784485,0.563165545463562,0.2796134948730469,-0.37016409635543823,0.9999379515647888,0.5669074654579163,0.27981048822402954,-0.3701954782009125,0.9999344944953918,0.5499288439750671,0.2800828516483307,-0.36637046933174133,0.9999507665634155,0.5474702715873718,0.28041815757751465,-0.3664528429508209,0.9999547004699707,0.5451562404632568,0.28074395656585693,-0.36649200320243835,0.9999579191207886,0.5730968117713928,0.28671297430992126,-0.28541314601898193,0.9998210072517395,0.5449209809303284,0.28787004947662354,-0.2693976163864136,0.999916136264801,0.5600913763046265,0.3091472089290619,-0.34598076343536377,0.9999723434448242,0.5485115051269531,0.3104226887226105,-0.3415086567401886,0.9999790787696838,0.6055335402488708,0.37636545300483704,-0.20299793779850006,0.9998156428337097,0.5237962603569031,0.38178426027297974,-0.19051675498485565,0.9999218583106995,0.6119766235351562,0.49617332220077515,-0.16671010851860046,0.9850133061408997,0.510723352432251,0.4935571253299713,-0.15512704849243164,0.983607828617096,0.5836905837059021,0.5848404765129089,-0.2215518355369568,0.9427618384361267,0.5320687890052795,0.5845374464988708,-0.21772482991218567,0.9209510684013367,0.5746403932571411,0.6092498898506165,-0.24836598336696625,0.8685983419418335,0.5436469912528992,0.609386146068573,-0.24448293447494507,0.844060480594635,0.5691997408866882,0.6001479625701904,-0.26616978645324707,0.8720865249633789,0.5492266416549683,0.6009546518325806,-0.25893300771713257,0.8407794833183289,0.5705192685127258,0.5925045609474182,-0.22830630838871002,0.8458210825920105,0.5470346808433533,0.5932160019874573,-0.22370806336402893,0.806220531463623,0.5832721590995789,0.5804945230484009,0.0033491167705506086,0.9996206164360046,0.5375967025756836,0.5763921141624451,-0.00348226772621274,0.9997742772102356,0.5783693194389343,0.7441585063934326,0.03101331926882267,0.9922032952308655,0.5277189016342163,0.7397260069847107,0.019377920776605606,0.9966359734535217,0.5760877728462219,0.8774549961090088,0.19373562932014465,0.9939547181129456,0.5197099447250366,0.8765515089035034,0.15891458094120026,0.9956761002540588,0.5701157450675964,0.8898398876190186,0.20409344136714935,0.944409191608429,0.5214995741844177,0.8876186609268188,0.16672149300575256,0.8710324764251709,0.5846081972122192,0.9343534111976624,0.10238847136497498,0.9894410371780396,0.5231086611747742,0.9317746162414551,0.05830568075180054,0.9900476932525635
12500.00000000005,0.5533942580223083,0.29373031854629517,-0.3830645978450775,0.9999829530715942,0.5595893263816833,0.27956250309944153,-0.3734307289123535,0.9999419450759888,0.5632287859916687,0.27961981296539307,-0.37340301275253296,0.9999394416809082,0.5669296979904175,0.2798183560371399,-0.37343496084213257,0.9999361038208008,0.5499545931816101,0.28014513850212097,-0.37020453810691833,0.9999515414237976,0.5474808216094971,0.28049272298812866,-0.37028923630714417,0.999955415725708,0.5451620817184448,0.2808823585510254,-0.37032845616340637,0.9999584555625916,0.573014497756958,0.28671419620513916,-0.2864764332771301,0.9998264908790588,0.5447368025779724,0.2880772352218628,-0.27296480536460876,0.9999173879623413,0.5603191256523132,0.3091515004634857,-0.34853777289390564,0.999972939491272,0.5486688613891602,0.31043297052383423,-0.34484297037124634,0.9999793767929077,0.605166494846344,0.3763936161994934,-0.2028309553861618,0.9998214244842529,0.5237088203430176,0.38164183497428894,-0.1934185028076172,0.9999212026596069,0.6117271184921265,0.49616026878356934,-0.16620244085788727,0.9854245185852051,0.510535478591919,0.4935324788093567,-0.15913568437099457,0.9835236072540283,0.5825376510620117,0.5849350690841675,-0.22161558270454407,0.9443827867507935,0.5319889783859253,0.5846848487854004,-0.22135989367961884,0.9203211069107056,0.5738353133201599,0.6096146702766418,-0.24850352108478546,0.8713821172714233,0.543645977973938,0.6099562644958496,-0.24836088716983795,0.8428144454956055,0.5684112906455994,0.6006442308425903,-0.26634320616722107,0.8748010993003845,0.5492251515388489,0.6016868352890015,-0.262820303440094,0.8395957946777344,0.5696250796318054,0.5929489731788635,-0.22840742766857147,0.8487600088119507,0.5470361709594727,0.594006359577179,-0.22726799547672272,0.8049899935722351,0.5827685594558716,0.5804572105407715,0.0033354891929775476,0.9996249675750732,0.5371977686882019,0.576525092124939,-0.0034686201252043247,0.9997748136520386,0.5781148672103882,0.7442401051521301,0.031616125255823135,0.9922895431518555,0.5275274515151978,0.7397237420082092,0.018676696345210075,0.9966106414794922,0.5760924220085144,0.8774012923240662,0.19442497193813324,0.9940041899681091,0.5196857452392578,0.8768303990364075,0.1591893583536148,0.9956650733947754,0.5701234340667725,0.8898159861564636,0.20478607714176178,0.944206714630127,0.5214518904685974,0.8877630233764648,0.16714303195476532,0.8709378242492676,0.5845891237258911,0.9343031048774719,0.10269882529973984,0.9895087480545044,0.5230936408042908,0.9318016767501831,0.05846588313579559,0.9900568127632141
12533.333333333383,0.5538381934165955,0.29391178488731384,-0.38304534554481506,0.9999834895133972,0.5597077012062073,0.2796119451522827,-0.3731861710548401,0.9999438524246216,0.5633335709571838,0.27963224053382874,-0.37315958738327026,0.9999414682388306,0.5669834613800049,0.27982184290885925,-0.3731895089149475,0.9999382495880127,0.5499980449676514,0.2804383933544159,-0.370068222284317,0.9999529123306274,0.5474973917007446,0.28087329864501953,-0.37015295028686523,0.9999566674232483,0.5451709628105164,0.2814581096172333,-0.37019288539886475,0.9999595284461975,0.5729451775550842,0.28669530153274536,-0.28355106711387634,0.9998326301574707,0.5445486903190613,0.2887139320373535,-0.2727711796760559,0.9999198317527771,0.5608036518096924,0.30921122431755066,-0.3478453755378723,0.9999737739562988,0.5489774346351624,0.3106127381324768,-0.34476980566978455,0.9999799728393555,0.6049264073371887,0.37638774514198303,-0.1961919665336609,0.9998288750648499,0.5236307382583618,0.3816264867782593,-0.1939314901828766,0.999921441078186,0.611329197883606,0.49611467123031616,-0.15782183408737183,0.9856627583503723,0.5103141665458679,0.49352169036865234,-0.16214321553707123,0.9835851192474365,0.5816109776496887,0.585034966468811,-0.21711893379688263,0.9458140134811401,0.5319326519966125,0.5848111510276794,-0.22581657767295837,0.919844925403595,0.5732669830322266,0.6098049283027649,-0.24397172033786774,0.874022364616394,0.5436477065086365,0.610406756401062,-0.2534884810447693,0.8419113755226135,0.5676536560058594,0.6010562181472778,-0.26231446862220764,0.8773967027664185,0.5492271184921265,0.6023125052452087,-0.2675973176956177,0.8388112783432007,0.5688022971153259,0.5934160947799683,-0.22418640553951263,0.8515869975090027,0.5470548272132874,0.5947303771972656,-0.23155151307582855,0.8041157722473145,0.5825453400611877,0.5803985595703125,0.004352214280515909,0.999629020690918,0.5371103882789612,0.5765552520751953,-0.004480739124119282,0.9997748136520386,0.5780171155929565,0.7444027662277222,0.034490421414375305,0.9923162460327148,0.5273725390434265,0.7393466830253601,0.012109458446502686,0.9965931177139282,0.5761209726333618,0.8773384094238281,0.1964585930109024,0.9940339922904968,0.5195995569229126,0.8768193125724792,0.15076497197151184,0.9956514835357666,0.5701373815536499,0.8897935152053833,0.20663075149059296,0.9443541765213013,0.5212332010269165,0.8877201676368713,0.15888920426368713,0.8704872727394104,0.5846359133720398,0.9343017935752869,0.10370347648859024,0.9895339012145996,0.5231440663337708,0.9318858981132507,0.04802696034312248,0.9900360107421875
12566.666666666717,0.5538904070854187,0.2942446768283844,-0.3787769079208374,0.9999840259552002,0.5597047209739685,0.27965691685676575,-0.3689616620540619,0.9999457597732544,0.5633288621902466,0.2796400189399719,-0.3689365088939667,0.9999434947967529,0.566959798336029,0.27981969714164734,-0.36896178126335144,0.9999403357505798,0.5499854683876038,0.28072625398635864,-0.3661311864852905,0.9999542832374573,0.5474767684936523,0.2813006639480591,-0.3662135899066925,0.9999578595161438,0.5451252460479736,0.28205499053001404,-0.3662528991699219,0.9999606013298035,0.572834849357605,0.28661519289016724,-0.2801501452922821,0.999839186668396,0.5443864464759827,0.2892587184906006,-0.2697230577468872,0.9999222755432129,0.5609804391860962,0.3093336224555969,-0.34371477365493774,0.9999747276306152,0.5490615963935852,0.31098848581314087,-0.3407462537288666,0.999980628490448,0.6048673987388611,0.3762960731983185,-0.19349582493305206,0.9998353123664856,0.5235905647277832,0.3816068470478058,-0.1930112987756729,0.9999215602874756,0.610943078994751,0.49604278802871704,-0.15626749396324158,0.9859594106674194,0.5101189017295837,0.49348750710487366,-0.16177286207675934,0.9837065935134888,0.5809506773948669,0.5850415825843811,-0.21483036875724792,0.9474127888679504,0.5318154692649841,0.5848093032836914,-0.2253410965204239,0.919852077960968,0.5722532868385315,0.6098018884658813,-0.24165679514408112,0.8769278526306152,0.5436496138572693,0.6105226874351501,-0.25301164388656616,0.8417313694953918,0.5666218996047974,0.6010550856590271,-0.25928813219070435,0.8802353739738464,0.5492382049560547,0.6025261282920837,-0.2673228681087494,0.838668167591095,0.5678360462188721,0.5934213995933533,-0.22160564363002777,0.854810357093811,0.5470597743988037,0.594935417175293,-0.2312643676996231,0.8041766285896301,0.5822715759277344,0.5802541971206665,0.004463715944439173,0.9996299743652344,0.5369498133659363,0.5765466690063477,-0.00459018349647522,0.9997726678848267,0.5778740048408508,0.7444294691085815,0.034279268234968185,0.9923508763313293,0.5269971489906311,0.7392945885658264,0.01234161201864481,0.9965835213661194,0.5761223435401917,0.8770289421081543,0.19541577994823456,0.9940524101257324,0.5195892453193665,0.8768125772476196,0.15185341238975525,0.995627224445343,0.5701318383216858,0.8896282315254211,0.20568381249904633,0.9447371959686279,0.5211792588233948,0.887625515460968,0.1600877195596695,0.8701483011245728,0.5846390128135681,0.934198796749115,0.1038772314786911,0.9895397424697876,0.5231438875198364,0.9318777918815613,0.04987079277634621,0.9899627566337585
12600.000000000051,0.5539577603340149,0.2953018248081207,-0.3758179545402527,0.9999843835830688,0.5597041249275208,0.28024351596832275,-0.36585533618927,0.9999470710754395,0.5633280873298645,0.2800546884536743,-0.3658343553543091,0.9999448657035828,0.5669580101966858,0.2801401913166046,-0.3658556342124939,0.9999417066574097,0.5499868392944336,0.28160110116004944,-0.3632156252861023,0.9999550580978394,0.5474753975868225,0.28224846720695496,-0.3632960915565491,0.9999584555625916,0.5451189875602722,0.28305214643478394,-0.36333662271499634,0.9999610185623169,0.5727993249893188,0.28669777512550354,-0.27652689814567566,0.9998440146446228,0.5442909598350525,0.2902170717716217,-0.26656490564346313,0.9999237656593323,0.561121940612793,0.3100278675556183,-0.34045931696891785,0.9999753832817078,0.5491548776626587,0.31199416518211365,-0.33762550354003906,0.9999809861183167,0.6048409938812256,0.37629589438438416,-0.18947084248065948,0.9998419880867004,0.5235466361045837,0.3816044330596924,-0.19079884886741638,0.9999217987060547,0.6105133891105652,0.4960373044013977,-0.15122532844543457,0.986231803894043,0.5099442005157471,0.4934731423854828,-0.1605481654405594,0.9838945865631104,0.5805514454841614,0.5852110981941223,-0.20986351370811462,0.9490610957145691,0.5317664742469788,0.5848844051361084,-0.22424164414405823,0.9207327365875244,0.5718911290168762,0.609917938709259,-0.23675039410591125,0.8801159858703613,0.543684184551239,0.6108287572860718,-0.25203242897987366,0.843112587928772,0.5662497878074646,0.6011395454406738,-0.25489524006843567,0.8833621144294739,0.5493188500404358,0.6027818918228149,-0.26617321372032166,0.8400939702987671,0.5674236416816711,0.5935643315315247,-0.21687357127666473,0.8584099411964417,0.5471181869506836,0.5952165722846985,-0.23005224764347076,0.8059781193733215,0.5820017457008362,0.5802494883537292,0.004688432440161705,0.9996317028999329,0.5367354154586792,0.5766960978507996,-0.004808451514691114,0.9997683167457581,0.5777425169944763,0.7444276809692383,0.033385466784238815,0.9923017621040344,0.5268028378486633,0.7393021583557129,0.014342818409204483,0.9965415596961975,0.5761134624481201,0.8770260214805603,0.19120751321315765,0.9940072298049927,0.5195319056510925,0.8767923712730408,0.1555638164281845,0.9955539703369141,0.5700992941856384,0.8896566033363342,0.20111244916915894,0.9448912739753723,0.5210755467414856,0.8874168395996094,0.1641165167093277,0.8694106340408325,0.5846814513206482,0.9341336488723755,0.099526546895504,0.9894614815711975,0.5231342315673828,0.9319975972175598,0.055335793644189835,0.989808201789856
12633.333333333385,0.5540239810943604,0.29665008187294006,-0.3690863847732544,0.9999846816062927,0.5597503781318665,0.2813695967197418,-0.3592667877674103,0.9999482035636902,0.563386082649231,0.281081885099411,-0.35924938321113586,0.9999460577964783,0.5670138597488403,0.28109219670295715,-0.35926657915115356,0.9999428391456604,0.5500285625457764,0.28259095549583435,-0.35667842626571655,0.9999557137489319,0.5474866032600403,0.2831627130508423,-0.3567551076412201,0.999958872795105,0.5451256632804871,0.2838171422481537,-0.3567974269390106,0.9999613165855408,0.5727941989898682,0.28718653321266174,-0.27006250619888306,0.9998483061790466,0.5442768931388855,0.2910051643848419,-0.26022762060165405,0.9999251365661621,0.5612872242927551,0.3114926517009735,-0.3336363136768341,0.9999760389328003,0.5492474436759949,0.3133658468723297,-0.33084768056869507,0.9999814033508301,0.6048393845558167,0.376309335231781,-0.1825116127729416,0.9998490810394287,0.5235455632209778,0.3816016912460327,-0.18515382707118988,0.9999231100082397,0.610077440738678,0.4961032569408417,-0.1413898468017578,0.9864570498466492,0.5097482204437256,0.493424654006958,-0.154630646109581,0.9840981960296631,0.5802286267280579,0.5855648517608643,-0.1991945207118988,0.950858473777771,0.5317128300666809,0.585059642791748,-0.21876730024814606,0.9220072627067566,0.5716267228126526,0.6104874610900879,-0.225673645734787,0.8838908076286316,0.5436862111091614,0.6114268898963928,-0.2462763786315918,0.8453898429870605,0.5660706758499146,0.6014606356620789,-0.2448929250240326,0.887048065662384,0.5493479371070862,0.6031007766723633,-0.2605619728565216,0.8424444198608398,0.5671582818031311,0.5939524173736572,-0.2065742313861847,0.862705409526825,0.5471575856208801,0.5955418944358826,-0.22455328702926636,0.8088515996932983,0.5814823508262634,0.5805191397666931,0.005256355740129948,0.9996339082717896,0.5363733768463135,0.5771701335906982,-0.005366789177060127,0.9997655153274536,0.5774358510971069,0.7449888586997986,0.033394984900951385,0.9922332763671875,0.5263977646827698,0.7396496534347534,0.013813378289341927,0.9965388774871826,0.5760874152183533,0.8770148754119873,0.19084873795509338,0.9939382076263428,0.5195403695106506,0.8768340349197388,0.15300025045871735,0.9954864382743835,0.5700052380561829,0.8896421790122986,0.2006714791059494,0.9451526403427124,0.5210794806480408,0.8873484134674072,0.1613742709159851,0.8690605163574219,0.5847319960594177,0.9341186285018921,0.09942977130413055,0.9893401861190796,0.523247241973877,0.9320803284645081,0.05280556529760361,0.9896628260612488
12666.666666666719,0.5538464188575745,0.2979440689086914,-0.3657635748386383,0.9999850392341614,0.5596373677253723,0.2824045717716217,-0.3563537001609802,0.9999494552612305,0.5632466077804565,0.28203845024108887,-0.3563360273838043,0.9999473690986633,0.5668896436691284,0.28190213441848755,-0.3563527762889862,0.9999441504478455,0.5499153137207031,0.2835622727870941,-0.35332661867141724,0.9999564290046692,0.5473482012748718,0.28408104181289673,-0.3534035384654999,0.999959409236908,0.544952929019928,0.28463637828826904,-0.353444904088974,0.9999616742134094,0.5726944208145142,0.28759902715682983,-0.26890745759010315,0.9998529553413391,0.54413241147995,0.29146650433540344,-0.2570299506187439,0.9999265670776367,0.5612367391586304,0.31293970346450806,-0.330969899892807,0.9999767541885376,0.5491804480552673,0.31467318534851074,-0.3275776207447052,0.9999818205833435,0.6048106551170349,0.376333087682724,-0.18213051557540894,0.9998555779457092,0.5234780311584473,0.3816615045070648,-0.1820325404405594,0.9999242424964905,0.6096638441085815,0.4961649477481842,-0.14085739850997925,0.9866926074028015,0.5096589922904968,0.4934040307998657,-0.14956101775169373,0.9842092990875244,0.5799821019172668,0.586102306842804,-0.19647397100925446,0.9523717164993286,0.5316597819328308,0.585323691368103,-0.21176771819591522,0.9228737950325012,0.5713998675346375,0.6111978888511658,-0.2225365936756134,0.8869421482086182,0.5436760187149048,0.611983597278595,-0.23834346234798431,0.8468729257583618,0.5659074783325195,0.6019904017448425,-0.2413170337677002,0.8900327086448669,0.5493505597114563,0.6034892201423645,-0.2526112198829651,0.8439432978630066,0.5669340491294861,0.5945262908935547,-0.20359860360622406,0.8661920428276062,0.5471616983413696,0.5959280133247375,-0.21751809120178223,0.810920000076294,0.5812819600105286,0.5805681943893433,0.005286441184580326,0.9996342062950134,0.5362744927406311,0.5773153305053711,-0.00539587764069438,0.9997594952583313,0.5772066116333008,0.7450290322303772,0.029488183557987213,0.9921612739562988,0.5261791348457336,0.7396634817123413,0.014249395579099655,0.9965076446533203,0.5761458277702332,0.877039909362793,0.17965564131736755,0.9938598871231079,0.5193690061569214,0.8766060471534729,0.1533757895231247,0.9953881502151489,0.5700569748878479,0.889763355255127,0.1887655407190323,0.9451726675033569,0.5206687450408936,0.8871341943740845,0.16177935898303986,0.868160605430603,0.5849785208702087,0.9341979026794434,0.0879579707980156,0.9891728758811951,0.5232477188110352,0.9318945407867432,0.053641773760318756,0.9894470572471619
12700.000000000053,0.5537614822387695,0.30025210976600647,-0.36644384264945984,0.9999851584434509,0.5594964623451233,0.2844215929508209,-0.35654351115226746,0.9999501705169678,0.5631237626075745,0.28404974937438965,-0.35651037096977234,0.9999480843544006,0.5667972564697266,0.2836780250072479,-0.3565260171890259,0.9999448657035828,0.5497332215309143,0.28530627489089966,-0.3535166084766388,0.9999566078186035,0.5471729040145874,0.28573092818260193,-0.3535875678062439,0.999959409236908,0.5447215437889099,0.28614896535873413,-0.3536324203014374,0.9999615550041199,0.5726073384284973,0.2888793647289276,-0.27072998881340027,0.9998561143875122,0.5438886284828186,0.29283344745635986,-0.2584352195262909,0.9999271631240845,0.5612292885780334,0.31530457735061646,-0.33270981907844543,0.9999772310256958,0.549130380153656,0.316725492477417,-0.32918837666511536,0.9999820590019226,0.6048098802566528,0.3766036331653595,-0.18425706028938293,0.9998622536659241,0.5233737826347351,0.3817824423313141,-0.18341512978076935,0.9999250769615173,0.6093390583992004,0.4963201880455017,-0.14363111555576324,0.9868847727775574,0.5095472931861877,0.4933743476867676,-0.15069197118282318,0.9842548966407776,0.5798991322517395,0.5865647196769714,-0.20057973265647888,0.953776478767395,0.5313562750816345,0.5853453874588013,-0.21441656351089478,0.9235674142837524,0.5713258385658264,0.611943781375885,-0.22672761976718903,0.8898923993110657,0.5434726476669312,0.6122735738754272,-0.24213795363903046,0.8480281233787537,0.5658648014068604,0.6024606227874756,-0.24486708641052246,0.8929262757301331,0.5492159128189087,0.6036188006401062,-0.25679537653923035,0.8451454043388367,0.5668729543685913,0.5949669480323792,-0.20762749016284943,0.8694300651550293,0.5470406413078308,0.5960049629211426,-0.2204120010137558,0.812404453754425,0.5809921026229858,0.5805831551551819,0.005486599635332823,0.9996345043182373,0.5360875725746155,0.5773501992225647,-0.005590592045336962,0.9997539520263672,0.5771087408065796,0.7450551986694336,0.02985478565096855,0.9920979142189026,0.5258842706680298,0.7396526336669922,0.014198190532624722,0.9964777231216431,0.5761649012565613,0.8770381808280945,0.18361081182956696,0.9938153028488159,0.5193740129470825,0.8766085505485535,0.15323178470134735,0.9953290224075317,0.5700788497924805,0.8897672295570374,0.19315804541110992,0.9452450275421143,0.5207277536392212,0.8871904611587524,0.16164188086986542,0.8679877519607544,0.5850764513015747,0.9342849850654602,0.09144672751426697,0.9890566468238831,0.5233271718025208,0.931877851486206,0.05326910316944122,0.989312469959259
12733.333333333387,0.5536438226699829,0.30351176857948303,-0.36773237586021423,0.9999852180480957,0.5592817068099976,0.2865957021713257,-0.35851016640663147,0.9999504089355469,0.5629157423973083,0.2861494719982147,-0.35848504304885864,0.9999483823776245,0.5665399432182312,0.28551891446113586,-0.3585037589073181,0.9999451637268066,0.549552857875824,0.2872818410396576,-0.3552565574645996,0.999956488609314,0.5470184087753296,0.2876110374927521,-0.35533177852630615,0.9999590516090393,0.5445276498794556,0.28792211413383484,-0.3553778827190399,0.9999611377716064,0.5724484920501709,0.2899532616138458,-0.27211350202560425,0.9998589754104614,0.5437621474266052,0.29404082894325256,-0.2588328719139099,0.9999275803565979,0.5611556172370911,0.3181345760822296,-0.333299845457077,0.9999776482582092,0.5490623116493225,0.3195078670978546,-0.32939910888671875,0.9999822378158569,0.6048459410667419,0.3769644796848297,-0.184634268283844,0.9998683333396912,0.5231878757476807,0.3818466067314148,-0.1822478473186493,0.9999266266822815,0.6090774536132812,0.4966580867767334,-0.14365540444850922,0.987066388130188,0.5094629526138306,0.49336886405944824,-0.1486571580171585,0.9844075441360474,0.5796708464622498,0.587304949760437,-0.19972185790538788,0.9550380706787109,0.531129777431488,0.5855269432067871,-0.21192093193531036,0.924876868724823,0.5709865689277649,0.6130028367042542,-0.226104274392128,0.8926023244857788,0.5433763265609741,0.6127854585647583,-0.23884347081184387,0.85019451379776,0.5655357241630554,0.6029871106147766,-0.24480538070201874,0.895577073097229,0.5491431951522827,0.6037919521331787,-0.25337767601013184,0.8473218679428101,0.5665716528892517,0.5955004692077637,-0.20684920251369476,0.8724866509437561,0.5469845533370972,0.5961576700210571,-0.21778486669063568,0.8151423931121826,0.5808748006820679,0.5807656645774841,0.005193833727389574,0.9996294379234314,0.5358478426933289,0.5775377750396729,-0.0052888887003064156,0.9997444152832031,0.576931357383728,0.7453517913818359,0.025554215535521507,0.9920566082000732,0.5255110859870911,0.7404978275299072,0.015230242162942886,0.9964465498924255,0.5761649012565613,0.8772817254066467,0.17437289655208588,0.9937607049942017,0.5193770527839661,0.8773817420005798,0.15342870354652405,0.9952546954154968,0.5700803995132446,0.8900964260101318,0.18342359364032745,0.9452230334281921,0.5208511352539062,0.8874470591545105,0.16184478998184204,0.867794930934906,0.5850868821144104,0.9343655109405518,0.08227293938398361,0.9889499545097351,0.523465096950531,0.9320152997970581,0.05371445044875145,0.9891594052314758
12766.66666666672,0.553389310836792,0.30526068806648254,-0.36858975887298584,0.9999849200248718,0.5589759349822998,0.28813636302948,-0.3595716655254364,0.99994957447052,0.5626395344734192,0.2877596318721771,-0.3595501482486725,0.9999476671218872,0.5662214159965515,0.2871209979057312,-0.35957080125808716,0.9999443888664246,0.5493566989898682,0.28837308287620544,-0.3561530113220215,0.9999552965164185,0.546879768371582,0.2885412573814392,-0.3562297224998474,0.9999577403068542,0.5443884134292603,0.28869950771331787,-0.3562766909599304,0.9999597072601318,0.5723093152046204,0.29115521907806396,-0.2729348838329315,0.9998588562011719,0.5437370538711548,0.29453355073928833,-0.25908389687538147,0.9999256730079651,0.5609381198883057,0.31964531540870667,-0.33407124876976013,0.9999775886535645,0.5489078760147095,0.3207773268222809,-0.3299446702003479,0.9999819397926331,0.6048627495765686,0.3775920867919922,-0.1852588653564453,0.9998732805252075,0.5230485796928406,0.38202303647994995,-0.18182221055030823,0.9999271631240845,0.608879029750824,0.4971117377281189,-0.14385753870010376,0.9872698783874512,0.5093955397605896,0.49336040019989014,-0.1479143649339676,0.9843654036521912,0.5795952081680298,0.5879831910133362,-0.20000949501991272,0.9563642740249634,0.5308179259300232,0.5856255292892456,-0.2116379290819168,0.9258018732070923,0.5710157155990601,0.6141186356544495,-0.226565882563591,0.8955491185188293,0.5429723858833313,0.613239049911499,-0.23858237266540527,0.8519634008407593,0.5654608011245728,0.6038978099822998,-0.24590358138084412,0.8984727263450623,0.5489019751548767,0.6040853261947632,-0.2532971501350403,0.8491242527961731,0.5664623975753784,0.5962892174720764,-0.20700852572917938,0.8757542967796326,0.5467950701713562,0.5963300466537476,-0.21761688590049744,0.8173661828041077,0.5807974934577942,0.581162691116333,0.004770374391227961,0.9996259212493896,0.5356568694114685,0.5776532888412476,-0.004861573688685894,0.9997374415397644,0.5767757296562195,0.7453575134277344,0.026088060811161995,0.9919970035552979,0.5253369212150574,0.74049973487854,0.017183303833007812,0.9964004755020142,0.5762007832527161,0.8773193955421448,0.1774211972951889,0.9937114715576172,0.5196359753608704,0.8774515986442566,0.1559152454137802,0.9951590299606323,0.5700923800468445,0.8900972604751587,0.1867867410182953,0.944915771484375,0.5215151906013489,0.8874127864837646,0.1645135134458542,0.8669521808624268,0.5851668119430542,0.934421718120575,0.0856972262263298,0.9888384938240051,0.5236109495162964,0.9320123791694641,0.05840637534856796,0.988959789276123
12800.000000000055,0.5530297756195068,0.30687999725341797,-0.37515753507614136,0.9999848008155823,0.5585877895355225,0.289760559797287,-0.36711663007736206,0.9999492168426514,0.5623185038566589,0.289399653673172,-0.3671025037765503,0.9999474287033081,0.5658845901489258,0.28872787952423096,-0.36713162064552307,0.9999441504478455,0.5490207076072693,0.28963950276374817,-0.3629179894924164,0.9999545812606812,0.546594500541687,0.289628803730011,-0.36299559473991394,0.9999568462371826,0.5440800786018372,0.2896164059638977,-0.36304426193237305,0.9999586343765259,0.5722086429595947,0.29201075434684753,-0.28144142031669617,0.9998597502708435,0.5436651110649109,0.29503005743026733,-0.2637498676776886,0.9999245405197144,0.5607306957244873,0.3208850026130676,-0.3405035138130188,0.9999775886535645,0.5487430691719055,0.3221482038497925,-0.33535414934158325,0.999981701374054,0.6048986911773682,0.37808850407600403,-0.19221685826778412,0.9998781085014343,0.5229244828224182,0.38238805532455444,-0.18435519933700562,0.99992835521698,0.6086852550506592,0.49761962890625,-0.15326419472694397,0.9874407649040222,0.5093791484832764,0.49347490072250366,-0.14822949469089508,0.9843720197677612,0.5795515775680542,0.5885391235351562,-0.20958024263381958,0.9574061632156372,0.5306954979896545,0.5861138105392456,-0.21213631331920624,0.9269415736198425,0.5710659623146057,0.6149380207061768,-0.23698805272579193,0.8977149128913879,0.5427201986312866,0.6142081618309021,-0.2391456961631775,0.853976845741272,0.5654774904251099,0.604735791683197,-0.2564825713634491,0.9006087779998779,0.5487388372421265,0.6047977209091187,-0.2533518075942993,0.851150631904602,0.5664690732955933,0.5969995856285095,-0.21684804558753967,0.8781307339668274,0.5467177033424377,0.5969034433364868,-0.21792565286159515,0.8197580575942993,0.5807227492332458,0.5813189744949341,0.004631375428289175,0.999628484249115,0.5353547930717468,0.5778334736824036,-0.004721472971141338,0.9997358918190002,0.5767326951026917,0.7457172274589539,0.026576846837997437,0.9919928312301636,0.5252678990364075,0.7405745387077332,0.020038852468132973,0.9964025020599365,0.5761079788208008,0.8777683973312378,0.17981034517288208,0.9937374591827393,0.5196353197097778,0.8774216771125793,0.16147808730602264,0.9951592087745667,0.5699976086616516,0.8907955288887024,0.18935221433639526,0.9454914927482605,0.521623969078064,0.8871615529060364,0.17039360105991364,0.8678552508354187,0.5851963758468628,0.9344787001609802,0.08770870417356491,0.9888715147972107,0.5235587358474731,0.9318869113922119,0.06501685082912445,0.9889647364616394
12833.333333333389,0.5528342723846436,0.308149129152298,-0.38177862763404846,0.9999846816062927,0.5583928227424622,0.2909528613090515,-0.3735291659832001,0.999949038028717,0.562160313129425,0.2905985713005066,-0.37351831793785095,0.9999473094940186,0.5657047629356384,0.2899243235588074,-0.37355098128318787,0.9999439716339111,0.5487940311431885,0.2906619608402252,-0.36935001611709595,0.9999539256095886,0.5463839173316956,0.2905440926551819,-0.3694283068180084,0.9999560117721558,0.5438352227210999,0.29043278098106384,-0.3694791793823242,0.9999576807022095,0.5721418261528015,0.2927875220775604,-0.2858744263648987,0.9998606443405151,0.5435633063316345,0.2954939901828766,-0.2680310308933258,0.9999235272407532,0.5606183409690857,0.32177475094795227,-0.34621378779411316,0.9999777674674988,0.5486189126968384,0.3232724070549011,-0.34108179807662964,0.9999816417694092,0.6049409508705139,0.37845465540885925,-0.19472289085388184,0.9998837113380432,0.5228561758995056,0.3825479745864868,-0.18689997494220734,0.9999294877052307,0.608504056930542,0.49824756383895874,-0.1559579223394394,0.9876420497894287,0.5093664526939392,0.4935073256492615,-0.1499827653169632,0.9843346476554871,0.5794658660888672,0.5888596773147583,-0.21588169038295746,0.9585577845573425,0.5304004549980164,0.5862812399864197,-0.21721908450126648,0.9282506108283997,0.5710273385047913,0.6151406168937683,-0.24424134194850922,0.9001294374465942,0.5422672629356384,0.6147387623786926,-0.24532440304756165,0.8564462065696716,0.565433919429779,0.605057418346405,-0.2639283239841461,0.9029836058616638,0.5484302043914795,0.605248749256134,-0.26067203283309937,0.8536600470542908,0.5664247870445251,0.5973320007324219,-0.22343453764915466,0.8807812929153442,0.5464946627616882,0.5972400903701782,-0.22354742884635925,0.8225976824760437,0.5806630253791809,0.581562876701355,0.0046245441772043705,0.9996340274810791,0.5351362228393555,0.5779659152030945,-0.004714888520538807,0.9997338056564331,0.5766456723213196,0.7464398145675659,0.026977939531207085,0.9920199513435364,0.5251505970954895,0.7405880689620972,0.022863861173391342,0.9963722825050354,0.5761090517044067,0.8777884244918823,0.19050699472427368,0.993743896484375,0.5200423002243042,0.8755923509597778,0.17618142068386078,0.9951130151748657,0.5699977278709412,0.8907924294471741,0.20151689648628235,0.9459810256958008,0.5224403738975525,0.8851813673973083,0.1865067481994629,0.8684513568878174,0.5851976275444031,0.9344977140426636,0.0999266728758812,0.9888710975646973,0.5235947370529175,0.9313018918037415,0.08010260760784149,0.9889038801193237
12866.666666666722,0.5525856614112854,0.3089281916618347,-0.3889157474040985,0.999984622001648,0.5581656098365784,0.29168814420700073,-0.38066089153289795,0.9999488592147827,0.5619813203811646,0.29134663939476013,-0.38064682483673096,0.999947190284729,0.5655224919319153,0.29068177938461304,-0.38067615032196045,0.9999437928199768,0.5485531687736511,0.29134711623191833,-0.37629446387290955,0.9999535083770752,0.5461556315422058,0.2911868095397949,-0.3763774335384369,0.9999554753303528,0.5435819029808044,0.2910313308238983,-0.3764325678348541,0.9999570250511169,0.572088360786438,0.29336124658584595,-0.2925206422805786,0.9998605251312256,0.5434906482696533,0.2959471046924591,-0.2739725410938263,0.9999225735664368,0.5604825615882874,0.32237085700035095,-0.3532203733921051,0.9999779462814331,0.5484640598297119,0.32408690452575684,-0.34792283177375793,0.9999816417694092,0.6050004959106445,0.3787388205528259,-0.19978484511375427,0.9998887777328491,0.5228503942489624,0.3825829327106476,-0.1927424520254135,0.9999312162399292,0.6083360314369202,0.4988361597061157,-0.16082611680030823,0.9878427386283875,0.5093547105789185,0.4935034215450287,-0.15679039061069489,0.9843887686729431,0.5793588161468506,0.5892099738121033,-0.22139328718185425,0.9597108960151672,0.5299816131591797,0.586346447467804,-0.22406944632530212,0.9296450018882751,0.5709658861160278,0.6154534816741943,-0.24989798665046692,0.9024808406829834,0.5417547225952148,0.614996075630188,-0.2523807883262634,0.8588982224464417,0.565363347530365,0.6053951978683472,-0.26951971650123596,0.9053112864494324,0.5479708313941956,0.6054883003234863,-0.26777124404907227,0.8561408519744873,0.566358745098114,0.5976791381835938,-0.22892720997333527,0.8833488821983337,0.5461156368255615,0.5974429845809937,-0.23041214048862457,0.8253862261772156,0.5806519985198975,0.5815917253494263,0.004690756555646658,0.9996392130851746,0.535055935382843,0.57802814245224,-0.004783980548381805,0.9997342824935913,0.5765978097915649,0.7463458180427551,0.03180254250764847,0.9919568300247192,0.5251075625419617,0.7407280206680298,0.023200517520308495,0.9963194131851196,0.5761474967002869,0.8772675395011902,0.20236468315124512,0.9936851263046265,0.5200454592704773,0.8747632503509521,0.17737926542758942,0.9950181245803833,0.5699964165687561,0.8901775479316711,0.21395987272262573,0.9459577202796936,0.5224274396896362,0.8841589689254761,0.18777869641780853,0.86770099401474,0.585198700428009,0.934333860874176,0.11263097822666168,0.98878413438797,0.5236267447471619,0.9311251640319824,0.08042136579751968,0.9887516498565674
12900.000000000056,0.5524836778640747,0.3094325065612793,-0.3861742913722992,0.9999846816062927,0.5580648183822632,0.29213187098503113,-0.3775408864021301,0.9999490976333618,0.5618913769721985,0.29177147150039673,-0.37752512097358704,0.9999474883079529,0.5654246807098389,0.29110240936279297,-0.37755289673805237,0.9999440908432007,0.5484183430671692,0.29183459281921387,-0.37351518869400024,0.99995356798172,0.5460129976272583,0.2916715443134308,-0.3735971748828888,0.9999553561210632,0.54342120885849,0.2915102243423462,-0.37364885210990906,0.9999567866325378,0.5720518827438354,0.29370009899139404,-0.2897191345691681,0.9998618960380554,0.5434138178825378,0.29630720615386963,-0.27261069416999817,0.999922513961792,0.5604174137115479,0.32271260023117065,-0.3507295250892639,0.9999781847000122,0.5483875274658203,0.32456833124160767,-0.34599241614341736,0.999981701374054,0.6050263047218323,0.3788217604160309,-0.1984710842370987,0.9998931288719177,0.522826611995697,0.3826052248477936,-0.1926979422569275,0.9999329447746277,0.6082456111907959,0.4989992380142212,-0.15943226218223572,0.9880302548408508,0.5093438625335693,0.49349918961524963,-0.15582655370235443,0.9844433069229126,0.5793382525444031,0.5893906950950623,-0.2192945033311844,0.9608200192451477,0.5295647382736206,0.5863505601882935,-0.22314254939556122,0.9309692978858948,0.5709553360939026,0.6157160401344299,-0.247304767370224,0.9047735333442688,0.5412153601646423,0.6150521636009216,-0.2512494921684265,0.8612393140792847,0.565349817276001,0.6057276129722595,-0.2667790949344635,0.9075679779052734,0.5474189519882202,0.6055952310562134,-0.26723891496658325,0.8585511445999146,0.5663432478904724,0.5980035662651062,-0.22679471969604492,0.8859112858772278,0.5456163287162781,0.5975085496902466,-0.22966475784778595,0.8282397389411926,0.5805374979972839,0.5819834470748901,0.004651499912142754,0.9996414184570312,0.5348756313323975,0.5781736969947815,-0.004745022859424353,0.9997348189353943,0.5764424800872803,0.7465107440948486,0.03511470556259155,0.9918649792671204,0.524948239326477,0.7407951951026917,0.023077961057424545,0.9962928295135498,0.5761372447013855,0.8772820234298706,0.1995459645986557,0.9936243295669556,0.5198696255683899,0.8744973540306091,0.17385807633399963,0.9949488043785095,0.5699927806854248,0.8901438117027283,0.21044138073921204,0.9460572004318237,0.5223190784454346,0.8840430974960327,0.18379166722297668,0.8675281405448914,0.585174560546875,0.9341244101524353,0.1098475307226181,0.9886907339096069,0.5235861539840698,0.930786669254303,0.07546862214803696,0.9886288046836853
12933.33333333339,0.5523248314857483,0.30956703424453735,-0.3908352553844452,0.9999845623970032,0.5578984022140503,0.2922878861427307,-0.3824656903743744,0.9999487996101379,0.5617579221725464,0.29194438457489014,-0.3824530839920044,0.9999473094940186,0.5652980208396912,0.2912983298301697,-0.38248613476753235,0.9999438524246216,0.5482746958732605,0.29201993346214294,-0.3780456781387329,0.9999530911445618,0.5458772778511047,0.2918722331523895,-0.3781294524669647,0.9999547600746155,0.5432888269424438,0.29172539710998535,-0.3781825602054596,0.9999561309814453,0.5720258951187134,0.2939167022705078,-0.29419273138046265,0.9998621940612793,0.5433770418167114,0.29653891921043396,-0.2754223048686981,0.9999216794967651,0.5603188872337341,0.3228360414505005,-0.3551322817802429,0.999978244304657,0.5483058094978333,0.32473596930503845,-0.34981393814086914,0.9999815821647644,0.6050516366958618,0.37894394993782043,-0.20253324508666992,0.9998965859413147,0.5228165984153748,0.3826849162578583,-0.1936851292848587,0.9999342560768127,0.6081846952438354,0.499137818813324,-0.16471105813980103,0.9881690740585327,0.5093391537666321,0.4934750497341156,-0.15646527707576752,0.9844714999198914,0.5792457461357117,0.589451014995575,-0.2242579311132431,0.9614262580871582,0.5292965173721313,0.5863537192344666,-0.22332081198692322,0.9320039749145508,0.5708990693092346,0.6158214807510376,-0.2527851164340973,0.9058643579483032,0.5409022569656372,0.6150492429733276,-0.251205176115036,0.8630844950675964,0.5653277039527893,0.6059073209762573,-0.2719660997390747,0.9086487889289856,0.5469874739646912,0.6056200265884399,-0.26704177260398865,0.8604167103767395,0.5663233399391174,0.5981500744819641,-0.23162274062633514,0.8870343565940857,0.5451986193656921,0.5975230932235718,-0.2298082411289215,0.8302762508392334,0.5805068612098694,0.5822559595108032,0.004521917086094618,0.9996441602706909,0.5347790122032166,0.5783954858779907,-0.0046163820661604404,0.9997345209121704,0.5762559175491333,0.7466298937797546,0.03468651324510574,0.991795003414154,0.5249453783035278,0.7410691380500793,0.024994784966111183,0.9962403178215027,0.576121985912323,0.8772793412208557,0.20188337564468384,0.9935703277587891,0.5200417041778564,0.8745214343070984,0.17953963577747345,0.9948583245277405,0.5699778199195862,0.8901273012161255,0.21329329907894135,0.9463532567024231,0.5225815176963806,0.8839973211288452,0.18995799124240875,0.8670629262924194,0.5850958228111267,0.9339180588722229,0.11251714825630188,0.9886394739151001,0.5237836241722107,0.9306644201278687,0.08255627751350403,0.9884839653968811
12966.666666666724,0.5521309971809387,0.30957111716270447,-0.3883730471134186,0.9999843835830688,0.5577247738838196,0.29234468936920166,-0.3798252046108246,0.9999482035636902,0.561618983745575,0.2920311689376831,-0.37981146574020386,0.9999467730522156,0.5651751160621643,0.29141560196876526,-0.3798421621322632,0.9999432563781738,0.548150360584259,0.2920738756656647,-0.37566858530044556,0.9999524354934692,0.545767068862915,0.29193103313446045,-0.3757511377334595,0.9999540448188782,0.5431921482086182,0.2917884588241577,-0.3758021295070648,0.9999553561210632,0.5720104575157166,0.2941025495529175,-0.2924666106700897,0.9998610019683838,0.5433683395385742,0.29665371775627136,-0.27406617999076843,0.9999203085899353,0.5601969957351685,0.3228883743286133,-0.35282352566719055,0.9999780654907227,0.5482087731361389,0.32477667927742004,-0.347834974527359,0.9999813437461853,0.6050767302513123,0.3791671693325043,-0.2020026296377182,0.9998984932899475,0.522814154624939,0.38275691866874695,-0.19305960834026337,0.9999354481697083,0.6080900430679321,0.49919652938842773,-0.16428129374980927,0.9882409572601318,0.5093448162078857,0.49346840381622314,-0.15625861287117004,0.984448254108429,0.5792478322982788,0.5894748568534851,-0.22233067452907562,0.9620532393455505,0.529158890247345,0.5863737463951111,-0.22256633639335632,0.9330735802650452,0.570907473564148,0.6159695386886597,-0.2503867745399475,0.9071547389030457,0.5407348871231079,0.6150609850883484,-0.2500024437904358,0.8650686740875244,0.565339982509613,0.606133759021759,-0.2696073353290558,0.9099267721176147,0.5467919707298279,0.6056578755378723,-0.26602473855018616,0.8624188303947449,0.5663365125656128,0.5983424782752991,-0.22966329753398895,0.8884126543998718,0.5449845790863037,0.5975478887557983,-0.22912470996379852,0.8325467109680176,0.5804837942123413,0.5822562575340271,0.004476614762097597,0.9996440410614014,0.534725546836853,0.5783905386924744,-0.004572009202092886,0.9997352361679077,0.5761388540267944,0.7464442849159241,0.034577589482069016,0.9916762113571167,0.5249412059783936,0.7410585284233093,0.024412011727690697,0.9962127804756165,0.5758775472640991,0.8772807717323303,0.1998298168182373,0.9935132265090942,0.5201094150543213,0.8745607733726501,0.17322053015232086,0.994810163974762,0.5697168707847595,0.8901380896568298,0.21077503263950348,0.9465458393096924,0.5227765440940857,0.8840494155883789,0.18271274864673615,0.8668546676635742,0.5849961042404175,0.9338071942329407,0.1120573952794075,0.9885666370391846,0.5238423347473145,0.9304450154304504,0.0782356932759285,0.9883924126625061
13000.000000000058,0.5519631505012512,0.3096010982990265,-0.38740360736846924,0.9999840259552002,0.5575588941574097,0.29239147901535034,-0.3784857988357544,0.9999468922615051,0.5614808201789856,0.2921016216278076,-0.3784717321395874,0.9999455809593201,0.5650535225868225,0.2915093004703522,-0.378501296043396,0.9999420046806335,0.5480442643165588,0.2921251356601715,-0.374624639749527,0.9999511241912842,0.5456720590591431,0.29198339581489563,-0.3747067451477051,0.9999526143074036,0.5431056618690491,0.2918410003185272,-0.3747553527355194,0.9999538660049438,0.5719993114471436,0.2942499816417694,-0.291957825422287,0.9998587965965271,0.543366014957428,0.29672908782958984,-0.273354172706604,0.9999178051948547,0.5601063966751099,0.3229520916938782,-0.35163432359695435,0.9999776482582092,0.5481396913528442,0.3248169720172882,-0.347122460603714,0.9999808073043823,0.6051375865936279,0.37934523820877075,-0.20269133150577545,0.9998995065689087,0.5228195190429688,0.38276612758636475,-0.19293124973773956,0.9999361038208008,0.6079874038696289,0.4994640648365021,-0.1649588644504547,0.9882570505142212,0.5093516111373901,0.4934348165988922,-0.15439315140247345,0.9842513203620911,0.5791000127792358,0.5898101329803467,-0.22103333473205566,0.9622814059257507,0.5291231870651245,0.5864002108573914,-0.21710819005966187,0.9332708716392517,0.5706565380096436,0.6165359616279602,-0.24898819625377655,0.9075420498847961,0.5406922101974487,0.6150880455970764,-0.24319769442081451,0.8654557466506958,0.5650671124458313,0.6066998839378357,-0.2684788107872009,0.9103275537490845,0.5467424988746643,0.6056947112083435,-0.25867006182670593,0.8628017902374268,0.5661070346832275,0.5988726615905762,-0.22837963700294495,0.8888305425643921,0.5449216961860657,0.5975787043571472,-0.22338442504405975,0.8331397771835327,0.5804722905158997,0.5822234153747559,0.0039061272982507944,0.9996405243873596,0.534700334072113,0.578370213508606,-0.004007760901004076,0.9997331500053406,0.5759864449501038,0.7463386058807373,0.03443725034594536,0.9915391206741333,0.5249598026275635,0.7410452961921692,0.02500932291150093,0.996152400970459,0.5758782029151917,0.8771765232086182,0.19620093703269958,0.9934284090995789,0.5202685594558716,0.8745783567428589,0.17182913422584534,0.9947143197059631,0.5697210431098938,0.8899998068809509,0.2068818360567093,0.9462904930114746,0.5230453610420227,0.884063720703125,0.1812591254711151,0.8661175966262817,0.5848841071128845,0.9332646727561951,0.1097426488995552,0.988434374332428,0.5238778591156006,0.9302763342857361,0.07620779424905777,0.9882215261459351
13033.333333333392,0.5518720746040344,0.3095633089542389,-0.38538220524787903,0.9999836087226868,0.5574665665626526,0.29237937927246094,-0.37748196721076965,0.9999452233314514,0.5614057779312134,0.2921115756034851,-0.3774658441543579,0.9999439716339111,0.5649869441986084,0.2915463447570801,-0.37749481201171875,0.9999402761459351,0.5479829907417297,0.2921138107776642,-0.3728086054325104,0.9999494552612305,0.5456140041351318,0.2919776737689972,-0.37289151549339294,0.9999509453773499,0.5430495142936707,0.29184260964393616,-0.3729446828365326,0.9999521374702454,0.5719959139823914,0.29435646533966064,-0.2911249101161957,0.9998552799224854,0.5433596968650818,0.2967855930328369,-0.2721710801124573,0.9999147653579712,0.5600640773773193,0.3229881823062897,-0.35073694586753845,0.9999771118164062,0.5480993390083313,0.3247886002063751,-0.34517768025398254,0.9999802112579346,0.6052887439727783,0.37948641180992126,-0.20207729935646057,0.9998998045921326,0.5228187441825867,0.3827773928642273,-0.1918403059244156,0.9999363422393799,0.6079365611076355,0.49960264563560486,-0.16409732401371002,0.9882269501686096,0.5093593597412109,0.4934283196926117,-0.15294677019119263,0.9840965270996094,0.5790131688117981,0.5899665355682373,-0.22021165490150452,0.9623293876647949,0.5291219353675842,0.5865068435668945,-0.2140388935804367,0.9330968260765076,0.5704555511474609,0.6168333292007446,-0.24728018045425415,0.9075500965118408,0.5407034158706665,0.6152077317237854,-0.23973999917507172,0.8651472330093384,0.5648238062858582,0.6069098114967346,-0.2658548057079315,0.9103674292564392,0.5467479825019836,0.6058067679405212,-0.2546495497226715,0.8624585866928101,0.5659010410308838,0.5991185903549194,-0.2270810753107071,0.8888305425643921,0.5449200868606567,0.59770268201828,-0.2200573980808258,0.8329103589057922,0.5804786682128906,0.5821885466575623,0.003731860313564539,0.9996340274810791,0.5346915125846863,0.5783652663230896,-0.0038354210555553436,0.9997285604476929,0.5759777426719666,0.7459643483161926,0.032594405114650726,0.9913714528083801,0.5249565243721008,0.7410436272621155,0.02463814802467823,0.996086061000824,0.5758804678916931,0.8770423531532288,0.19187422096729279,0.9933045506477356,0.5203453302383423,0.8746575117111206,0.17130504548549652,0.9945976734161377,0.5697190165519714,0.8897984027862549,0.20240981876850128,0.9458819627761841,0.5230730772018433,0.8841136693954468,0.18075169622898102,0.864703357219696,0.5848156809806824,0.9330118298530579,0.10510590672492981,0.9882315993309021,0.5239993333816528,0.930285632610321,0.07532556354999542,0.9879781603813171
13066.666666666726,0.5518456697463989,0.3094940483570099,-0.3819909393787384,0.9999831318855286,0.5574479699134827,0.2923458218574524,-0.37459903955459595,0.9999433755874634,0.5613895058631897,0.29208695888519287,-0.37458154559135437,0.9999422430992126,0.5649722218513489,0.29153719544410706,-0.37460848689079285,0.999938428401947,0.5479688048362732,0.29209259152412415,-0.36955970525741577,0.9999476671218872,0.5456006526947021,0.29196664690971375,-0.36964142322540283,0.9999491572380066,0.5430365204811096,0.29184427857398987,-0.3696960508823395,0.9999502897262573,0.5719903707504272,0.29444146156311035,-0.2906293570995331,0.9998517036437988,0.5433558821678162,0.29687362909317017,-0.26979538798332214,0.9999116659164429,0.5600585341453552,0.32297325134277344,-0.34810441732406616,0.9999764561653137,0.5480912327766418,0.3247402012348175,-0.3420448899269104,0.999979555606842,0.605393648147583,0.3797093331813812,-0.20154212415218353,0.9998994469642639,0.5228201150894165,0.3828026354312897,-0.1898067593574524,0.9999362230300903,0.6078435778617859,0.49996280670166016,-0.1634393185377121,0.9881515502929688,0.5093639492988586,0.4934236407279968,-0.15113772451877594,0.9838586449623108,0.5786997675895691,0.590140163898468,-0.2175399512052536,0.9620707035064697,0.5291264057159424,0.5865083336830139,-0.21122963726520538,0.932307243347168,0.5699133276939392,0.6170195937156677,-0.2437722086906433,0.9069251418113708,0.5407158136367798,0.6152054667472839,-0.23662760853767395,0.8637593388557434,0.5640742182731628,0.6069384813308716,-0.2616345286369324,0.9097875952720642,0.5467571020126343,0.6058167219161987,-0.2512286305427551,0.8609951734542847,0.5653398036956787,0.5991735458374023,-0.22402115166187286,0.8881275057792664,0.5449225306510925,0.5977109670639038,-0.2171052098274231,0.8314722180366516,0.5804800391197205,0.5821468830108643,0.0035288434009999037,0.9996259212493896,0.534670889377594,0.5783660411834717,-0.003633707296103239,0.9997212886810303,0.5759763717651367,0.745637834072113,0.02872496284544468,0.9911981225013733,0.5249572992324829,0.7410144805908203,0.02433907613158226,0.9960041046142578,0.5759310126304626,0.8768514394760132,0.1824391484260559,0.9931966662406921,0.5203785300254822,0.8746737241744995,0.17062172293663025,0.9944760203361511,0.5697341561317444,0.8897272944450378,0.19234442710876465,0.9454596638679504,0.523090124130249,0.8841338753700256,0.17996250092983246,0.8632405400276184,0.5848010778427124,0.9327670335769653,0.09344980120658875,0.9880470037460327,0.5240090489387512,0.9302857518196106,0.07479435950517654,0.9877270460128784
13100.00000000006,0.5518340468406677,0.3095051646232605,-0.3831982910633087,0.999982476234436,0.5574420690536499,0.29235708713531494,-0.37580421566963196,0.9999412298202515,0.561384916305542,0.2921043634414673,-0.37578675150871277,0.9999400973320007,0.5649685263633728,0.29156458377838135,-0.37581494450569153,0.9999361634254456,0.5479658842086792,0.2921121418476105,-0.37074601650238037,0.9999457001686096,0.5455988049507141,0.29199138283729553,-0.3708285093307495,0.9999472498893738,0.5430353879928589,0.2918725609779358,-0.3708847463130951,0.9999483823776245,0.5719888806343079,0.29454275965690613,-0.291748970746994,0.999846339225769,0.5433596968650818,0.29692912101745605,-0.27060189843177795,0.9999083876609802,0.5600563883781433,0.3230160176753998,-0.3492012023925781,0.9999756217002869,0.5480881929397583,0.3247494101524353,-0.34308433532714844,0.9999788403511047,0.605505645275116,0.3798426389694214,-0.2024213969707489,0.9998989105224609,0.5228298306465149,0.3828616440296173,-0.19043652713298798,0.9999362230300903,0.6078295111656189,0.49996185302734375,-0.16452135145664215,0.9880602955818176,0.5093690752983093,0.49341949820518494,-0.15224960446357727,0.9837182760238647,0.5786858201026917,0.5901152491569519,-0.21867245435714722,0.9616730213165283,0.5291295051574707,0.5865036845207214,-0.21219691634178162,0.9319647550582886,0.5698986649513245,0.6170076727867126,-0.24511215090751648,0.90602046251297,0.5407648682594299,0.6152019500732422,-0.23724083602428436,0.8630701899528503,0.5640788674354553,0.6068784594535828,-0.2630316913127899,0.9089214205741882,0.5467642545700073,0.6058163642883301,-0.25160637497901917,0.8602352738380432,0.565346896648407,0.5990960597991943,-0.2252599149942398,0.8870017528533936,0.5449230074882507,0.5977107882499695,-0.21798305213451385,0.8306005597114563,0.5804730653762817,0.5820745229721069,0.0034984799567610025,0.9996212720870972,0.5346433520317078,0.5783143043518066,-0.003603872610256076,0.9997172355651855,0.575962483882904,0.7454074025154114,0.028876008465886116,0.9910615086555481,0.5249812006950378,0.7408634424209595,0.024229636415839195,0.9959287047386169,0.5759165287017822,0.8768510222434998,0.1834729015827179,0.9931250810623169,0.5205327868461609,0.8746949434280396,0.16963480412960052,0.9943848252296448,0.5696622729301453,0.8897548913955688,0.19345445930957794,0.9450313448905945,0.5232608914375305,0.8842834830284119,0.17885825037956238,0.8621307015419006,0.5847668051719666,0.9327625632286072,0.0934673547744751,0.9879186749458313,0.5240380764007568,0.9302846789360046,0.07350759208202362,0.9875549077987671
13133.333333333394,0.5518338084220886,0.30952391028404236,-0.3790777623653412,0.9999820590019226,0.5574430227279663,0.2923612892627716,-0.37186622619628906,0.9999396204948425,0.5613853335380554,0.29210808873176575,-0.37184736132621765,0.9999385476112366,0.5649690628051758,0.2915709912776947,-0.3718729615211487,0.9999344944953918,0.5479671955108643,0.29213252663612366,-0.36672717332839966,0.9999441504478455,0.5456000566482544,0.29201698303222656,-0.36680665612220764,0.9999457001686096,0.5430371761322021,0.2919035851955414,-0.3668619692325592,0.9999468326568604,0.5719929933547974,0.2945877015590668,-0.28893402218818665,0.9998437166213989,0.5433699488639832,0.29697486758232117,-0.26691725850105286,0.9999058842658997,0.5600546002388,0.32304081320762634,-0.3452959358692169,0.9999751448631287,0.5480899810791016,0.3247651159763336,-0.3390241861343384,0.9999783039093018,0.6055800914764404,0.37988853454589844,-0.20059964060783386,0.9998989105224609,0.5229036808013916,0.38288402557373047,-0.18684473633766174,0.9999362826347351,0.6078311800956726,0.499937504529953,-0.16246314346790314,0.9879991412162781,0.5093811750411987,0.4933638870716095,-0.14880028367042542,0.9834758639335632,0.5786485075950623,0.5900899171829224,-0.21460144221782684,0.9613664150238037,0.529133141040802,0.586371898651123,-0.20915015041828156,0.931418240070343,0.5698322653770447,0.6170005798339844,-0.24056501686573029,0.9053547978401184,0.5408134460449219,0.6150826215744019,-0.2344851791858673,0.8621378540992737,0.5640041828155518,0.6067789793014526,-0.2583197057247162,0.9082655906677246,0.5467729568481445,0.6057679057121277,-0.24891376495361328,0.8592346906661987,0.5652849674224854,0.5989930629730225,-0.22107353806495667,0.8861954808235168,0.5449264645576477,0.5976598858833313,-0.21495720744132996,0.8295685052871704,0.5804545879364014,0.5820542573928833,0.003215123200789094,0.9996151924133301,0.5346194505691528,0.5782641768455505,-0.00332207465544343,0.9997116327285767,0.5758302807807922,0.7453946471214294,0.026281947270035744,0.9910460710525513,0.5248563885688782,0.7408522963523865,0.024080775678157806,0.9959145784378052,0.5758768916130066,0.876864492893219,0.17981044948101044,0.9931300282478333,0.5205204486846924,0.8748846054077148,0.16830609738826752,0.9943765997886658,0.5696484446525574,0.8897830247879028,0.18962465226650238,0.9447934627532959,0.5232576131820679,0.8846248388290405,0.17737478017807007,0.8623116612434387,0.5847494006156921,0.9328318238258362,0.0891265869140625,0.9879093170166016,0.5239952802658081,0.9302831888198853,0.0724782794713974,0.987550675868988
13166.666666666728,0.5518467426300049,0.30956777930259705,-0.37734922766685486,0.9999819397926331,0.5574589371681213,0.29238441586494446,-0.3701757788658142,0.9999392032623291,0.5614001154899597,0.29212597012519836,-0.37015777826309204,0.9999381899833679,0.564983606338501,0.29158827662467957,-0.37018316984176636,0.9999341368675232,0.5479901432991028,0.2921760082244873,-0.3651081919670105,0.9999436736106873,0.5456268191337585,0.2920612096786499,-0.3651873469352722,0.9999451637268066,0.5430629849433899,0.291950523853302,-0.3652418255805969,0.9999462962150574,0.5720102190971375,0.2946368157863617,-0.287360817193985,0.9998442530632019,0.5433944463729858,0.297044038772583,-0.265468567609787,0.9999050498008728,0.5600650906562805,0.3230726718902588,-0.3435177505016327,0.9999750852584839,0.5481172800064087,0.32480481266975403,-0.3373274803161621,0.9999781250953674,0.6056658625602722,0.3799460828304291,-0.19948738813400269,0.9998990297317505,0.5229508876800537,0.3829103708267212,-0.185129314661026,0.9999364018440247,0.6078304052352905,0.49994558095932007,-0.16108271479606628,0.98798668384552,0.5094121694564819,0.4933455288410187,-0.14687325060367584,0.983228325843811,0.5785587430000305,0.5900941491127014,-0.21274994313716888,0.961240828037262,0.5291321873664856,0.5862541198730469,-0.20790798962116241,0.9307379126548767,0.5697726011276245,0.6170166730880737,-0.2387351095676422,0.9050235152244568,0.5408200025558472,0.6150290369987488,-0.23335589468479156,0.8610109686851501,0.5639268755912781,0.606772243976593,-0.2566573917865753,0.9079524278640747,0.5467798709869385,0.6057687401771545,-0.24804095923900604,0.858086347579956,0.5651984810829163,0.5989879369735718,-0.2192869633436203,0.8857848048210144,0.5449235439300537,0.5976574420928955,-0.21383820474147797,0.8284298181533813,0.5804315209388733,0.5820585489273071,0.0030768539290875196,0.9996054172515869,0.5345837473869324,0.578271210193634,-0.003182827727869153,0.9997044801712036,0.575805127620697,0.7453716993331909,0.024771885946393013,0.9910571575164795,0.5247641205787659,0.7409073710441589,0.02397378534078598,0.995914876461029,0.5758342742919922,0.876863956451416,0.17729109525680542,0.9931422472000122,0.5203602910041809,0.8756597638130188,0.16588398814201355,0.9943830966949463,0.5696467757225037,0.8897922039031982,0.18700474500656128,0.9448769092559814,0.5231162309646606,0.8853756189346313,0.1747320294380188,0.8625897765159607,0.5847120881080627,0.9328134655952454,0.08667905628681183,0.9879215955734253,0.5239396691322327,0.9303520321846008,0.06950964033603668,0.9875472187995911
13200.000000000062,0.5518772602081299,0.309552937746048,-0.37898004055023193,0.999981701374054,0.5574914216995239,0.2923775315284729,-0.37162452936172485,0.9999384880065918,0.5614346861839294,0.29211997985839844,-0.37160947918891907,0.9999375939369202,0.5650182366371155,0.29158538579940796,-0.3716389536857605,0.9999334812164307,0.5480245351791382,0.2921692132949829,-0.3666136860847473,0.9999427795410156,0.5456639528274536,0.2920539379119873,-0.3666928708553314,0.9999441504478455,0.5430968999862671,0.2919448912143707,-0.3667478859424591,0.9999452233314514,0.5720379948616028,0.2946643829345703,-0.28764623403549194,0.9998444318771362,0.5434111952781677,0.29706111550331116,-0.26579785346984863,0.9999036192893982,0.5600861310958862,0.3230610191822052,-0.3445732295513153,0.9999750256538391,0.5481472015380859,0.32479003071784973,-0.3383992612361908,0.9999778866767883,0.605707049369812,0.3801293969154358,-0.19950984418392181,0.999900221824646,0.5230041146278381,0.38291534781455994,-0.18539482355117798,0.999936580657959,0.6078367233276367,0.4999888241291046,-0.16146220266819,0.9880660176277161,0.5094173550605774,0.49316897988319397,-0.14730456471443176,0.9829888939857483,0.5784322619438171,0.5901035666465759,-0.21484945714473724,0.9613073468208313,0.5290866494178772,0.5860993266105652,-0.2087995707988739,0.9302608370780945,0.569635272026062,0.6170364618301392,-0.24150140583515167,0.9049752354621887,0.540761411190033,0.6150070428848267,-0.23440153896808624,0.8603140115737915,0.5637114644050598,0.6067703366279602,-0.2592405080795288,0.9079000949859619,0.546723484992981,0.6057746410369873,-0.24858173727989197,0.8573970794677734,0.5649702548980713,0.598983883857727,-0.22139854729175568,0.8856550455093384,0.5448489785194397,0.59764164686203,-0.2145901322364807,0.8277158737182617,0.5804011821746826,0.5825282335281372,0.0029462859965860844,0.9996020793914795,0.5345356464385986,0.5787628889083862,-0.00305185210891068,0.9996996521949768,0.5757643580436707,0.7456580400466919,0.025308290496468544,0.9910277724266052,0.524663507938385,0.7411790490150452,0.02539912238717079,0.9958680868148804,0.5757455825805664,0.8769498467445374,0.1838342845439911,0.9931023120880127,0.5203865170478821,0.8756635189056396,0.17475813627243042,0.9943020939826965,0.5696455240249634,0.8899750709533691,0.1945224553346634,0.944735050201416,0.5232737064361572,0.8853357434272766,0.1846238225698471,0.8623102307319641,0.5845816135406494,0.9328197240829468,0.09295592457056046,0.9878743886947632,0.5239430665969849,0.9303613305091858,0.07836735993623734,0.9874247908592224
13233.333333333396,0.5518876314163208,0.309539258480072,-0.38037168979644775,0.9999815225601196,0.5575157999992371,0.292364239692688,-0.3727956712245941,0.999937891960144,0.5614625811576843,0.2921065092086792,-0.3727820813655853,0.9999370574951172,0.5650503039360046,0.29157471656799316,-0.37281209230422974,0.9999328851699829,0.5480548739433289,0.2921609580516815,-0.36787596344947815,0.9999420642852783,0.5456945896148682,0.29203635454177856,-0.3679554760456085,0.9999433755874634,0.5431200265884399,0.29192468523979187,-0.3680118918418884,0.9999444484710693,0.5720663666725159,0.2946818172931671,-0.2878498136997223,0.9998440146446228,0.5434281826019287,0.297062486410141,-0.2661987841129303,0.9999022483825684,0.5600930452346802,0.32304874062538147,-0.3455435335636139,0.9999750256538391,0.5481548309326172,0.3247818052768707,-0.33946797251701355,0.999977707862854,0.6057556867599487,0.38027092814445496,-0.19948691129684448,0.9999014735221863,0.5230720043182373,0.3830409348011017,-0.18549974262714386,0.9999367594718933,0.6078367829322815,0.5001175999641418,-0.16143813729286194,0.9880724549293518,0.5094295740127563,0.4931640625,-0.14764851331710815,0.982793927192688,0.5783007740974426,0.59010249376297,-0.21586839854717255,0.9612163305282593,0.5290880799293518,0.586092472076416,-0.20993201434612274,0.9299412965774536,0.5694293975830078,0.6170329451560974,-0.2429272085428238,0.9046995043754578,0.5407689809799194,0.6150080561637878,-0.23623177409172058,0.8599354028701782,0.5634755492210388,0.6067463755607605,-0.260849267244339,0.907649576663971,0.5467271208763123,0.6057857871055603,-0.2510583698749542,0.8570395112037659,0.5647355914115906,0.598969042301178,-0.22254210710525513,0.8853273391723633,0.5448490381240845,0.5976446270942688,-0.21600571274757385,0.8272879123687744,0.5803714990615845,0.5826554894447327,0.002929738722741604,0.999600350856781,0.5345112085342407,0.5790379643440247,-0.003035548608750105,0.9996961951255798,0.5757216215133667,0.7457504868507385,0.02599295601248741,0.9909732937812805,0.5246448516845703,0.7413297891616821,0.025294577702879906,0.9958119988441467,0.5757505893707275,0.876920759677887,0.18961003422737122,0.9930585026741028,0.5204057097434998,0.8757940530776978,0.17524957656860352,0.9942127466201782,0.5696531534194946,0.8899664878845215,0.20066148042678833,0.9444355368614197,0.5234318375587463,0.8854182362556458,0.18521049618721008,0.8615404963493347,0.584555983543396,0.932831346988678,0.09834063798189163,0.9878271222114563,0.5241313576698303,0.93068927526474,0.07826872169971466,0.9872966408729553
13266.66666666673,0.5519073009490967,0.30952098965644836,-0.38101926445961,0.999981701374054,0.5575352311134338,0.29235556721687317,-0.373312383890152,0.9999386072158813,0.5614820122718811,0.2921007573604584,-0.3732983469963074,0.9999377131462097,0.5650723576545715,0.2915739119052887,-0.3733266592025757,0.9999335408210754,0.5480851531028748,0.29215267300605774,-0.36849361658096313,0.9999426007270813,0.5457220673561096,0.2920284867286682,-0.3685736358165741,0.9999438524246216,0.5431360006332397,0.2919190227985382,-0.3686291575431824,0.9999449253082275,0.5720859169960022,0.29470860958099365,-0.2878875434398651,0.9998457431793213,0.5434305667877197,0.2971252202987671,-0.2665880620479584,0.9999030828475952,0.5601102113723755,0.3230360746383667,-0.34600719809532166,0.9999753832817078,0.5481736063957214,0.3247659206390381,-0.3400781452655792,0.9999780058860779,0.6058139204978943,0.3804139196872711,-0.199014812707901,0.9999035000801086,0.5231053829193115,0.38330748677253723,-0.18589268624782562,0.9999376535415649,0.6078366637229919,0.5002730488777161,-0.1608894020318985,0.9881522059440613,0.509433925151825,0.4931817948818207,-0.1484416425228119,0.9828231930732727,0.5781781673431396,0.5900587439537048,-0.2158883959054947,0.9614975452423096,0.5291016101837158,0.5861013531684875,-0.21192209422588348,0.9303792715072632,0.5693104863166809,0.6169629096984863,-0.24297800660133362,0.9051226377487183,0.5408130884170532,0.6150288581848145,-0.2387230545282364,0.8607033491134644,0.5633227825164795,0.6066294312477112,-0.2609294354915619,0.9080734252929688,0.5467349886894226,0.6057924032211304,-0.25345689058303833,0.857826828956604,0.564559817314148,0.5988535284996033,-0.2225746065378189,0.8857899308204651,0.5448521375656128,0.5976470112800598,-0.21794523298740387,0.8281219005584717,0.5803686380386353,0.5826575756072998,0.003118368098512292,0.9996005892753601,0.5345096588134766,0.5790618062019348,-0.0032255302648991346,0.9996946454048157,0.5757191181182861,0.7459144592285156,0.027131013572216034,0.9908690452575684,0.5246347784996033,0.7414006590843201,0.024012897163629532,0.9957610368728638,0.5757511258125305,0.876903772354126,0.18972177803516388,0.9929965734481812,0.5202569365501404,0.8758329153060913,0.17268775403499603,0.9941366910934448,0.5696284174919128,0.8899328708648682,0.2005649358034134,0.9442518353462219,0.52318274974823,0.885493278503418,0.1825638711452484,0.8606094717979431,0.584533154964447,0.9329123497009277,0.09844201058149338,0.9877457618713379,0.5242006778717041,0.9310860633850098,0.07448332011699677,0.9871688485145569
13300.000000000064,0.5519475340843201,0.3095122277736664,-0.3802993893623352,0.9999818205833435,0.5575714707374573,0.2923605144023895,-0.37247470021247864,0.9999392032623291,0.5615087747573853,0.29210636019706726,-0.37246254086494446,0.9999383091926575,0.5650986433029175,0.29158100485801697,-0.37249067425727844,0.999934196472168,0.5481386780738831,0.2921658754348755,-0.3677535653114319,0.9999430179595947,0.5457767248153687,0.29204216599464417,-0.36783310770988464,0.9999441504478455,0.5431761145591736,0.29193589091300964,-0.36788731813430786,0.9999452233314514,0.5721063613891602,0.29474058747291565,-0.286622017621994,0.9998474717140198,0.5434435606002808,0.2972141206264496,-0.26610949635505676,0.9999035596847534,0.5601370930671692,0.32302621006965637,-0.3452802002429962,0.9999756813049316,0.5482186675071716,0.32475414872169495,-0.33950528502464294,0.9999781847000122,0.605890154838562,0.38048824667930603,-0.19706550240516663,0.9999051094055176,0.5231741070747375,0.3835061192512512,-0.18544983863830566,0.9999380707740784,0.6078340411186218,0.5003741979598999,-0.15929579734802246,0.988267719745636,0.5094404816627502,0.4931883215904236,-0.1482192426919937,0.9827092289924622,0.5779988169670105,0.5900598764419556,-0.21542686223983765,0.9619690179824829,0.5291076302528381,0.5861772298812866,-0.21206991374492645,0.9303465485572815,0.569179356098175,0.6169363260269165,-0.2425587773323059,0.9059887528419495,0.5408428907394409,0.6152754426002502,-0.2388136386871338,0.8607353568077087,0.5631709694862366,0.6065782904624939,-0.26066672801971436,0.9089292287826538,0.5467385649681091,0.6059336066246033,-0.25357455015182495,0.8579009771347046,0.5643832683563232,0.5988300442695618,-0.22217592597007751,0.8867259621620178,0.5448536276817322,0.5977687835693359,-0.21810558438301086,0.8282130360603333,0.5803645849227905,0.5826548933982849,0.0033026488963514566,0.9995961785316467,0.5345163941383362,0.5790605545043945,-0.0034080243203788996,0.9996911883354187,0.5757161974906921,0.7459116578102112,0.028578273952007294,0.9906963109970093,0.5246158838272095,0.7415711283683777,0.021318985149264336,0.9957008957862854,0.5757986307144165,0.8768962621688843,0.18903836607933044,0.9928798079490662,0.520116925239563,0.8760700225830078,0.16255445778369904,0.9940440654754639,0.5696668028831482,0.8899332880973816,0.19950272142887115,0.9438812732696533,0.5230574011802673,0.8858506679534912,0.1714867800474167,0.859436571598053,0.5845199227333069,0.9329610466957092,0.09750531613826752,0.9875543713569641,0.5242117047309875,0.9312232732772827,0.0634695515036583,0.9869611859321594
13333.333333333398,0.5519744157791138,0.3095090091228485,-0.386254221200943,0.9999819397926331,0.5575844645500183,0.2923707664012909,-0.3781740069389343,0.9999397397041321,0.561519980430603,0.29212093353271484,-0.37816277146339417,0.99993896484375,0.5651103854179382,0.2916015684604645,-0.3781950771808624,0.9999349117279053,0.548164963722229,0.29218482971191406,-0.3734860122203827,0.9999432563781738,0.5457974672317505,0.2920655608177185,-0.3735669255256653,0.9999443292617798,0.5431863069534302,0.2919677197933197,-0.3736194372177124,0.999945342540741,0.5721217393875122,0.29480165243148804,-0.29069092869758606,0.999849796295166,0.5434426069259644,0.29735568165779114,-0.27035462856292725,0.9999037981033325,0.5601548552513123,0.32302093505859375,-0.35066577792167664,0.9999760389328003,0.54824298620224,0.3247516453266144,-0.34492602944374084,0.9999783635139465,0.6059214472770691,0.3805268704891205,-0.20012536644935608,0.9999076724052429,0.5232049822807312,0.3836960792541504,-0.18708008527755737,0.9999380111694336,0.607847273349762,0.500393271446228,-0.1632525473833084,0.9884459972381592,0.5094436407089233,0.49322962760925293,-0.14901486039161682,0.9825971126556396,0.5777969360351562,0.5900594592094421,-0.2212042510509491,0.96238774061203,0.529107928276062,0.5863018035888672,-0.2141473889350891,0.9301947355270386,0.5690576434135437,0.6169018745422363,-0.2490740269422531,0.9066910743713379,0.5408501029014587,0.6155177354812622,-0.24124746024608612,0.8604946732521057,0.5630712509155273,0.6065712571144104,-0.26716965436935425,0.9096168279647827,0.546734094619751,0.6061323285102844,-0.25648295879364014,0.8576950430870056,0.564251720905304,0.598824143409729,-0.22798605263233185,0.8874157667160034,0.5448521375656128,0.597963809967041,-0.22040948271751404,0.827945351600647,0.580371618270874,0.5827336311340332,0.0031128476839512587,0.9995977282524109,0.5345188975334167,0.5791135430335999,-0.0032188119366765022,0.9996880292892456,0.5757223963737488,0.7461584210395813,0.028595447540283203,0.9907135367393494,0.5246151089668274,0.7418785691261292,0.023141296580433846,0.9956395626068115,0.5760324597358704,0.8770235180854797,0.19190314412117004,0.9928848743438721,0.5201165080070496,0.8760794401168823,0.1719128042459488,0.9939711093902588,0.5698776245117188,0.8901167511940002,0.2028087079524994,0.9435927271842957,0.5231066942214966,0.885855495929718,0.18180076777935028,0.8587204217910767,0.584517240524292,0.9332084655761719,0.09975772351026535,0.9875518679618835,0.5242805480957031,0.9313258528709412,0.07327068597078323,0.986853837966919
13366.666666666732,0.5519881844520569,0.30950313806533813,-0.38575658202171326,0.9999821186065674,0.5575920939445496,0.29236680269241333,-0.37769433856010437,0.9999402761459351,0.5615281462669373,0.29211685061454773,-0.37768232822418213,0.9999395608901978,0.5651199817657471,0.29159921407699585,-0.37771353125572205,0.9999355673789978,0.5481823682785034,0.2921809256076813,-0.3729952871799469,0.9999434947967529,0.5458098649978638,0.2920614778995514,-0.37307578325271606,0.9999444484710693,0.5431918501853943,0.2919653654098511,-0.37312838435173035,0.9999454021453857,0.5721371173858643,0.29481735825538635,-0.2904796600341797,0.9998520016670227,0.5434415340423584,0.2973844110965729,-0.27019912004470825,0.9999039173126221,0.5601627826690674,0.32301685214042664,-0.35032108426094055,0.9999764561653137,0.5482539534568787,0.32474610209465027,-0.3445729613304138,0.9999785423278809,0.6059666275978088,0.38056275248527527,-0.20009340345859528,0.9999103546142578,0.5232484936714172,0.3837650716304779,-0.18705247342586517,0.9999382495880127,0.6078517436981201,0.5004839301109314,-0.16306957602500916,0.9886035323143005,0.5094524621963501,0.4932394027709961,-0.14897726476192474,0.9824541807174683,0.5775913000106812,0.5900740027427673,-0.22058100998401642,0.9628986120223999,0.5291037559509277,0.5863605737686157,-0.21413511037826538,0.9303003549575806,0.568893313407898,0.6168853044509888,-0.24829912185668945,0.9076207876205444,0.5408584475517273,0.6155917048454285,-0.24123884737491608,0.8607804775238037,0.5628882646560669,0.606566846370697,-0.2664338946342468,0.9105199575424194,0.5467255115509033,0.6062288880348206,-0.256470650434494,0.857995867729187,0.5640581846237183,0.5988181829452515,-0.2273755818605423,0.888415515422821,0.5448470711708069,0.5980717539787292,-0.22040829062461853,0.8283354043960571,0.5803708434104919,0.5827502608299255,0.0029992975760251284,0.9996023178100586,0.5345256328582764,0.5791205167770386,-0.0031066935043781996,0.9996872544288635,0.5757134556770325,0.7464923858642578,0.027751019224524498,0.9906749725341797,0.524580717086792,0.741954505443573,0.024187862873077393,0.9955546259880066,0.5761207938194275,0.8769174218177795,0.19196100533008575,0.9928475618362427,0.5201292634010315,0.8759537935256958,0.17679926753044128,0.9938791990280151,0.5698976516723633,0.889900267124176,0.20295365154743195,0.9433282017707825,0.5231544971466064,0.885820746421814,0.18712061643600464,0.8581957221031189,0.5845399498939514,0.9333827495574951,0.10021977871656418,0.9875072240829468,0.5244877338409424,0.931414783000946,0.07958737760782242,0.9867410659790039
13400.000000000065,0.5519967675209045,0.3094763457775116,-0.3824823796749115,0.9999821782112122,0.5575973987579346,0.2923630177974701,-0.37425464391708374,0.9999405145645142,0.5615339279174805,0.29211342334747314,-0.3742434084415436,0.9999399185180664,0.5651271343231201,0.29159867763519287,-0.3742741644382477,0.9999359846115112,0.5482013821601868,0.2921779155731201,-0.36956652998924255,0.9999433755874634,0.5458255410194397,0.29205894470214844,-0.36964401602745056,0.999944269657135,0.5431992411613464,0.2919630706310272,-0.36969640851020813,0.9999451637268066,0.57215416431427,0.29485076665878296,-0.2871261537075043,0.9998539090156555,0.5434413552284241,0.2974241077899933,-0.26684045791625977,0.9999035000801086,0.5601667761802673,0.3229983150959015,-0.3471205532550812,0.9999767541885376,0.5482603311538696,0.32471925020217896,-0.341362327337265,0.9999786019325256,0.6059791445732117,0.38062602281570435,-0.19787487387657166,0.9999126195907593,0.5233339667320251,0.3838341534137726,-0.18444010615348816,0.9999379515647888,0.6078707575798035,0.5005103945732117,-0.16077998280525208,0.9887251257896423,0.5094764828681946,0.49327048659324646,-0.14690473675727844,0.9822123050689697,0.5774938464164734,0.5900745987892151,-0.2175043523311615,0.9634092450141907,0.5291045308113098,0.5865492820739746,-0.2120102494955063,0.9299521446228027,0.5687922239303589,0.6168752908706665,-0.24512964487075806,0.9086554646492004,0.5408719778060913,0.6158939003944397,-0.23890484869480133,0.860333263874054,0.5628167390823364,0.606561541557312,-0.26307404041290283,0.9115307331085205,0.5467269420623779,0.6064919829368591,-0.2542201280593872,0.8575724363327026,0.563974142074585,0.5988211631774902,-0.22419199347496033,0.8895431160926819,0.5448494553565979,0.5983710885047913,-0.2183125615119934,0.8279396891593933,0.5803688764572144,0.5829407572746277,0.002794932806864381,0.9996044039726257,0.5345473885536194,0.5793096423149109,-0.0029028437566012144,0.9996851682662964,0.5757065415382385,0.7470231056213379,0.027026193216443062,0.990683913230896,0.5245595574378967,0.7422990798950195,0.02423575520515442,0.9954978823661804,0.5762747526168823,0.8769160509109497,0.19173364341259003,0.9928393363952637,0.5201352834701538,0.8760017156600952,0.17592734098434448,0.9938026070594788,0.5700252652168274,0.8898581266403198,0.2026982605457306,0.9429354667663574,0.5232193470001221,0.8858382701873779,0.186073437333107,0.8575370907783508,0.5845527052879333,0.9334182143211365,0.10015307366847992,0.9874870777130127,0.5245617628097534,0.9317971467971802,0.07883762568235397,0.9866470098495483
13433.3333333334,0.552013635635376,0.30944719910621643,-0.382126122713089,0.9999824166297913,0.5576143264770508,0.292359322309494,-0.37385135889053345,0.999941349029541,0.561550498008728,0.2921105623245239,-0.37383976578712463,0.9999408721923828,0.5651450753211975,0.29159894585609436,-0.37386924028396606,0.9999369382858276,0.5482357740402222,0.29216980934143066,-0.3691226840019226,0.9999438524246216,0.5458597540855408,0.29204750061035156,-0.3692002296447754,0.9999447464942932,0.5432228446006775,0.2919516861438751,-0.3692519962787628,0.9999454617500305,0.5721842050552368,0.29486939311027527,-0.28673991560935974,0.9998568892478943,0.5434503555297852,0.2974293529987335,-0.2663176357746124,0.9999039769172668,0.560175895690918,0.32297828793525696,-0.34679114818573,0.9999772906303406,0.5482810735702515,0.3246849477291107,-0.34098684787750244,0.9999788999557495,0.6060015559196472,0.3807072937488556,-0.19780471920967102,0.9999150037765503,0.5233938097953796,0.3840278685092926,-0.18402069807052612,0.9999380707740784,0.6078875660896301,0.5005606412887573,-0.1604050099849701,0.9888841509819031,0.5094901919364929,0.4933173954486847,-0.14585593342781067,0.9820630550384521,0.5773775577545166,0.5901015400886536,-0.21644335985183716,0.9638684391975403,0.5291130542755127,0.5867599248886108,-0.21056827902793884,0.9297481179237366,0.5686142444610596,0.6168678998947144,-0.2441454529762268,0.9094541072845459,0.5408815145492554,0.6161172389984131,-0.23731446266174316,0.8601051568984985,0.5626266598701477,0.6065663695335388,-0.26189321279525757,0.9123244285583496,0.5467264652252197,0.6067346334457397,-0.25271299481391907,0.8573508858680725,0.5638009309768677,0.5988492965698242,-0.22305350005626678,0.8904679417610168,0.5448511242866516,0.5986484885215759,-0.2169031947851181,0.8277553915977478,0.5803673267364502,0.5831994414329529,0.002680524019524455,0.9996079802513123,0.5345458984375,0.5796902775764465,-0.002788748824968934,0.9996840953826904,0.5756988525390625,0.7470282912254333,0.026968589052557945,0.9906982183456421,0.5245539546012878,0.7429864406585693,0.02525940351188183,0.9954590201377869,0.5762767195701599,0.876710057258606,0.19369326531887054,0.9928328394889832,0.5200825333595276,0.8760294318199158,0.1797792762517929,0.9937309622764587,0.570015549659729,0.8894456028938293,0.2050333023071289,0.942851185798645,0.5232174396514893,0.8858022093772888,0.1902938187122345,0.8568724393844604,0.5844486355781555,0.9331984519958496,0.10282933712005615,0.9874957799911499,0.5245903134346008,0.9320241808891296,0.08300303667783737,0.9865627884864807
13466.666666666733,0.5520146489143372,0.30942320823669434,-0.38403069972991943,0.999982476234436,0.5576127171516418,0.29235562682151794,-0.3760230839252472,0.9999414682388306,0.5615503787994385,0.2921079397201538,-0.3760085701942444,0.9999411106109619,0.5651466250419617,0.2915995419025421,-0.37603816390037537,0.9999372363090515,0.5482388138771057,0.29216426610946655,-0.3710099458694458,0.9999437928199768,0.5458618402481079,0.29204264283180237,-0.3710891902446747,0.9999446272850037,0.5432252287864685,0.2919495403766632,-0.371141254901886,0.999945342540741,0.5722017884254456,0.2948843538761139,-0.29017865657806396,0.9998582005500793,0.543456494808197,0.297442764043808,-0.26832231879234314,0.9999036192893982,0.5601761937141418,0.32295602560043335,-0.34920257329940796,0.9999774694442749,0.5482856035232544,0.3246626853942871,-0.3430095314979553,0.9999788999557495,0.6060518026351929,0.3807593882083893,-0.2017543464899063,0.9999157190322876,0.5234817862510681,0.38418442010879517,-0.18565839529037476,0.9999380111694336,0.6078924536705017,0.5006256699562073,-0.16497789323329926,0.9889792799949646,0.5095040202140808,0.49334898591041565,-0.1462683379650116,0.9818933010101318,0.5771611332893372,0.5901913642883301,-0.21858097612857819,0.963868260383606,0.5291467905044556,0.5868721008300781,-0.21062135696411133,0.9293938875198364,0.5682079195976257,0.6168524026870728,-0.24586080014705658,0.9091172814369202,0.5408967733383179,0.6161817312240601,-0.2370699793100357,0.8594575524330139,0.5622197389602661,0.6065630316734314,-0.26318612694740295,0.9119879007339478,0.54671710729599,0.6068451404571533,-0.25245147943496704,0.8566701412200928,0.563488781452179,0.5988717079162598,-0.22494032979011536,0.8900591731071472,0.5448490977287292,0.5987946391105652,-0.21693740785121918,0.8271339535713196,0.5803691744804382,0.5829962491989136,0.0025424067862331867,0.9996066093444824,0.5345475077629089,0.5795089602470398,-0.0026531480252742767,0.9996808171272278,0.5756986737251282,0.7467628121376038,0.025799008086323738,0.9906688928604126,0.5246935486793518,0.7428882122039795,0.025881938636302948,0.9953864216804504,0.5762870907783508,0.8767356872558594,0.18840433657169342,0.9928101301193237,0.5203751921653748,0.8757898807525635,0.17858868837356567,0.993643581867218,0.5700291991233826,0.8895463943481445,0.1991979032754898,0.9426169395446777,0.5236603021621704,0.8856778740882874,0.18882568180561066,0.8558553457260132,0.5844125747680664,0.9331978559494019,0.09682074189186096,0.9874561429023743,0.5247915387153625,0.9320188760757446,0.08175241202116013,0.9864301681518555
13500.000000000067,0.5519952774047852,0.30934780836105347,-0.38316255807876587,0.999982476234436,0.5575892925262451,0.29232561588287354,-0.3753845989704132,0.9999412894248962,0.5615383386611938,0.29209405183792114,-0.3753684163093567,0.9999410510063171,0.5651440024375916,0.2915952205657959,-0.3753967583179474,0.9999372363090515,0.5482415556907654,0.29212766885757446,-0.3701511323451996,0.9999434351921082,0.5458625555038452,0.29200804233551025,-0.3702299892902374,0.999944269657135,0.5432254672050476,0.29192736744880676,-0.37028148770332336,0.9999448657035828,0.5722307562828064,0.29488638043403625,-0.29004478454589844,0.9998587965965271,0.5434685349464417,0.29744428396224976,-0.2680324912071228,0.9999025464057922,0.560164213180542,0.3228982985019684,-0.3488900065422058,0.9999775290489197,0.5482870936393738,0.3246017396450043,-0.34243327379226685,0.9999788403511047,0.6061528921127319,0.38080888986587524,-0.20212407410144806,0.9999164342880249,0.5235933065414429,0.38426321744918823,-0.1856299340724945,0.9999378323554993,0.6079084277153015,0.5007057189941406,-0.16538982093334198,0.9891043901443481,0.5095295310020447,0.49336570501327515,-0.14601455628871918,0.9816552996635437,0.5770334601402283,0.5903624892234802,-0.2184838503599167,0.964058518409729,0.5291848182678223,0.586963415145874,-0.2080891728401184,0.9287446141242981,0.5678897500038147,0.6168556809425354,-0.24579139053821564,0.909282386302948,0.5409112572669983,0.6163309812545776,-0.23372061550617218,0.8583566546440125,0.5617906451225281,0.6065731048583984,-0.26285362243652344,0.91215580701828,0.5467099547386169,0.6069914698600769,-0.24888794124126434,0.855517566204071,0.5631690621376038,0.5989353656768799,-0.22492392361164093,0.8902451395988464,0.5448476076126099,0.5989064574241638,-0.21428605914115906,0.8260269165039062,0.580367386341095,0.5829704999923706,0.0024105634074658155,0.9996039271354675,0.5345354080200195,0.5794626474380493,-0.002523292088881135,0.9996769428253174,0.5756933093070984,0.7467252016067505,0.02478131838142872,0.9905936121940613,0.5247124433517456,0.742810070514679,0.025799717754125595,0.9953172206878662,0.5763005018234253,0.8771188855171204,0.1810404509305954,0.992767333984375,0.520378053188324,0.8757913112640381,0.17582450807094574,0.9935559630393982,0.5700883865356445,0.8901892900466919,0.19108876585960388,0.942173957824707,0.5236598253250122,0.8856876492500305,0.1855475902557373,0.8546891212463379,0.5843909978866577,0.9332013130187988,0.08909840881824493,0.9873629808425903,0.5248178243637085,0.9320107102394104,0.07941542565822601,0.9862747192382812
13533.333333333401,0.5519269108772278,0.30925866961479187,-0.3728564381599426,0.9999827146530151,0.557515561580658,0.29226934909820557,-0.36546847224235535,0.999941885471344,0.5614930391311646,0.29205644130706787,-0.3654516935348511,0.9999417066574097,0.5651233792304993,0.2915719151496887,-0.36547306180000305,0.9999379515647888,0.5482288002967834,0.29208478331565857,-0.35989779233932495,0.9999437928199768,0.5458376407623291,0.29197150468826294,-0.3599729835987091,0.9999445676803589,0.5432040691375732,0.291907399892807,-0.36002451181411743,0.9999451041221619,0.5722581744194031,0.2948811948299408,-0.2829509377479553,0.9998610615730286,0.5434781312942505,0.29743096232414246,-0.25908637046813965,0.999902606010437,0.5601319670677185,0.3228258192539215,-0.3395054042339325,0.9999778866767883,0.5482803583145142,0.324537068605423,-0.33263590931892395,0.9999790787696838,0.6062946319580078,0.38081616163253784,-0.19683519005775452,0.9999176263809204,0.5237447023391724,0.3842695653438568,-0.17902490496635437,0.9999381899833679,0.6079321503639221,0.5007613301277161,-0.15810489654541016,0.9891961812973022,0.5095766186714172,0.4933672845363617,-0.1381661742925644,0.9813039898872375,0.576995849609375,0.5904818773269653,-0.20910035073757172,0.9643461108207703,0.5291864275932312,0.5869672298431396,-0.19944198429584503,0.9280032515525818,0.5677896738052368,0.6169090270996094,-0.23516599833965302,0.9098004698753357,0.5409184694290161,0.6164190769195557,-0.22441905736923218,0.8573418259620667,0.5616506934165955,0.6066038012504578,-0.2524074912071228,0.9126718640327454,0.546674907207489,0.6071072220802307,-0.239596426486969,0.8544551134109497,0.5630626082420349,0.5989992618560791,-0.21532218158245087,0.8908766508102417,0.5448282957077026,0.5989612936973572,-0.2056439220905304,0.8250485062599182,0.580365777015686,0.5829698443412781,0.0024242771323770285,0.9996019005775452,0.5345295667648315,0.5794413089752197,-0.0025372824165970087,0.9996727705001831,0.5756989121437073,0.7467285990715027,0.02138957753777504,0.9905806183815002,0.5247118473052979,0.7427406907081604,0.022599071264266968,0.9953320622444153,0.5761992931365967,0.8772692680358887,0.1775834560394287,0.9927321672439575,0.5203688144683838,0.8755348324775696,0.1691162884235382,0.9935205578804016,0.5700056552886963,0.8904547095298767,0.18770311772823334,0.9419271349906921,0.5236583948135376,0.8853862881660461,0.17860868573188782,0.8537242412567139,0.5843286514282227,0.9332176446914673,0.08629757910966873,0.9872810244560242,0.5248211026191711,0.9317840337753296,0.07234766334295273,0.9861966371536255
13566.666666666735,0.551869809627533,0.30915141105651855,-0.37154465913772583,0.9999827742576599,0.557456374168396,0.2922099232673645,-0.3641689419746399,0.999941885471344,0.5614537596702576,0.292015939950943,-0.36415374279022217,0.999941885471344,0.5651057362556458,0.29154717922210693,-0.3641762137413025,0.9999381303787231,0.5482258200645447,0.29203203320503235,-0.3586158752441406,0.9999436140060425,0.5458328723907471,0.2919199764728546,-0.3586910665035248,0.9999443888664246,0.5432037711143494,0.29186782240867615,-0.3587421476840973,0.9999447464942932,0.5722859501838684,0.29487505555152893,-0.2820378243923187,0.9998621940612793,0.5435278415679932,0.2973761260509491,-0.25798293948173523,0.9999016523361206,0.5600849986076355,0.32273900508880615,-0.338259756565094,0.9999780058860779,0.5482751131057739,0.32441139221191406,-0.3313857614994049,0.9999789595603943,0.6063861846923828,0.3808247148990631,-0.1967461109161377,0.9999178051948547,0.5239203572273254,0.3841490149497986,-0.17791542410850525,0.9999381303787231,0.6079340577125549,0.5008493065834045,-0.1584499329328537,0.9892981648445129,0.5096493363380432,0.49336761236190796,-0.13702955842018127,0.9809370040893555,0.5768869519233704,0.5906451940536499,-0.20957930386066437,0.9645228981971741,0.5291966199874878,0.5869734883308411,-0.19783423840999603,0.9276971817016602,0.5676068663597107,0.6170151233673096,-0.23573848605155945,0.9100723266601562,0.5409161448478699,0.6164504289627075,-0.2227717936038971,0.8571288585662842,0.5614247918128967,0.606696367263794,-0.2529289424419403,0.9129438996315002,0.5466176271438599,0.6071814298629761,-0.23816409707069397,0.8542483448982239,0.5628654360771179,0.5991232991218567,-0.21577893197536469,0.8912460207939148,0.5447954535484314,0.5990128517150879,-0.20412620902061462,0.8249929547309875,0.5803210139274597,0.5829737186431885,0.0020453776232898235,0.999598503112793,0.5344873666763306,0.5794416069984436,-0.002160765463486314,0.9996693730354309,0.5756438374519348,0.7466891407966614,0.021624863147735596,0.9906134605407715,0.5247100591659546,0.7427375912666321,0.02334347553551197,0.995335578918457,0.5761995911598206,0.8772352933883667,0.1765429526567459,0.9927558302879333,0.5204117894172668,0.8755354881286621,0.16929098963737488,0.9935002326965332,0.5700275301933289,0.8904534578323364,0.18650789558887482,0.9418635368347168,0.5237507224082947,0.8853504061698914,0.17876623570919037,0.8533799052238464,0.5842676162719727,0.9330611824989319,0.08564255386590958,0.9872814416885376,0.5247951149940491,0.9315899014472961,0.07262185215950012,0.9861543774604797
13600.00000000007,0.5517520904541016,0.3091277778148651,-0.36890023946762085,0.9999825954437256,0.5572925806045532,0.29219183325767517,-0.36185258626937866,0.9999408721923828,0.5613225698471069,0.2920067608356476,-0.36183756589889526,0.9999410510063171,0.5650300979614258,0.29154494404792786,-0.361858069896698,0.9999372363090515,0.5482020974159241,0.2920260429382324,-0.3559357821941376,0.999942421913147,0.5458166003227234,0.2919151484966278,-0.35601070523262024,0.9999431371688843,0.5432029962539673,0.29186901450157166,-0.3560633957386017,0.9999433159828186,0.5723008513450623,0.2948859632015228,-0.2808600664138794,0.9998605847358704,0.5436390042304993,0.2973717153072357,-0.25529032945632935,0.9998981952667236,0.5599931478500366,0.3227095901966095,-0.33602428436279297,0.9999777674674988,0.5482655763626099,0.32436811923980713,-0.32870933413505554,0.9999785423278809,0.6065160036087036,0.3809506595134735,-0.19657939672470093,0.9999181032180786,0.5241875052452087,0.38369524478912354,-0.1758064180612564,0.9999383687973022,0.6079509258270264,0.5010148882865906,-0.15866926312446594,0.98944491147995,0.5097747445106506,0.4932935833930969,-0.13501474261283875,0.9805691242218018,0.5768365263938904,0.5907747745513916,-0.20910340547561646,0.9649648666381836,0.5292078256607056,0.5869701504707336,-0.19489459693431854,0.9274283647537231,0.5674780607223511,0.6170657873153687,-0.23514118790626526,0.9108964204788208,0.5408965945243835,0.6164524555206299,-0.21929101645946503,0.8569793701171875,0.5612207055091858,0.6067516803741455,-0.25173917412757874,0.9137388467788696,0.5465548634529114,0.6072092056274414,-0.2346908152103424,0.8540747165679932,0.5626683831214905,0.5992058515548706,-0.21499434113502502,0.8921899795532227,0.5447593927383423,0.5990338325500488,-0.20114724338054657,0.8249155879020691,0.580292284488678,0.5833038091659546,0.0019742073491215706,0.9995958805084229,0.5344799160957336,0.5796523094177246,-0.002090875757858157,0.9996655583381653,0.5755947232246399,0.746688723564148,0.021346351131796837,0.9905102252960205,0.5247195363044739,0.7426950931549072,0.02337145246565342,0.9953068494796753,0.5760014653205872,0.8771098256111145,0.17668069899082184,0.9926656484603882,0.520133912563324,0.875059187412262,0.16945546865463257,0.9933958649635315,0.5699100494384766,0.8903195261955261,0.1868007332086563,0.9414324760437012,0.5232044458389282,0.884860634803772,0.17899304628372192,0.8518099188804626,0.5841445922851562,0.9329407215118408,0.08667619526386261,0.987127959728241,0.5246314406394958,0.9311743974685669,0.07304932177066803,0.9859729409217834
13633.333333333403,0.5516799092292786,0.30911949276924133,-0.3677736222743988,0.9999821186065674,0.5571950674057007,0.29218682646751404,-0.36065277457237244,0.99993896484375,0.5612435936927795,0.2920023500919342,-0.3606390357017517,0.9999393224716187,0.5649899244308472,0.29154419898986816,-0.360660582780838,0.9999354481697083,0.5481954216957092,0.29202625155448914,-0.35473182797431946,0.9999402761459351,0.5458138585090637,0.29192227125167847,-0.35480549931526184,0.9999409914016724,0.5432072877883911,0.2918862998485565,-0.3548593521118164,0.9999409914016724,0.5723231434822083,0.2949214577674866,-0.27953463792800903,0.9998570084571838,0.5437479615211487,0.2973773777484894,-0.25375527143478394,0.9998930096626282,0.5599117279052734,0.3226914703845978,-0.33480513095855713,0.9999772906303406,0.5482534170150757,0.3243490755558014,-0.3274712860584259,0.9999778866767883,0.6065725088119507,0.3810887932777405,-0.19567139446735382,0.9999182820320129,0.5244455337524414,0.38330981135368347,-0.17455005645751953,0.9999379515647888,0.6079510450363159,0.5013646483421326,-0.15858696401119232,0.9895350337028503,0.5099276900291443,0.4932539165019989,-0.1343420147895813,0.9800863265991211,0.5767274498939514,0.5909814834594727,-0.20908132195472717,0.9652323722839355,0.529237687587738,0.5869558453559875,-0.19515866041183472,0.9267309904098511,0.5672481060028076,0.6171488165855408,-0.23523885011672974,0.9114333391189575,0.5408904552459717,0.6164410710334778,-0.2200309932231903,0.8562220335006714,0.5609773397445679,0.6068220734596252,-0.25202542543411255,0.9142769575119019,0.5465056300163269,0.6072150468826294,-0.23538300395011902,0.8533021807670593,0.5624818205833435,0.5992923974990845,-0.2150375247001648,0.8927918076515198,0.5447340607643127,0.5990378856658936,-0.2014356553554535,0.8240699768066406,0.5802714824676514,0.5834977030754089,0.0019618270453065634,0.999595046043396,0.5344584584236145,0.5797922015190125,-0.0020789531990885735,0.9996623992919922,0.5755605697631836,0.7463006377220154,0.021106166765093803,0.9904589653015137,0.524742066860199,0.7427244782447815,0.023271316662430763,0.9952779412269592,0.5759684443473816,0.8771053552627563,0.1771823614835739,0.9926130175590515,0.5200530290603638,0.8749998211860657,0.16960321366786957,0.9933096766471863,0.5698434710502625,0.8903179168701172,0.18739429116249084,0.9408380389213562,0.523077130317688,0.8847717642784119,0.17915162444114685,0.8502902388572693,0.5841507315635681,0.9329606890678406,0.08680037409067154,0.9870185852050781,0.5246558785438538,0.9311750531196594,0.07317883521318436,0.9858293533325195
13666.666666666737,0.5516588687896729,0.30909019708633423,-0.36857712268829346,0.9999817609786987,0.5571740865707397,0.2921704053878784,-0.361221045255661,0.9999374747276306,0.5612280368804932,0.29199251532554626,-0.3612091839313507,0.9999379515647888,0.5649850964546204,0.29154008626937866,-0.36123305559158325,0.9999339580535889,0.5481968522071838,0.292022705078125,-0.35549435019493103,0.9999384880065918,0.5458150506019592,0.2919190526008606,-0.3555680215358734,0.9999391436576843,0.5432174801826477,0.291885107755661,-0.35562172532081604,0.99993896484375,0.572364091873169,0.29493388533592224,-0.2791019380092621,0.9998547434806824,0.5438173413276672,0.29737305641174316,-0.25416234135627747,0.9998891949653625,0.5598700642585754,0.32265573740005493,-0.33522719144821167,0.9999770522117615,0.5482475161552429,0.3242790997028351,-0.32814496755599976,0.9999774098396301,0.6066247820854187,0.38124772906303406,-0.19498828053474426,0.9999187588691711,0.5245575308799744,0.38310056924819946,-0.1749589741230011,0.9999374151229858,0.6079521775245667,0.5018519759178162,-0.15829823911190033,0.989658772945404,0.5100064277648926,0.4932404160499573,-0.13513892889022827,0.9797369837760925,0.5766014456748962,0.5911559462547302,-0.20942258834838867,0.9655959010124207,0.529251754283905,0.58697509765625,-0.19660191237926483,0.9260728359222412,0.5670498013496399,0.6173011064529419,-0.2357870638370514,0.9121423959732056,0.5408985018730164,0.6165632605552673,-0.2218477427959442,0.8554828763008118,0.5606917142868042,0.6069130897521973,-0.25271955132484436,0.9149730205535889,0.5464766621589661,0.607345461845398,-0.23717078566551208,0.8525320291519165,0.562203049659729,0.599388837814331,-0.21546366810798645,0.8936232924461365,0.5447190403938293,0.5991281867027283,-0.20288985967636108,0.8232234120368958,0.5801823139190674,0.5841366648674011,0.001994875492528081,0.9995948076248169,0.5343654155731201,0.5803737044334412,-0.00211151666007936,0.9996587634086609,0.5754972100257874,0.7469008564949036,0.02120366133749485,0.9904323220252991,0.5247402787208557,0.7437969446182251,0.023588359355926514,0.9952720403671265,0.5758308172225952,0.8772462010383606,0.18118566274642944,0.9925505518913269,0.5201218724250793,0.8750150799751282,0.1742226928472519,0.9932336807250977,0.5697006583213806,0.8904592990875244,0.19195708632469177,0.9406239986419678,0.5232436060905457,0.8847478628158569,0.1844152808189392,0.8493804931640625,0.5842325091362,0.9331561326980591,0.09113593399524689,0.9869165420532227,0.524844229221344,0.9310685992240906,0.07836325466632843,0.985697329044342
13700.000000000071,0.5516164302825928,0.3090689182281494,-0.36503323912620544,0.9999815821647644,0.557115375995636,0.2921598255634308,-0.35773760080337524,0.9999366402626038,0.561180830001831,0.2919856607913971,-0.3577278256416321,0.9999372363090515,0.5649629235267639,0.29153650999069214,-0.3577527105808258,0.9999332427978516,0.5481916069984436,0.29201969504356384,-0.35188454389572144,0.9999371767044067,0.545808732509613,0.2919192314147949,-0.3519551455974579,0.9999377727508545,0.5432183742523193,0.29189273715019226,-0.3520091474056244,0.9999374747276306,0.5723916292190552,0.294943630695343,-0.2758380174636841,0.9998545050621033,0.5438506603240967,0.29737329483032227,-0.2503034472465515,0.9998863935470581,0.5598154664039612,0.32263657450675964,-0.33171290159225464,0.9999771118164062,0.5482310056686401,0.3242363929748535,-0.3244590759277344,0.9999772310256958,0.6066781282424927,0.3814007043838501,-0.1925031691789627,0.9999200105667114,0.52472323179245,0.3827863931655884,-0.1712145209312439,0.9999369978904724,0.6079313158988953,0.5024057626724243,-0.15616345405578613,0.989768385887146,0.5100923180580139,0.4932422637939453,-0.1323622316122055,0.979354977607727,0.5764299035072327,0.5913757085800171,-0.20675918459892273,0.9660505056381226,0.5292820334434509,0.5870172381401062,-0.19426217675209045,0.9254522919654846,0.5668651461601257,0.6173987984657288,-0.23342646658420563,0.9131789803504944,0.5409064888954163,0.6167234778404236,-0.21948865056037903,0.8548766374588013,0.5603926777839661,0.6069664359092712,-0.25031936168670654,0.915979266166687,0.5464544892311096,0.6074817180633545,-0.23481084406375885,0.8519002795219421,0.5619009137153625,0.5994887351989746,-0.21277835965156555,0.8948375582695007,0.5447086095809937,0.5992408394813538,-0.20054897665977478,0.8225773572921753,0.5801134705543518,0.585044264793396,0.0018311392050236464,0.9995964169502258,0.534289538860321,0.581197202205658,-0.0019470565021038055,0.9996558427810669,0.5754992961883545,0.7484959363937378,0.018397416919469833,0.9905458092689514,0.5247402787208557,0.7453022599220276,0.023334166035056114,0.9953116774559021,0.5758374333381653,0.8775944709777832,0.18058742582798004,0.992584764957428,0.5198559761047363,0.8772618770599365,0.17408175766468048,0.9932173490524292,0.5696982145309448,0.8908980488777161,0.19144120812416077,0.9405004382133484,0.5229223966598511,0.8862985968589783,0.18418195843696594,0.8486282825469971,0.5845853090286255,0.9336923956871033,0.09032055735588074,0.986926257610321,0.5248504877090454,0.9324700236320496,0.07816585898399353,0.985679030418396
13733.333333333405,0.5515983700752258,0.30905741453170776,-0.3666234016418457,0.9999815821647644,0.5570703148841858,0.2921539843082428,-0.3592572510242462,0.9999366998672485,0.5611399412155151,0.29198411107063293,-0.3592464029788971,0.9999373555183411,0.5649396777153015,0.2915402948856354,-0.3592716157436371,0.9999334216117859,0.5481841564178467,0.2920246124267578,-0.35354477167129517,0.9999366998672485,0.5457980036735535,0.29192498326301575,-0.3536168038845062,0.9999371767044067,0.5432174801826477,0.29190149903297424,-0.35367047786712646,0.9999367594718933,0.5724092125892639,0.29496705532073975,-0.276773601770401,0.9998560547828674,0.5438594818115234,0.29737386107444763,-0.2517765760421753,0.9998852014541626,0.5597892999649048,0.3226262629032135,-0.33307233452796936,0.9999774098396301,0.5482238531112671,0.32422998547554016,-0.32598572969436646,0.9999772906303406,0.6067098379135132,0.3814922571182251,-0.19218501448631287,0.9999218583106995,0.5248317122459412,0.3826387822628021,-0.1718778759241104,0.9999366402626038,0.6078857183456421,0.5029717087745667,-0.155633345246315,0.989875078201294,0.5101480484008789,0.49324357509613037,-0.1329517662525177,0.9788827300071716,0.5762794613838196,0.5915804505348206,-0.20728640258312225,0.9663848876953125,0.5293132662773132,0.5870193243026733,-0.1954411119222641,0.924339234828949,0.5666165947914124,0.6173999309539795,-0.23402787744998932,0.9138669967651367,0.5409327745437622,0.61672443151474,-0.2208268791437149,0.8534420132637024,0.5601587295532227,0.6069638133049011,-0.25099068880081177,0.9166468381881714,0.5464352965354919,0.6074870228767395,-0.2361612170934677,0.8504452705383301,0.5616910457611084,0.5995085835456848,-0.2133534848690033,0.8955975770950317,0.5446902513504028,0.5992459058761597,-0.20174497365951538,0.8209600448608398,0.5800737142562866,0.5851525068283081,0.0017958711832761765,0.9996013045310974,0.5342029333114624,0.5814549922943115,-0.0019121766090393066,0.9996544122695923,0.5754988789558411,0.7491333484649658,0.017625510692596436,0.990730881690979,0.5246623754501343,0.7459215521812439,0.023231811821460724,0.9953718781471252,0.5758484601974487,0.8779724836349487,0.18219515681266785,0.9926905632019043,0.5199273228645325,0.8773757815361023,0.1769830882549286,0.9932448863983154,0.569698691368103,0.8913530707359314,0.1935478001832962,0.9408460259437561,0.5229941606521606,0.886329174041748,0.1876985728740692,0.8488571047782898,0.5846951603889465,0.934245765209198,0.09165970981121063,0.9870699644088745,0.5249828696250916,0.9328782558441162,0.08172807097434998,0.9857585430145264
13766.666666666739,0.551596999168396,0.30901262164115906,-0.3669586479663849,0.9999812841415405,0.557068407535553,0.29213955998420715,-0.3596077263355255,0.9999356269836426,0.561138391494751,0.29197973012924194,-0.35959842801094055,0.9999365210533142,0.564938485622406,0.2915389835834503,-0.3596268892288208,0.9999325275421143,0.5481862425804138,0.2919999957084656,-0.3538537621498108,0.9999351501464844,0.5457985401153564,0.2918977737426758,-0.3539230227470398,0.9999356865882874,0.5432227253913879,0.29187795519828796,-0.3539777994155884,0.9999350905418396,0.5724357962608337,0.29500314593315125,-0.2770589292049408,0.9998552799224854,0.5438655018806458,0.2973679006099701,-0.25245997309684753,0.9998821020126343,0.5597763061523438,0.32260793447494507,-0.3332332968711853,0.9999773502349854,0.5482215285301208,0.3241792619228363,-0.32624751329421997,0.9999769926071167,0.6067134737968445,0.381582647562027,-0.19244429469108582,0.9999229311943054,0.5248922109603882,0.38256922364234924,-0.17275290191173553,0.9999356269836426,0.6078435182571411,0.5033159255981445,-0.1559097021818161,0.9899001717567444,0.5101974010467529,0.49324339628219604,-0.1336972415447235,0.9784113168716431,0.576177716255188,0.5917412042617798,-0.2074238359928131,0.9663586616516113,0.5293169617652893,0.5869184732437134,-0.1961544305086136,0.9231043457984924,0.5664490461349487,0.6174078583717346,-0.2341233640909195,0.9138386845588684,0.5409353971481323,0.6165505051612854,-0.22153493762016296,0.8518146872520447,0.5600560903549194,0.6069658398628235,-0.2510859966278076,0.9166208505630493,0.5463740825653076,0.60733562707901,-0.23676130175590515,0.8488172888755798,0.5616108179092407,0.5995336174964905,-0.2134914994239807,0.8955167531967163,0.5446119904518127,0.5990862846374512,-0.2024187594652176,0.8191049098968506,0.5800684690475464,0.5851858854293823,0.0016507873078808188,0.9996036291122437,0.5341978073120117,0.5815240144729614,-0.0017677637515589595,0.9996508955955505,0.5754978656768799,0.7498635053634644,0.01747165247797966,0.990929126739502,0.5246614217758179,0.7458670735359192,0.023558171465992928,0.9954163432121277,0.5758959054946899,0.8782086968421936,0.18373733758926392,0.9928141832351685,0.5200886130332947,0.8773744106292725,0.17925722897052765,0.9932867884635925,0.5697395205497742,0.8915396928787231,0.1952616274356842,0.9409846067428589,0.5231910347938538,0.8863400816917419,0.1900615245103836,0.8491916656494141,0.5846967697143555,0.934680700302124,0.09225676953792572,0.9872377514839172,0.5251688957214355,0.9331833720207214,0.0834033340215683,0.9858730435371399
13800.000000000073,0.5515882968902588,0.308946430683136,-0.3702020049095154,0.9999808073043823,0.5570582151412964,0.29211127758026123,-0.36246293783187866,0.9999340772628784,0.5611302852630615,0.29196926951408386,-0.3624545931816101,0.9999350309371948,0.5649325251579285,0.29153746366500854,-0.3624846637248993,0.9999309778213501,0.5481840372085571,0.29195302724838257,-0.3568348288536072,0.999933123588562,0.5457931160926819,0.2918509244918823,-0.3569033443927765,0.9999336004257202,0.543222188949585,0.2918403446674347,-0.3569619059562683,0.9999329447746277,0.572453498840332,0.29503482580184937,-0.27751365303993225,0.9998525381088257,0.5438682436943054,0.29735004901885986,-0.25292062759399414,0.9998778700828552,0.559738039970398,0.3225652575492859,-0.335440993309021,0.9999771118164062,0.5482067465782166,0.32410624623298645,-0.3285121023654938,0.9999765753746033,0.606721043586731,0.38166895508766174,-0.1925910860300064,0.999923825263977,0.5249378681182861,0.38253524899482727,-0.17282284796237946,0.9999344348907471,0.6078298091888428,0.5035352110862732,-0.1559067815542221,0.9898954629898071,0.5102201104164124,0.4932590126991272,-0.1350875049829483,0.9780095219612122,0.5760515332221985,0.5918859243392944,-0.20901529490947723,0.9663996696472168,0.5293193459510803,0.5867863893508911,-0.20077070593833923,0.9222550988197327,0.5662766098976135,0.6174708008766174,-0.23646844923496246,0.9140107035636902,0.540948748588562,0.6164832711219788,-0.22769075632095337,0.8507535457611084,0.5598899722099304,0.6069721579551697,-0.2543271780014038,0.9168092608451843,0.546349823474884,0.6072496175765991,-0.24306565523147583,0.8477590084075928,0.5614711046218872,0.5995525121688843,-0.21551911532878876,0.8956654071807861,0.5445746779441833,0.5989561080932617,-0.20719824731349945,0.8177431225776672,0.5800478458404541,0.5851966738700867,0.0019267596071586013,0.9996077418327332,0.5341766476631165,0.5815248489379883,-0.002044203458353877,0.9996488094329834,0.5755026340484619,0.7500571012496948,0.017859289422631264,0.9910731911659241,0.5245582461357117,0.7458348870277405,0.023006746545433998,0.9954586625099182,0.5758861303329468,0.8782073259353638,0.19014288485050201,0.9929186105728149,0.5200892686843872,0.8773866295814514,0.18132935464382172,0.9933620691299438,0.5697159171104431,0.8915370106697083,0.2021552473306656,0.9412315487861633,0.5232041478157043,0.8866186738014221,0.19249972701072693,0.8500193953514099,0.5846953988075256,0.9350444674491882,0.09757545590400696,0.9873992204666138,0.5252377390861511,0.9338247179985046,0.08444122225046158,0.9860396981239319
13833.333333333407,0.5515949726104736,0.3088916540145874,-0.36976608633995056,0.9999805092811584,0.5570579767227173,0.29208454489707947,-0.36184045672416687,0.999933123588562,0.5611288547515869,0.29195189476013184,-0.3618325889110565,0.999934196472168,0.5649312138557434,0.2915283441543579,-0.3618612289428711,0.9999300837516785,0.5481845140457153,0.29192981123924255,-0.3564358055591583,0.9999316930770874,0.5457923412322998,0.29183220863342285,-0.3565048575401306,0.9999321699142456,0.5432231426239014,0.2918305993080139,-0.3565632700920105,0.9999314546585083,0.5724573135375977,0.29504895210266113,-0.27629610896110535,0.9998508095741272,0.5438692569732666,0.2973550260066986,-0.25285184383392334,0.9998748302459717,0.5597333908081055,0.32247301936149597,-0.33494216203689575,0.9999769926071167,0.548206090927124,0.32404258847236633,-0.32827433943748474,0.9999762773513794,0.6067256331443787,0.3817872703075409,-0.1898452788591385,0.9999249577522278,0.5249695777893066,0.3825201988220215,-0.17321276664733887,0.9999333024024963,0.6078148484230042,0.5037239193916321,-0.15282486379146576,0.9898728132247925,0.5102384686470032,0.49333569407463074,-0.13530372083187103,0.9777307510375977,0.575932502746582,0.5920013189315796,-0.20812375843524933,0.9665237665176392,0.5294071435928345,0.586757481098175,-0.20143112540245056,0.9216293096542358,0.5661647915840149,0.6175380349159241,-0.23570260405540466,0.9144057631492615,0.5410367846488953,0.6164594292640686,-0.22863827645778656,0.850037693977356,0.559800922870636,0.6070171594619751,-0.25381553173065186,0.9172376394271851,0.5463500618934631,0.6072119474411011,-0.24383117258548737,0.847062885761261,0.5614060163497925,0.5996140241622925,-0.214799165725708,0.8961378335952759,0.5445772409439087,0.5989161133766174,-0.20781168341636658,0.8168260455131531,0.5799790620803833,0.5851937532424927,0.0022988945711404085,0.9996111989021301,0.5341278314590454,0.5815221667289734,-0.002414119429886341,0.9996466636657715,0.5754810571670532,0.7500342726707458,0.018078157678246498,0.9911600947380066,0.5245107412338257,0.7457956671714783,0.021960467100143433,0.9954766631126404,0.5758940577507019,0.8783048987388611,0.18949761986732483,0.9929977059364319,0.5200526118278503,0.8774843811988831,0.18102425336837769,0.993403971195221,0.5697039365768433,0.8916469216346741,0.20118744671344757,0.9414170980453491,0.5231538414955139,0.8867168426513672,0.19179309904575348,0.8499633073806763,0.584692656993866,0.935424268245697,0.09707808494567871,0.9875200986862183,0.5253667831420898,0.9343034625053406,0.08314932137727737,0.9861330389976501
13866.66666666674,0.5515302419662476,0.3089616596698761,-0.3685535788536072,0.9999800324440002,0.5569058656692505,0.29211652278900146,-0.3611050546169281,0.9999315738677979,0.5609650015830994,0.29198160767555237,-0.3610948920249939,0.9999328255653381,0.564794659614563,0.29156288504600525,-0.36112281680107117,0.9999287724494934,0.5480838418006897,0.2920563220977783,-0.35546937584877014,0.9999299049377441,0.5456868410110474,0.29198187589645386,-0.3555397689342499,0.9999304413795471,0.5431446433067322,0.2920268774032593,-0.3555985987186432,0.9999296069145203,0.5724496245384216,0.29513487219810486,-0.27680957317352295,0.9998482465744019,0.5438365936279297,0.2975543439388275,-0.25287526845932007,0.9998709559440613,0.5596315264701843,0.3224610388278961,-0.33448219299316406,0.9999765753746033,0.548179566860199,0.3240804374217987,-0.3275047242641449,0.9999756813049316,0.606753408908844,0.382012277841568,-0.18988743424415588,0.999924898147583,0.5249755382537842,0.38256359100341797,-0.17336614429950714,0.999932587146759,0.6077807545661926,0.5040106773376465,-0.15390871465206146,0.9898373484611511,0.5102985501289368,0.49334943294525146,-0.13544797897338867,0.9773982763290405,0.5758686661720276,0.5920305848121643,-0.20829510688781738,0.9664993286132812,0.5294370055198669,0.5866755247116089,-0.19972293078899384,0.9209932684898376,0.5660436153411865,0.6175432205200195,-0.23578554391860962,0.9144143462181091,0.5410588383674622,0.6163903474807739,-0.22596211731433868,0.8491963744163513,0.5597563982009888,0.6070749163627625,-0.2537236511707306,0.9172660112380981,0.5463403463363647,0.6071453094482422,-0.24092158675193787,0.8461783528327942,0.5613875985145569,0.5996582508087158,-0.21493062376976013,0.8960905075073242,0.5445670485496521,0.5988031625747681,-0.20596203207969666,0.8158117532730103,0.5799753069877625,0.5849200487136841,0.0021428598556667566,0.9996058344841003,0.5341249704360962,0.5812071561813354,-0.0022576069459319115,0.9996415972709656,0.5754329562187195,0.7495185136795044,0.01683633215725422,0.9912236928939819,0.5245134830474854,0.7456663846969604,0.021610477939248085,0.9954856038093567,0.5759414434432983,0.8783057332038879,0.17784184217453003,0.9930553436279297,0.5200682878494263,0.8777902722358704,0.17092984914779663,0.9934316277503967,0.5697686076164246,0.8917371034622192,0.18836085498332977,0.9414713978767395,0.5231537818908691,0.8871224522590637,0.18069641292095184,0.8499305248260498,0.5847163796424866,0.9354972243309021,0.08570770174264908,0.9875732064247131,0.5254164934158325,0.934628963470459,0.0742688998579979,0.9861702919006348
13900.000000000075,0.551104724407196,0.3091934025287628,-0.37176892161369324,0.9999793767929077,0.5563153028488159,0.2922554314136505,-0.36503952741622925,0.9999293684959412,0.5603290796279907,0.2921092212200165,-0.3650273084640503,0.9999309182167053,0.5642744898796082,0.29171299934387207,-0.36505749821662903,0.9999268651008606,0.547733724117279,0.2922687232494354,-0.3585490882396698,0.9999275207519531,0.5453851819038391,0.2921682298183441,-0.35862162709236145,0.9999280571937561,0.5429160594940186,0.29222288727760315,-0.35868197679519653,0.9999271631240845,0.5723883509635925,0.29525402188301086,-0.2834413945674896,0.9998443126678467,0.5438326597213745,0.2976208031177521,-0.25489896535873413,0.9998658895492554,0.5590770244598389,0.32254546880722046,-0.3384159803390503,0.9999759197235107,0.547978401184082,0.3242742717266083,-0.33024588227272034,0.99997478723526,0.6067674160003662,0.38211068511009216,-0.19750908017158508,0.9999248385429382,0.5249773859977722,0.38262939453125,-0.17472407221794128,0.9999325275421143,0.6077709197998047,0.504048764705658,-0.16385506093502045,0.9898619055747986,0.5103486180305481,0.4933815896511078,-0.13651664555072784,0.9772542119026184,0.5758609771728516,0.5920366048812866,-0.21647463738918304,0.9666237831115723,0.5294547080993652,0.5866553783416748,-0.19974060356616974,0.921443521976471,0.5660446286201477,0.6175553202629089,-0.2443176954984665,0.9146686792373657,0.5410622954368591,0.6162932515144348,-0.22595945000648499,0.8499882817268372,0.559765636920929,0.6071705222129822,-0.2615572512149811,0.9175203442573547,0.5463163256645203,0.607102632522583,-0.2409459799528122,0.8469358682632446,0.5614004731178284,0.599704384803772,-0.22275416553020477,0.8962506055831909,0.54454505443573,0.598720908164978,-0.2059788554906845,0.8165561556816101,0.5799738764762878,0.5848752856254578,0.0016831624088808894,0.9996037483215332,0.534117579460144,0.5811260938644409,-0.0017985254526138306,0.9996403455734253,0.5754314064979553,0.7493019700050354,0.01701815240085125,0.9912082552909851,0.5245926380157471,0.7455735206604004,0.023838428780436516,0.9954792261123657,0.5760271549224854,0.8786225914955139,0.17837660014629364,0.9930803179740906,0.5201113820075989,0.8782569169998169,0.1719893366098404,0.9934274554252625,0.5697928071022034,0.8924492001533508,0.1889668107032776,0.9415220022201538,0.5231684446334839,0.8876801133155823,0.18178503215312958,0.8496262431144714,0.5847355723381042,0.9355141520500183,0.08655102550983429,0.9876003861427307,0.5254173874855042,0.9349308013916016,0.07656504213809967,0.986169159412384
13933.333333333409,0.5507282018661499,0.30936574935913086,-0.3716747462749481,0.9999788403511047,0.5557787418365479,0.292323499917984,-0.3650267720222473,0.9999273419380188,0.5597454905509949,0.29217004776000977,-0.3650139272212982,0.9999290704727173,0.5637750029563904,0.2917906939983368,-0.36504364013671875,0.9999250173568726,0.5473546385765076,0.292429655790329,-0.3584946095943451,0.9999254941940308,0.5450306534767151,0.29234951734542847,-0.35856738686561584,0.9999260306358337,0.5426139831542969,0.29245898127555847,-0.35862797498703003,0.9999251961708069,0.5723062753677368,0.295388787984848,-0.28513839840888977,0.9998399615287781,0.5438196659088135,0.29778558015823364,-0.2549303472042084,0.9998612999916077,0.5587141513824463,0.32260093092918396,-0.3385118842124939,0.999975323677063,0.5478165745735168,0.32450273633003235,-0.33024370670318604,0.9999740719795227,0.6068223118782043,0.38224756717681885,-0.20010414719581604,0.99992436170578,0.5249939560890198,0.38271844387054443,-0.1748969405889511,0.9999329447746277,0.6077339053153992,0.5040870904922485,-0.16561034321784973,0.9898375868797302,0.5103790760040283,0.49339383840560913,-0.13654941320419312,0.9770498871803284,0.5758567452430725,0.5920187830924988,-0.21684175729751587,0.9666739702224731,0.5294093489646912,0.5864097476005554,-0.19863015413284302,0.9217450618743896,0.5660455226898193,0.6175498962402344,-0.24428650736808777,0.9147830605506897,0.5409566164016724,0.615953266620636,-0.22398942708969116,0.85052889585495,0.5597782135009766,0.6071729063987732,-0.26135319471359253,0.917640209197998,0.5461877584457397,0.606852114200592,-0.23914875090122223,0.8474137783050537,0.5614128708839417,0.5996966361999512,-0.22297726571559906,0.8962303996086121,0.5444038510322571,0.5983758568763733,-0.2048935741186142,0.8171141743659973,0.5799651741981506,0.5842759013175964,0.0015278388746082783,0.9995985627174377,0.534115195274353,0.5801779627799988,-0.0016451625851914287,0.9996384382247925,0.5753507614135742,0.7485575079917908,0.016997305676341057,0.9911813735961914,0.5246670842170715,0.743634045124054,0.023799816146492958,0.995489776134491,0.5760152339935303,0.8786399364471436,0.17111748456954956,0.9931084513664246,0.5200793147087097,0.8780233860015869,0.1677238643169403,0.9934515953063965,0.569771409034729,0.892532467842102,0.18095262348651886,0.9415788650512695,0.5231152176856995,0.8876988291740417,0.1771494299173355,0.8496368527412415,0.5847429037094116,0.935512125492096,0.07935778796672821,0.9876197576522827,0.5254145860671997,0.9349240660667419,0.07271520793437958,0.9862048029899597
13966.666666666742,0.5503204464912415,0.3099006116390228,-0.36762067675590515,0.9999788403511047,0.5551999807357788,0.2926153242588043,-0.36188986897468567,0.999927282333374,0.5590970516204834,0.29238206148147583,-0.3618738055229187,0.9999290704727173,0.5631570816040039,0.29200756549835205,-0.36189985275268555,0.9999250769615173,0.5469051003456116,0.29290997982025146,-0.35457250475883484,0.9999252557754517,0.5445746183395386,0.2928261160850525,-0.35464364290237427,0.9999256730079651,0.5422012209892273,0.2929835617542267,-0.3547024428844452,0.999924898147583,0.5720967054367065,0.29560548067092896,-0.2850824296474457,0.9998407959938049,0.5437402725219727,0.2979688346385956,-0.2518249452114105,0.9998601078987122,0.5583083033561707,0.3229657709598541,-0.3356753885746002,0.9999755024909973,0.5476020574569702,0.3251863420009613,-0.3263952136039734,0.9999740719795227,0.6068659424781799,0.3823452293872833,-0.19949136674404144,0.9999255537986755,0.5249904990196228,0.382863849401474,-0.17119508981704712,0.9999336004257202,0.6077033877372742,0.5040902495384216,-0.1645350605249405,0.9899560213088989,0.5103911757469177,0.4934267997741699,-0.13096460700035095,0.9767593145370483,0.5758236050605774,0.5919684767723083,-0.21624919772148132,0.9672980904579163,0.5292858481407166,0.586071789264679,-0.19319747388362885,0.9223400354385376,0.5660421848297119,0.6174139976501465,-0.24355871975421906,0.9161847829818726,0.5407752394676208,0.6154392957687378,-0.21802209317684174,0.8516902327537537,0.5597609281539917,0.6070688962936401,-0.2608359158039093,0.9189802408218384,0.5459630489349365,0.6064718961715698,-0.2336094081401825,0.8485766649246216,0.5613827109336853,0.5995970368385315,-0.22251439094543457,0.8976342082023621,0.5441580414772034,0.5978932976722717,-0.19968393445014954,0.8184558749198914,0.5799632668495178,0.5840638279914856,0.0010813112603500485,0.9995941519737244,0.5341207981109619,0.5798141956329346,-0.0012005799217149615,0.9996350407600403,0.5752898454666138,0.7479411363601685,0.014841192401945591,0.9912791848182678,0.5246806144714355,0.7434805035591125,0.023749684914946556,0.9955450892448425,0.5759050250053406,0.8785980939865112,0.17015984654426575,0.9931784868240356,0.5201401114463806,0.8778805732727051,0.16710111498832703,0.9935165643692017,0.5696700811386108,0.8925067186355591,0.18030233681201935,0.9417758584022522,0.5231890082359314,0.8875730633735657,0.17665641009807587,0.8504490256309509,0.5847245454788208,0.935559868812561,0.0789552554488182,0.9877146482467651,0.5254514217376709,0.934971272945404,0.07241909950971603,0.9863390326499939
14000.000000000076,0.5497909784317017,0.3104880154132843,-0.3541675806045532,0.9999792575836182,0.554480791091919,0.2929838001728058,-0.3495422601699829,0.9999287724494934,0.5583237409591675,0.292641282081604,-0.34952312707901,0.9999306201934814,0.5623955130577087,0.2922479808330536,-0.34954479336738586,0.9999268651008606,0.5463206768035889,0.2935252785682678,-0.3414030969142914,0.9999264478683472,0.5439808964729309,0.2934747338294983,-0.34147101640701294,0.999926745891571,0.5416644215583801,0.2936834692955017,-0.3415237367153168,0.9999260306358337,0.5718033909797668,0.2958561182022095,-0.2778782248497009,0.9998455047607422,0.5435944199562073,0.29824700951576233,-0.24110372364521027,0.9998617768287659,0.5577324628829956,0.3233644664287567,-0.3241845965385437,0.9999760389328003,0.5473372340202332,0.3257750868797302,-0.3138233721256256,0.9999744296073914,0.606968343257904,0.382704496383667,-0.19738176465034485,0.9999271631240845,0.5249902606010437,0.3829706013202667,-0.16151826083660126,0.999934196472168,0.6076387166976929,0.504489541053772,-0.16429808735847473,0.9901062846183777,0.5104030966758728,0.49340006709098816,-0.12019915878772736,0.9762874245643616,0.5756614804267883,0.591935396194458,-0.21250097453594208,0.9680326581001282,0.529213547706604,0.5858757495880127,-0.18108490109443665,0.9223493933677673,0.5659111738204956,0.6173171401023865,-0.23949265480041504,0.9178605079650879,0.540632963180542,0.6150234341621399,-0.20491038262844086,0.8519214391708374,0.5596440434455872,0.6070050001144409,-0.2555389106273651,0.920568585395813,0.5457882285118103,0.6061034202575684,-0.22051505744457245,0.8488631844520569,0.5612467527389526,0.5995405912399292,-0.21807311475276947,0.8993210792541504,0.5439845323562622,0.597465455532074,-0.18762734532356262,0.8188837170600891,0.5799712538719177,0.5839945077896118,0.00012845169112551957,0.9995883107185364,0.5341237783432007,0.579534113407135,-0.00024986828793771565,0.9996306300163269,0.5752842426300049,0.7477817535400391,0.00895562581717968,0.9914097785949707,0.5246835350990295,0.7434830665588379,0.02220011316239834,0.9956241250038147,0.5757815837860107,0.8785933256149292,0.16055236756801605,0.9932702779769897,0.5198709964752197,0.8778929114341736,0.15878340601921082,0.9936007857322693,0.5696620941162109,0.8924537897109985,0.1703166663646698,0.9419807195663452,0.5227989554405212,0.8875778913497925,0.1677902340888977,0.8513046503067017,0.5844634771347046,0.9355481266975403,0.0699467584490776,0.987831175327301,0.5253750085830688,0.9350321888923645,0.06544151157140732,0.9865075349807739
14033.33333333341,0.5490568280220032,0.31077224016189575,-0.35592564940452576,0.9999791383743286,0.5536218285560608,0.2931363880634308,-0.35164088010787964,0.9999287724494934,0.5574160814285278,0.2927408516407013,-0.35162150859832764,0.9999309182167053,0.5614866018295288,0.2923319339752197,-0.351646363735199,0.999927282333374,0.5455944538116455,0.2938392162322998,-0.343321293592453,0.9999259114265442,0.5432845950126648,0.2938511371612549,-0.3433901071548462,0.9999262690544128,0.5410609841346741,0.2941063344478607,-0.3434421718120575,0.9999254941940308,0.5713965892791748,0.2959510385990143,-0.2799716591835022,0.9998476505279541,0.543440580368042,0.29841750860214233,-0.24318228662014008,0.9998605251312256,0.5569337010383606,0.3235127627849579,-0.3261645436286926,0.9999760389328003,0.5469623804092407,0.32597336173057556,-0.315574049949646,0.9999741315841675,0.6070361733436584,0.3829231858253479,-0.20132330060005188,0.9999282956123352,0.5249844789505005,0.3831808865070343,-0.16303229331970215,0.999934196472168,0.6075904369354248,0.5046071410179138,-0.1697276383638382,0.990191638469696,0.5104191303253174,0.49338191747665405,-0.1208331286907196,0.97562575340271,0.5755263566970825,0.59189373254776,-0.21749058365821838,0.9684398770332336,0.5291455388069153,0.5858074426651001,-0.18182161450386047,0.9218130707740784,0.5658661723136902,0.6171615719795227,-0.244924396276474,0.918822705745697,0.5404697060585022,0.61477130651474,-0.20579394698143005,0.851327657699585,0.5595766305923462,0.6069486141204834,-0.2609062194824219,0.9214708805084229,0.545563280582428,0.6059715747833252,-0.22168700397014618,0.8483369946479797,0.5611439943313599,0.5995026230812073,-0.2229856550693512,0.9000962376594543,0.5437667369842529,0.5973063707351685,-0.18850724399089813,0.8182820677757263,0.5800164937973022,0.5836929678916931,-0.0009673085296526551,0.99958336353302,0.5341581702232361,0.5792017579078674,0.0008444552659057081,0.9996264576911926,0.5752830505371094,0.7468786239624023,0.00786143634468317,0.991506814956665,0.5247886180877686,0.7434728145599365,0.02282669208943844,0.9956541061401367,0.5757797360420227,0.8785809278488159,0.16131591796875,0.9933469891548157,0.5200293064117432,0.8779842853546143,0.16166183352470398,0.9936288595199585,0.5696619153022766,0.8924604058265686,0.17128176987171173,0.9419368505477905,0.5230079889297485,0.8876045346260071,0.17101918160915375,0.85133957862854,0.5844230055809021,0.9355216026306152,0.07021769881248474,0.9879121780395508,0.5253760814666748,0.9351431727409363,0.06736302375793457,0.9865764379501343
14066.666666666744,0.5484341979026794,0.3108019530773163,-0.3504320979118347,0.9999783635139465,0.5529648661613464,0.2931599020957947,-0.3470633625984192,0.999926745891571,0.5567278265953064,0.29275715351104736,-0.3470419943332672,0.9999292492866516,0.5607805252075195,0.29234766960144043,-0.34706786274909973,0.9999258518218994,0.545058012008667,0.29390108585357666,-0.3382642865180969,0.9999234676361084,0.542800784111023,0.2939457595348358,-0.33833256363868713,0.999923825263977,0.5406592488288879,0.2942202687263489,-0.3383862376213074,0.999923050403595,0.571034848690033,0.2960008382797241,-0.27939313650131226,0.9998450875282288,0.54332435131073,0.298472136259079,-0.2406226098537445,0.9998554587364197,0.5562065243721008,0.3235186040401459,-0.3221571743488312,0.9999751448631287,0.5465878844261169,0.3259698152542114,-0.3109720051288605,0.999972939491272,0.6070440411567688,0.38294312357902527,-0.20104092359542847,0.999927818775177,0.5249835252761841,0.38320812582969666,-0.1612628549337387,0.9999336004257202,0.6075828671455383,0.5045627355575562,-0.16915489733219147,0.99019455909729,0.5104339122772217,0.49322906136512756,-0.11776994168758392,0.9748364686965942,0.5754823684692383,0.5916942358016968,-0.2169375717639923,0.9687123894691467,0.5291079878807068,0.5856465101242065,-0.17641685903072357,0.9209306240081787,0.5658398866653442,0.6169599890708923,-0.2446431666612625,0.9195817112922668,0.5402978658676147,0.6144607067108154,-0.19932205975055695,0.8502641916275024,0.5595483779907227,0.6068623065948486,-0.26083648204803467,0.9221969842910767,0.5453646183013916,0.6058021187782288,-0.21508553624153137,0.8473351001739502,0.561109185218811,0.599425196647644,-0.22261783480644226,0.900658905506134,0.5435761213302612,0.5971154570579529,-0.18294551968574524,0.817145824432373,0.5800700783729553,0.5825637578964233,-0.0011944702127948403,0.9995697140693665,0.534295380115509,0.5781548619270325,0.001073062769137323,0.9996185898780823,0.5752815008163452,0.7451340556144714,0.005705243442207575,0.9914095401763916,0.5250319838523865,0.7428689002990723,0.019927194342017174,0.9956142902374268,0.5757661461830139,0.8785669207572937,0.14685294032096863,0.9932968616485596,0.5200811624526978,0.8779820203781128,0.14877013862133026,0.9935623407363892,0.5696629881858826,0.8924660086631775,0.15544414520263672,0.9414323568344116,0.523046612739563,0.8877037167549133,0.15695351362228394,0.849923312664032,0.5844064354896545,0.935534656047821,0.055346470326185226,0.9877625107765198,0.5253745317459106,0.935137927532196,0.055853135883808136,0.9864153265953064
14100.000000000078,0.5477578043937683,0.31078633666038513,-0.35278674960136414,0.9999774098396301,0.5523455739021301,0.2931567430496216,-0.3491537868976593,0.9999237656593323,0.5560603737831116,0.29275593161582947,-0.34913238883018494,0.9999266266822815,0.5600841045379639,0.2923493981361389,-0.34915897250175476,0.9999232888221741,0.54462069272995,0.2938966155052185,-0.3405594825744629,0.9999202489852905,0.542438805103302,0.2939428389072418,-0.34063005447387695,0.9999207854270935,0.5403745174407959,0.2942163944244385,-0.3406858742237091,0.9999199509620667,0.5706657767295837,0.29604610800743103,-0.28084930777549744,0.9998396635055542,0.543247401714325,0.298470139503479,-0.24237452447414398,0.9998483657836914,0.5552657246589661,0.32351401448249817,-0.3240506052970886,0.9999739527702332,0.5460794568061829,0.325906902551651,-0.313154011964798,0.9999714493751526,0.6070266366004944,0.3829575479030609,-0.2030988186597824,0.9999266266822815,0.5249751806259155,0.38321051001548767,-0.1630193144083023,0.9999329447746277,0.6075801849365234,0.5045117139816284,-0.1731712371110916,0.9902410507202148,0.510438859462738,0.493166446685791,-0.12071095407009125,0.9741777181625366,0.575360894203186,0.5913915634155273,-0.22135299444198608,0.9690563678741455,0.5290053486824036,0.585501492023468,-0.18056246638298035,0.9204936027526855,0.5657218098640442,0.616645097732544,-0.24866218864917755,0.9204326272010803,0.5400434732437134,0.6141850352287292,-0.20428720116615295,0.8498728275299072,0.5594332814216614,0.6067031025886536,-0.2649361193180084,0.9230156540870667,0.5450996160507202,0.6056013703346252,-0.21994704008102417,0.846996545791626,0.5609892010688782,0.5992661714553833,-0.22691312432289124,0.9013125896453857,0.5433394908905029,0.5969288349151611,-0.1870569884777069,0.816673994064331,0.5801018476486206,0.5818368196487427,-0.0015563319902867079,0.9995565414428711,0.5344836115837097,0.5774813294410706,0.0014329494442790747,0.9996129274368286,0.5752900838851929,0.7438647747039795,0.006930033676326275,0.9913386106491089,0.5251674652099609,0.74263995885849,0.020056355744600296,0.9955363869667053,0.5757811069488525,0.8783177137374878,0.15035055577754974,0.9932724237442017,0.5201961398124695,0.8779809474945068,0.15265792608261108,0.9934992790222168,0.5697229504585266,0.892341136932373,0.15927425026893616,0.9409570693969727,0.5231162309646606,0.8878871202468872,0.16120615601539612,0.8487785458564758,0.5843482613563538,0.9353917837142944,0.05880920961499214,0.9876813292503357,0.5253728628158569,0.9351275563240051,0.05950095131993294,0.986262321472168
14133.333333333412,0.5470425486564636,0.31076374650001526,-0.3469941318035126,0.9999765753746033,0.5518013834953308,0.29314926266670227,-0.34393662214279175,0.9999213218688965,0.5554714202880859,0.2927532494068146,-0.34391623735427856,0.9999246001243591,0.5594817399978638,0.2923508882522583,-0.3439420163631439,0.9999212622642517,0.5442370176315308,0.2938690781593323,-0.33476945757865906,0.9999170899391174,0.5421361923217773,0.2939123511314392,-0.33483874797821045,0.9999178647994995,0.5401426553726196,0.29416266083717346,-0.334895521402359,0.9999169707298279,0.5703767538070679,0.2960750162601471,-0.2784007489681244,0.9998361468315125,0.543215811252594,0.2984068691730499,-0.2372768372297287,0.9998419880867004,0.5543049573898315,0.3235098719596863,-0.3192145526409149,0.9999731183052063,0.5455324649810791,0.3257911503314972,-0.30754607915878296,0.9999701976776123,0.6069857478141785,0.38296645879745483,-0.2029828578233719,0.9999262094497681,0.524946928024292,0.3832100033760071,-0.15887048840522766,0.9999319314956665,0.6075559854507446,0.5045000910758972,-0.17135415971279144,0.9902846813201904,0.5104422569274902,0.49313801527023315,-0.11625005304813385,0.9734273552894592,0.5752813220024109,0.5911117792129517,-0.2201637178659439,0.9694584012031555,0.5288070440292358,0.5854789614677429,-0.1777268797159195,0.9200432896614075,0.5656824707984924,0.6163093447685242,-0.24740895628929138,0.9215948581695557,0.5397300124168396,0.6141253709793091,-0.2016991227865219,0.8497220277786255,0.5593875646591187,0.6064544320106506,-0.2638556659221649,0.9241300225257874,0.5448047518730164,0.6055088639259338,-0.2177031934261322,0.8469551205635071,0.5609244108200073,0.5990625619888306,-0.22582152485847473,0.9023386836051941,0.5430619120597839,0.5968469977378845,-0.18443797528743744,0.8164912462234497,0.5801379680633545,0.5819709897041321,-0.0021678670309484005,0.9995473623275757,0.5345582365989685,0.5775688290596008,0.002044746885076165,0.9996069073677063,0.5753196477890015,0.7439420223236084,0.005473602097481489,0.9913701415061951,0.5252118706703186,0.7428740859031677,0.020190469920635223,0.9955088496208191,0.5758916139602661,0.8784865140914917,0.15371516346931458,0.9932830333709717,0.520147979259491,0.8782634735107422,0.15547840297222137,0.9934536814689636,0.5698586702346802,0.8925188779830933,0.1631622612476349,0.9405219554901123,0.523028552532196,0.8881955742835999,0.16437487304210663,0.8477048277854919,0.5843598246574402,0.9357953667640686,0.062159810215234756,0.9876434206962585,0.5253716707229614,0.9352142810821533,0.06168210878968239,0.9861518144607544
14166.666666666746,0.546737015247345,0.31075236201286316,-0.34994181990623474,0.9999758005142212,0.551557183265686,0.2931480407714844,-0.3463554084300995,0.9999191164970398,0.555221438407898,0.2927543520927429,-0.3463364243507385,0.9999229311943054,0.5592142343521118,0.29235705733299255,-0.34636345505714417,0.999919593334198,0.5440196990966797,0.2938598096370697,-0.3375531733036041,0.9999139308929443,0.5419456958770752,0.293902724981308,-0.33762216567993164,0.999914824962616,0.5399817228317261,0.29414236545562744,-0.33767789602279663,0.9999136328697205,0.5701799988746643,0.2961324155330658,-0.2788039445877075,0.9998344779014587,0.543161153793335,0.29837948083877563,-0.23895636200904846,0.9998355507850647,0.5539243221282959,0.32350417971611023,-0.3213091492652893,0.9999726414680481,0.5452629923820496,0.32572388648986816,-0.31007787585258484,0.9999691247940063,0.6069444417953491,0.383028119802475,-0.20341996848583221,0.9999268651008606,0.5249032378196716,0.3832124173641205,-0.15894673764705658,0.9999305009841919,0.607532799243927,0.5044994950294495,-0.17346446216106415,0.9904153347015381,0.510454535484314,0.49313127994537354,-0.11591767519712448,0.9724486470222473,0.5751057863235474,0.5909271240234375,-0.22376301884651184,0.9700725674629211,0.5285117030143738,0.585472822189331,-0.17906315624713898,0.9191057682037354,0.565466582775116,0.616098165512085,-0.2517560124397278,0.9231435656547546,0.5392147898674011,0.6140291094779968,-0.20338939130306244,0.848922848701477,0.5591769814491272,0.6063069701194763,-0.26829883456230164,0.9256037473678589,0.5442752242088318,0.6054515838623047,-0.2197069674730301,0.8462647795677185,0.5607253909111023,0.5989419221878052,-0.22946064174175262,0.9038132429122925,0.5425903797149658,0.5968011617660522,-0.18600578606128693,0.8155712485313416,0.5802143216133118,0.5821736454963684,-0.0029705537017434835,0.9995436072349548,0.5346320271492004,0.57783043384552,0.002850800286978483,0.9996021389961243,0.5753782391548157,0.7443386316299438,0.00560958543792367,0.9915418028831482,0.5252128839492798,0.7434500455856323,0.023427272215485573,0.99552983045578,0.5759742259979248,0.8785606026649475,0.1605907380580902,0.9933804273605347,0.5206422805786133,0.8786953091621399,0.168315127491951,0.9934737086296082,0.5698977708816528,0.8925727605819702,0.17139771580696106,0.940727949142456,0.5238128900527954,0.8885003924369812,0.1782444566488266,0.8479618430137634,0.5843786001205444,0.9359232783317566,0.0690126046538353,0.9877707362174988,0.5253804922103882,0.9352468252182007,0.0759374126791954,0.9861856698989868
14200.00000000008,0.5465484261512756,0.3107460141181946,-0.3497571349143982,0.9999749660491943,0.5514237284660339,0.2931499481201172,-0.3462062180042267,0.9999161958694458,0.5550956130027771,0.2927592098712921,-0.34618717432022095,0.9999203681945801,0.5590784549713135,0.2923668324947357,-0.34621408581733704,0.9999170899391174,0.543869137763977,0.29385942220687866,-0.33745136857032776,0.999910831451416,0.5418004989624023,0.2939041554927826,-0.33752188086509705,0.9999117851257324,0.5398498773574829,0.2941391170024872,-0.3375806510448456,0.9999105930328369,0.5700434446334839,0.2961992621421814,-0.2785835266113281,0.9998289942741394,0.5431009531021118,0.2983790338039398,-0.2392258644104004,0.9998284578323364,0.5537401437759399,0.32350215315818787,-0.32121241092681885,0.9999716877937317,0.5450950264930725,0.32571375370025635,-0.3100760579109192,0.9999678134918213,0.6069236993789673,0.3831595480442047,-0.20321278274059296,0.9999259114265442,0.5248693227767944,0.3832618296146393,-0.15999624133110046,0.9999299049377441,0.6074353456497192,0.5046394467353821,-0.17248563468456268,0.990500271320343,0.5104691982269287,0.4931385815143585,-0.11774371564388275,0.9720102548599243,0.5748541951179504,0.5908710360527039,-0.22301998734474182,0.9707086682319641,0.5282838344573975,0.585469663143158,-0.18038685619831085,0.9192306995391846,0.5651133060455322,0.6160008907318115,-0.2507864832878113,0.9247099161148071,0.538874089717865,0.6140090823173523,-0.20474834740161896,0.8495475649833679,0.5588224530220032,0.606235146522522,-0.2673968970775604,0.927122950553894,0.5438080430030823,0.6054423451423645,-0.22091136872768402,0.8469700813293457,0.5604085326194763,0.598881721496582,-0.2287410944700241,0.9054033160209656,0.5421769618988037,0.5967934131622314,-0.18722376227378845,0.8162612915039062,0.5802130103111267,0.5821815133094788,-0.002869213232770562,0.9995309114456177,0.5346606969833374,0.5778378248214722,0.002749476581811905,0.9995978474617004,0.5753238797187805,0.744394063949585,0.0057581146247684956,0.9915388822555542,0.5252265930175781,0.7438682317733765,0.023203570395708084,0.9955112934112549,0.5759413242340088,0.8784908652305603,0.159425750374794,0.9933804273605347,0.5206081867218018,0.8791474103927612,0.16249482333660126,0.9934531450271606,0.5698665380477905,0.8925092220306396,0.16950273513793945,0.9406561851501465,0.5238097310066223,0.8892626166343689,0.17159488797187805,0.8472302556037903,0.5843700766563416,0.9359264373779297,0.06827960908412933,0.987761378288269,0.5254350304603577,0.9353600740432739,0.06989791989326477,0.9860983490943909
14233.333333333414,0.5464839339256287,0.3107422888278961,-0.34999921917915344,0.9999738931655884,0.5514011383056641,0.2931496202945709,-0.34640368819236755,0.9999125599861145,0.5550784468650818,0.2927631735801697,-0.3463856875896454,0.999917209148407,0.5590502619743347,0.29238060116767883,-0.34641245007514954,0.9999138712882996,0.5438282489776611,0.29385560750961304,-0.3376542925834656,0.9999068975448608,0.5417624711990356,0.2939005494117737,-0.33772557973861694,0.9999080300331116,0.5398133993148804,0.2941308915615082,-0.33778539299964905,0.9999067187309265,0.5699586868286133,0.29628387093544006,-0.2785448133945465,0.9998218417167664,0.543072521686554,0.2983672320842743,-0.23935899138450623,0.9998197555541992,0.5536531209945679,0.32349905371665955,-0.32142478227615356,0.9999704360961914,0.5450001358985901,0.32567542791366577,-0.31030794978141785,0.9999661445617676,0.6068641543388367,0.38330331444740295,-0.20288094878196716,0.9999244809150696,0.5247757434844971,0.3833652436733246,-0.1605474203824997,0.9999288320541382,0.6073288321495056,0.5048068165779114,-0.17221078276634216,0.990537166595459,0.5104740858078003,0.4931502044200897,-0.11870051175355911,0.9715957641601562,0.5745914578437805,0.590700626373291,-0.22340820729732513,0.9711092710494995,0.5281118154525757,0.585478663444519,-0.18111014366149902,0.9191528558731079,0.56474769115448,0.6158400177955627,-0.25120604038238525,0.9257310032844543,0.5386689305305481,0.6139860153198242,-0.20533603429794312,0.8497962951660156,0.5584789514541626,0.60617595911026,-0.2679566740989685,0.9281240105628967,0.5435376763343811,0.6054404973983765,-0.22129154205322266,0.8473139405250549,0.5600550770759583,0.5988144278526306,-0.2292022705078125,0.906356155872345,0.5419034957885742,0.5967963337898254,-0.1878506988286972,0.8165015578269958,0.5801872611045837,0.5822795033454895,-0.0027952243108302355,0.9995201230049133,0.5346611142158508,0.5779545903205872,0.0026754967402666807,0.9995936751365662,0.5752902626991272,0.7442619800567627,0.007800166495144367,0.9914705157279968,0.5252566933631897,0.7439662218093872,0.02326846681535244,0.9954621195793152,0.5759373307228088,0.8784675598144531,0.1598552167415619,0.9933403730392456,0.5203607678413391,0.8792551755905151,0.16252337396144867,0.9933779835700989,0.5698639750480652,0.8924925923347473,0.16986921429634094,0.9403467178344727,0.5232818722724915,0.8896852731704712,0.17161689698696136,0.8457071781158447,0.5843570232391357,0.9359045028686523,0.06863095611333847,0.9876942038536072,0.5256160497665405,0.9355162382125854,0.06988558173179626,0.9859077334403992
14266.666666666748,0.5464305281639099,0.31073418259620667,-0.35009878873825073,0.9999733567237854,0.5513682961463928,0.2931375205516815,-0.3469673991203308,0.999910831451416,0.5550512075424194,0.29275888204574585,-0.34695079922676086,0.9999157786369324,0.55902099609375,0.29238253831863403,-0.34698015451431274,0.9999125599861145,0.5437690019607544,0.2938375771045685,-0.33786824345588684,0.999904990196228,0.5417008996009827,0.2938862144947052,-0.33793988823890686,0.9999060034751892,0.5397500395774841,0.294111043214798,-0.33800050616264343,0.9999046325683594,0.5699129104614258,0.29632335901260376,-0.27945584058761597,0.9998198747634888,0.5430068969726562,0.2983512282371521,-0.239460751414299,0.9998154640197754,0.5535986423492432,0.3234943449497223,-0.32182326912879944,0.9999698400497437,0.5449306964874268,0.3256480097770691,-0.31044885516166687,0.9999651908874512,0.6068422198295593,0.3833291232585907,-0.20293311774730682,0.9999240040779114,0.5246914029121399,0.3835153877735138,-0.16098912060260773,0.99992835521698,0.6072583794593811,0.5048571825027466,-0.17320702970027924,0.9906318187713623,0.5104806423187256,0.4931502640247345,-0.11892089247703552,0.9711266160011292,0.5742775201797485,0.5906684994697571,-0.22479574382305145,0.9715474247932434,0.5278810858726501,0.5855096578598022,-0.18163461983203888,0.9188828468322754,0.5643566250801086,0.6157757043838501,-0.25269263982772827,0.9267827272415161,0.5384456515312195,0.6139918565750122,-0.20596443116664886,0.849759042263031,0.5581680536270142,0.6061620712280273,-0.269491583108902,0.9291425347328186,0.5432446599006653,0.6054573655128479,-0.22185543179512024,0.8473814725875854,0.5597449541091919,0.5988056659698486,-0.23060040175914764,0.907386839389801,0.541619598865509,0.5968320369720459,-0.18838287889957428,0.8164870142936707,0.5801873803138733,0.5824115872383118,-0.00282854656688869,0.9995102286338806,0.5346540212631226,0.5781553983688354,0.0027103095781058073,0.9995900392532349,0.5752509832382202,0.7446804046630859,0.00805590394884348,0.9913785457611084,0.52525794506073,0.7445290088653564,0.023304704576730728,0.9954113364219666,0.5757679343223572,0.8790791034698486,0.1600237786769867,0.9932817220687866,0.5201963782310486,0.8813685178756714,0.16176940500736237,0.9933149218559265,0.569727897644043,0.8931711316108704,0.16988009214401245,0.9400464296340942,0.5232471227645874,0.8923653364181519,0.1706950068473816,0.8448175191879272,0.5843439102172852,0.9359209537506104,0.06850767135620117,0.9876196384429932,0.5256213545799255,0.9363065958023071,0.06830110400915146,0.9857579469680786
14300.000000000082,0.546413779258728,0.3107066750526428,-0.352539598941803,0.9999727010726929,0.551375687122345,0.2931014597415924,-0.34935763478279114,0.9999086260795593,0.5550650954246521,0.29274091124534607,-0.3493410348892212,0.9999138712882996,0.559033989906311,0.2923794984817505,-0.3493708372116089,0.9999105930328369,0.5437517166137695,0.29377061128616333,-0.3402274549007416,0.9999027252197266,0.5416802763938904,0.29382118582725525,-0.34030085802078247,0.9999037384986877,0.5397223234176636,0.294033020734787,-0.3403630554676056,0.9999023079872131,0.5698888897895813,0.2963375747203827,-0.2812075614929199,0.9998162388801575,0.5429508090019226,0.29830217361450195,-0.24117621779441833,0.9998105764389038,0.5535697937011719,0.3234848380088806,-0.32405605912208557,0.9999691247940063,0.5448753237724304,0.3256014883518219,-0.31255725026130676,0.9999642372131348,0.6068063378334045,0.38334980607032776,-0.20362083613872528,0.9999231100082397,0.5245773792266846,0.38356825709342957,-0.16174983978271484,0.9999278783798218,0.6071748733520508,0.5049133896827698,-0.1744639277458191,0.9906917214393616,0.5104854106903076,0.49314963817596436,-0.11930440366268158,0.9708665013313293,0.5740328431129456,0.5905473232269287,-0.2267145812511444,0.9718631505966187,0.5277153849601746,0.5855292677879333,-0.1830969899892807,0.9188903570175171,0.564067542552948,0.6156938672065735,-0.25484347343444824,0.9275615811347961,0.5383508801460266,0.6140105724334717,-0.20790432393550873,0.8499882817268372,0.5578920841217041,0.6061258316040039,-0.27169427275657654,0.9298974275588989,0.543142557144165,0.6054745316505432,-0.22411414980888367,0.847667396068573,0.5594255924224854,0.5987662076950073,-0.2325679510831833,0.9081127047538757,0.5415076613426208,0.5968620181083679,-0.1899816244840622,0.8167062401771545,0.5801730751991272,0.5824918150901794,-0.002820209600031376,0.9995004534721375,0.5346532464027405,0.5782432556152344,0.0027023598086088896,0.9995866417884827,0.5751855969429016,0.7447539567947388,0.009510044939815998,0.9913120269775391,0.5252113938331604,0.7445340156555176,0.023874938488006592,0.9953659772872925,0.5756536722183228,0.879076361656189,0.1624302715063095,0.9932416081428528,0.5201493501663208,0.8816689252853394,0.16319769620895386,0.9932711720466614,0.5695862174034119,0.8931691646575928,0.17240974307060242,0.939791202545166,0.5232414603233337,0.8930482268333435,0.17224392294883728,0.8442973494529724,0.584306001663208,0.9358963370323181,0.07064497470855713,0.987583577632904,0.5257121324539185,0.9367074370384216,0.06917960941791534,0.9856526255607605
14333.333333333416,0.5464081168174744,0.31066662073135376,-0.3532625436782837,0.9999723434448242,0.5513878464698792,0.29304754734039307,-0.3500158488750458,0.9999073147773743,0.5550839304924011,0.29271042346954346,-0.3499993085861206,0.9999127984046936,0.5590539574623108,0.29236945509910583,-0.3500286340713501,0.999909520149231,0.5437410473823547,0.29368510842323303,-0.3409390449523926,0.999901294708252,0.5416648387908936,0.29374319314956665,-0.3410134017467499,0.9999023675918579,0.5397000908851624,0.2939496636390686,-0.3410755693912506,0.9999009370803833,0.5698785781860352,0.29634973406791687,-0.2815605700016022,0.9998146891593933,0.542900800704956,0.29826995730400085,-0.241847425699234,0.9998078942298889,0.5535670518875122,0.3234671950340271,-0.3247033953666687,0.9999688267707825,0.5448408126831055,0.32555249333381653,-0.31324848532676697,0.9999637603759766,0.6067999005317688,0.3833615183830261,-0.2036461979150772,0.9999227523803711,0.5244610905647278,0.38370463252067566,-0.1619764119386673,0.9999275207519531,0.6071240901947021,0.5049636363983154,-0.17434605956077576,0.9907681345939636,0.5104893445968628,0.49316519498825073,-0.1194646805524826,0.9707731604576111,0.5738239884376526,0.590512752532959,-0.22644299268722534,0.9721881747245789,0.5276395678520203,0.5856459140777588,-0.18322071433067322,0.9189597368240356,0.5638526082038879,0.6156712174415588,-0.25456151366233826,0.9283536076545715,0.5383474826812744,0.6141026616096497,-0.2081267535686493,0.8502321839332581,0.557655394077301,0.606108546257019,-0.2713198959827423,0.9306638240814209,0.5431333184242249,0.6055455803871155,-0.22439175844192505,0.8479755520820618,0.5591450929641724,0.5987571477890015,-0.23227398097515106,0.9089138507843018,0.5414921045303345,0.5969883799552917,-0.19013483822345734,0.8170653581619263,0.5801699757575989,0.582634687423706,-0.0028411035891622305,0.9994907379150391,0.5346478223800659,0.5784622430801392,0.002723514102399349,0.9995813965797424,0.575173556804657,0.744990348815918,0.009920880198478699,0.9913007020950317,0.5252209305763245,0.7448671460151672,0.024024074897170067,0.9953439831733704,0.5756543278694153,0.8790005445480347,0.16309858858585358,0.9932169914245605,0.5197777152061462,0.8820418119430542,0.16331060230731964,0.9932160377502441,0.5695756673812866,0.8930773735046387,0.173079252243042,0.9393143057823181,0.5227574110031128,0.8932651281356812,0.17236724495887756,0.8431597352027893,0.5843020677566528,0.9358803033828735,0.07104437798261642,0.9875373244285583,0.5257223844528198,0.9370377063751221,0.06918207556009293,0.9855230450630188
14366.66666666675,0.5463932156562805,0.31060609221458435,-0.3529175817966461,0.9999721050262451,0.5513872504234314,0.29295846819877625,-0.34931930899620056,0.9999063014984131,0.5550909638404846,0.292653888463974,-0.3493017554283142,0.999911904335022,0.5590639114379883,0.29234132170677185,-0.3493277430534363,0.9999085068702698,0.5437202453613281,0.2935350835323334,-0.3404600918292999,0.9999001622200012,0.541641891002655,0.29359063506126404,-0.34053361415863037,0.9999014139175415,0.5396712422370911,0.29377803206443787,-0.3405943810939789,0.9998999238014221,0.5698709487915039,0.29636088013648987,-0.28041985630989075,0.9998126029968262,0.5428604483604431,0.2981894612312317,-0.2413792908191681,0.9998055100440979,0.5535544753074646,0.3234434723854065,-0.32416704297065735,0.9999686479568481,0.5448044538497925,0.3254877030849457,-0.3129555881023407,0.9999634623527527,0.6067712306976318,0.38337188959121704,-0.2027011215686798,0.9999226927757263,0.5243481993675232,0.38380149006843567,-0.16199614107608795,0.9999271631240845,0.6070804595947266,0.5050016045570374,-0.17303046584129333,0.9907780289649963,0.5104921460151672,0.4931698739528656,-0.11969529837369919,0.9706671237945557,0.5736539363861084,0.5905097723007202,-0.22556982934474945,0.9723478555679321,0.5275252461433411,0.5857004523277283,-0.18330232799053192,0.9188935160636902,0.5636590123176575,0.615679919719696,-0.25378021597862244,0.9287979602813721,0.5383068323135376,0.6141548752784729,-0.20821765065193176,0.8502547740936279,0.5574648976325989,0.6061089038848877,-0.2704387307167053,0.9310975074768066,0.5430654883384705,0.6055598258972168,-0.224423348903656,0.8480368852615356,0.5589426755905151,0.5987566113471985,-0.2313808798789978,0.9093357920646667,0.5414252877235413,0.5970191955566406,-0.19018201529979706,0.8170756697654724,0.5801700353622437,0.5829556584358215,-0.002785928314551711,0.9994878768920898,0.5346624255180359,0.5787544250488281,0.002667923690751195,0.9995794296264648,0.5751720666885376,0.7452577352523804,0.010371753014624119,0.9912862181663513,0.5252776741981506,0.7449566125869751,0.02400909550487995,0.9953324198722839,0.575603723526001,0.8788224458694458,0.16808930039405823,0.9931817650794983,0.5195935368537903,0.8820114135742188,0.16607551276683807,0.9931729435920715,0.5695622563362122,0.8929482102394104,0.17862917482852936,0.9388797879219055,0.522325336933136,0.8931779265403748,0.1756892204284668,0.8421357870101929,0.5841192603111267,0.9357970356941223,0.0766754075884819,0.9874936938285828,0.5258018970489502,0.937035322189331,0.07211451977491379,0.9854421615600586
14400.000000000084,0.5462110638618469,0.3105296194553375,-0.34669169783592224,0.9999715089797974,0.551283597946167,0.2928818166255951,-0.34360307455062866,0.9999045729637146,0.5549850463867188,0.2926085591316223,-0.34358686208724976,0.9999105334281921,0.5589581727981567,0.2923230230808258,-0.34361183643341064,0.9999070167541504,0.5436415076255798,0.2934260666370392,-0.3342856466770172,0.999897837638855,0.5415881276130676,0.29349204897880554,-0.3343556821346283,0.9998993277549744,0.5396257042884827,0.29366952180862427,-0.3344133496284485,0.9998975992202759,0.5698313117027283,0.2963901162147522,-0.2777119278907776,0.9998102188110352,0.5428565740585327,0.298141747713089,-0.23634743690490723,0.9998008012771606,0.5533859133720398,0.3234305679798126,-0.31901872158050537,0.9999679923057556,0.544684648513794,0.3254204988479614,-0.30715692043304443,0.999962329864502,0.6067550778388977,0.38355013728141785,-0.20210109651088715,0.9999220371246338,0.5243439674377441,0.3840254545211792,-0.15820032358169556,0.999925971031189,0.6069520115852356,0.5054126381874084,-0.17284652590751648,0.9907493591308594,0.5105278491973877,0.49326008558273315,-0.11647527664899826,0.9698806405067444,0.573525071144104,0.5905126929283142,-0.22546984255313873,0.9724021553993225,0.5274525880813599,0.5857816934585571,-0.1802845448255539,0.9175918698310852,0.5634860396385193,0.6157069206237793,-0.25358250737190247,0.9290983080863953,0.5382086038589478,0.6142680644989014,-0.20498614013195038,0.8486312031745911,0.5573204755783081,0.6061273217201233,-0.2703285813331604,0.9313780069351196,0.5429168939590454,0.6056239604949951,-0.22160126268863678,0.8464706540107727,0.5588087439537048,0.5987663865089417,-0.2313249558210373,0.909473180770874,0.5413013100624084,0.5970703363418579,-0.18741978704929352,0.8152270317077637,0.5801643133163452,0.5835540294647217,-0.003043873468413949,0.9994853138923645,0.5346859693527222,0.579338550567627,0.0029275701381266117,0.9995781183242798,0.5751388072967529,0.7452766299247742,0.0103816082701087,0.9913361668586731,0.5253175497055054,0.744982898235321,0.0254278052598238,0.9953458905220032,0.57560795545578,0.8787906765937805,0.1676776260137558,0.9932170510292053,0.5196388363838196,0.8819522857666016,0.1684519350528717,0.9931756854057312,0.569571852684021,0.8929435610771179,0.1780809760093689,0.9388822913169861,0.5223387479782104,0.8931028842926025,0.17810913920402527,0.8420264720916748,0.584097683429718,0.9357805252075195,0.0762242004275322,0.9875348806381226,0.5257534384727478,0.9367769956588745,0.0756545290350914,0.9854336977005005
14433.333333333418,0.5459892749786377,0.3105248212814331,-0.3458242118358612,0.9999707937240601,0.5510843992233276,0.2928733825683594,-0.34305065870285034,0.9999027252197266,0.5547726154327393,0.2926039695739746,-0.3430342674255371,0.9999090433120728,0.5587353110313416,0.2923223674297333,-0.34306058287620544,0.9999054074287415,0.5434884428977966,0.29342007637023926,-0.3334389925003052,0.9998955130577087,0.5414629578590393,0.2934865653514862,-0.33350878953933716,0.9998970627784729,0.5395228266716003,0.2936630845069885,-0.3335660696029663,0.9998952746391296,0.5697516202926636,0.2964287996292114,-0.27786344289779663,0.9998083710670471,0.542850136756897,0.2981407344341278,-0.23555222153663635,0.9997966885566711,0.5532264709472656,0.3234272301197052,-0.3185524344444275,0.9999672770500183,0.5445775985717773,0.32541006803512573,-0.306273490190506,0.9999611973762512,0.6067567467689514,0.3837050497531891,-0.2024867832660675,0.9999209046363831,0.5243479013442993,0.384266197681427,-0.15727612376213074,0.9999250173568726,0.6069015860557556,0.5055927038192749,-0.17448197305202484,0.9907318949699402,0.5105464458465576,0.4933452606201172,-0.11514934152364731,0.9692281484603882,0.5734399557113647,0.5905096530914307,-0.2261231690645218,0.9724185466766357,0.5272911787033081,0.5858153700828552,-0.17886675894260406,0.9165759682655334,0.5633918642997742,0.6157065629959106,-0.25433871150016785,0.9292343854904175,0.5379371047019958,0.6143088936805725,-0.20334355533123016,0.8472537994384766,0.5572253465652466,0.6061251759529114,-0.2707914113998413,0.9314846992492676,0.542670488357544,0.605658769607544,-0.22016508877277374,0.8451416492462158,0.5587174892425537,0.598763644695282,-0.23185548186302185,0.9093551635742188,0.541084349155426,0.5971031785011292,-0.18611286580562592,0.8136458992958069,0.5801541805267334,0.58382648229599,-0.0032293288968503475,0.9994766712188721,0.5347000956535339,0.5796297788619995,0.003115206491202116,0.9995741248130798,0.5751033425331116,0.7455120086669922,0.010383139364421368,0.9913629293441772,0.525381326675415,0.7449145913124084,0.02619011141359806,0.9953581690788269,0.5755153894424438,0.8789129257202148,0.1675337851047516,0.9932387471199036,0.5197519063949585,0.8818615674972534,0.16885273158550262,0.9931721091270447,0.5694817900657654,0.8931916952133179,0.17790760099887848,0.9389791488647461,0.5225860476493835,0.8930432796478271,0.17842210829257965,0.8421204090118408,0.5840911865234375,0.9357779026031494,0.07582171261310577,0.9875633120536804,0.5257634520530701,0.9364998936653137,0.0759599581360817,0.9854111075401306
14466.666666666752,0.5458056926727295,0.3105136752128601,-0.3407248258590698,0.9999706149101257,0.550878643989563,0.29284393787384033,-0.33839771151542664,0.9999027848243713,0.554549515247345,0.29257455468177795,-0.3383815586566925,0.9999092221260071,0.5585041046142578,0.2922970950603485,-0.33840662240982056,0.9999055862426758,0.5433252453804016,0.29341498017311096,-0.3282727301120758,0.9998950958251953,0.5413257479667664,0.29348358511924744,-0.32834064960479736,0.9998965859413147,0.5394062399864197,0.2936624586582184,-0.3283971846103668,0.999894917011261,0.5696755647659302,0.2964404821395874,-0.27575719356536865,0.9998104572296143,0.5428372621536255,0.29814624786376953,-0.2306327521800995,0.9997967481613159,0.5531403422355652,0.32342466711997986,-0.31424325704574585,0.9999673366546631,0.5445083379745483,0.3253994584083557,-0.3012540638446808,0.9999610185623169,0.6067829132080078,0.38380661606788635,-0.2020055502653122,0.9999211430549622,0.5244008302688599,0.3844839632511139,-0.15258090198040009,0.9999246597290039,0.6068868637084961,0.5056978464126587,-0.17425280809402466,0.9907378554344177,0.5105524659156799,0.4933604598045349,-0.11044656485319138,0.9687045812606812,0.5734113454818726,0.5904901623725891,-0.22562271356582642,0.9726041555404663,0.5271574854850769,0.5858594179153442,-0.1743186116218567,0.9157475233078003,0.5633563995361328,0.615709125995636,-0.2541915476322174,0.9297745227813721,0.5377900004386902,0.6143659949302673,-0.1984381526708603,0.846041738986969,0.5571954846382141,0.6061244606971741,-0.2702256143093109,0.9319791793823242,0.5425643920898438,0.6056751608848572,-0.21533139050006866,0.8439643383026123,0.5586869120597839,0.598761796951294,-0.23119673132896423,0.9097225069999695,0.540992021560669,0.5971303582191467,-0.18161843717098236,0.8122843503952026,0.5801534056663513,0.5844624638557434,-0.0036785961128771305,0.9994732737541199,0.5347034931182861,0.5802373886108398,0.0035681140143424273,0.9995724558830261,0.5750632882118225,0.7458648681640625,0.009373191744089127,0.9914623498916626,0.5253852009773254,0.7453428506851196,0.02692507766187191,0.9954185485839844,0.5754668116569519,0.8789157271385193,0.16749611496925354,0.9932998418807983,0.5197306871414185,0.8819690942764282,0.17082293331623077,0.9932107925415039,0.5693962574005127,0.8931900262832642,0.17792047560214996,0.9392637014389038,0.5225891470909119,0.8930640816688538,0.18059562146663666,0.8428381085395813,0.5840467810630798,0.9357830286026001,0.07589509338140488,0.9876614212989807,0.5257517695426941,0.9365628361701965,0.0784570723772049,0.985493540763855
14500.000000000085,0.5455814003944397,0.31049779057502747,-0.3399205505847931,0.9999702572822571,0.5506605505943298,0.2928100824356079,-0.3376835584640503,0.9999023675918579,0.5543174743652344,0.2925487458705902,-0.3376671075820923,0.9999088644981384,0.5582804083824158,0.2922786474227905,-0.337691992521286,0.9999052882194519,0.543152928352356,0.2933959364891052,-0.32736682891845703,0.9998940825462341,0.5411846041679382,0.29347530007362366,-0.32743433117866516,0.9998955130577087,0.5392846465110779,0.2936553359031677,-0.3274917006492615,0.9998939633369446,0.5696076154708862,0.2964504659175873,-0.27546262741088867,0.9998108148574829,0.5428259372711182,0.29814451932907104,-0.22936859726905823,0.9997950792312622,0.552995502948761,0.32342278957366943,-0.3135729432106018,0.9999671578407288,0.5444008708000183,0.32539060711860657,-0.30033159255981445,0.9999604821205139,0.6068456172943115,0.38394540548324585,-0.20171992480754852,0.9999211430549622,0.5244776010513306,0.3846459686756134,-0.15157440304756165,0.9999240636825562,0.6068677306175232,0.5061080455780029,-0.17412447929382324,0.9907430410385132,0.5105887651443481,0.49339067935943604,-0.10942693799734116,0.9681767821311951,0.5733380913734436,0.5904873013496399,-0.22567132115364075,0.9728451371192932,0.5269988179206848,0.5858640670776367,-0.1737782210111618,0.9147642254829407,0.563194990158081,0.6157028675079346,-0.25427064299583435,0.9303696751594543,0.5375477075576782,0.6143974661827087,-0.19808641076087952,0.844507098197937,0.557040810585022,0.6060906648635864,-0.2703001797199249,0.9325352311134338,0.5423638820648193,0.6056771874427795,-0.21486049890518188,0.8424522876739502,0.5585569739341736,0.5987041592597961,-0.2312375158071518,0.9100969433784485,0.5408391952514648,0.5971333384513855,-0.18104152381420135,0.8104373812675476,0.580152690410614,0.5846725702285767,-0.00367498560808599,0.9994722604751587,0.5347156524658203,0.580306887626648,0.003564720042049885,0.999573290348053,0.5750728249549866,0.7462008595466614,0.009407860226929188,0.9914589524269104,0.5253763794898987,0.7453445196151733,0.02685081958770752,0.9954508543014526,0.5753734707832336,0.8789806962013245,0.16759347915649414,0.993316113948822,0.5195139050483704,0.8819597959518433,0.1710105985403061,0.993226170539856,0.5692569613456726,0.8933037519454956,0.17803336679935455,0.9394771456718445,0.5224540829658508,0.8930309414863586,0.18081611394882202,0.8429854512214661,0.5840318202972412,0.9359055161476135,0.07582755386829376,0.98770672082901,0.5257523059844971,0.9365698099136353,0.07825882732868195,0.9855166673660278
14533.33333333342,0.5453087091445923,0.31049031019210815,-0.3412570059299469,0.9999697804450989,0.5504541993141174,0.2928057909011841,-0.3388782739639282,0.9999009966850281,0.5541092753410339,0.292549729347229,-0.3388608396053314,0.9999075531959534,0.55809485912323,0.2922872006893158,-0.3388857841491699,0.9999038577079773,0.542980432510376,0.2933907210826874,-0.32879459857940674,0.9998923540115356,0.541041374206543,0.2934732437133789,-0.32886311411857605,0.999893844127655,0.5391632914543152,0.2936515808105469,-0.3289205729961395,0.9998922944068909,0.5695640444755554,0.2964874804019928,-0.27563855051994324,0.9998083114624023,0.5428200364112854,0.29814469814300537,-0.23085135221481323,0.9997925758361816,0.5527654886245728,0.3234797418117523,-0.3145921528339386,0.9999666810035706,0.5442553758621216,0.3253912031650543,-0.3016667366027832,0.9999597668647766,0.6068915128707886,0.38401663303375244,-0.20170842111110687,0.9999209046363831,0.5245323777198792,0.3846617639064789,-0.15291506052017212,0.9999239444732666,0.6068636178970337,0.5063668489456177,-0.17401888966560364,0.9907019734382629,0.5106679797172546,0.49344295263290405,-0.11077581346035004,0.9679326415061951,0.5732529759407043,0.5905066728591919,-0.22525115311145782,0.9729112386703491,0.5269647240638733,0.5858967900276184,-0.1748364120721817,0.9140833616256714,0.5629627704620361,0.6157020330429077,-0.253820538520813,0.9305444955825806,0.5375770330429077,0.6144499182701111,-0.1992032676935196,0.8433290719985962,0.556842565536499,0.6059592962265015,-0.26951831579208374,0.9326744079589844,0.542373776435852,0.6056872606277466,-0.21569687128067017,0.841235876083374,0.5583897829055786,0.5986124277114868,-0.23067863285541534,0.910062849521637,0.540840208530426,0.5971719622612,-0.18196192383766174,0.8089816570281982,0.5801536440849304,0.5848738551139832,-0.0035667994525283575,0.9994730353355408,0.5347283482551575,0.5803546905517578,0.003455239348113537,0.9995750784873962,0.5751010775566101,0.7466376423835754,0.00990731455385685,0.9914020895957947,0.5253840684890747,0.7453379034996033,0.02679738774895668,0.995469331741333,0.5753506422042847,0.8790075778961182,0.16926391422748566,0.9932767152786255,0.5195167660713196,0.8817383050918579,0.17171385884284973,0.9932196140289307,0.5692052841186523,0.8933629989624023,0.17987847328186035,0.9393642544746399,0.5224487781524658,0.8928772807121277,0.1816893219947815,0.8427603840827942,0.5840256214141846,0.9359026551246643,0.07837457209825516,0.9876624941825867,0.5257576107978821,0.9364832043647766,0.07951929420232773,0.9855073094367981
14566.666666666753,0.5450838804244995,0.31049859523773193,-0.34183990955352783,0.9999695420265198,0.5503095388412476,0.29281365871429443,-0.3394066095352173,0.9999003410339355,0.5539600253105164,0.2925671637058258,-0.33938926458358765,0.9999068975448608,0.5579653978347778,0.29231521487236023,-0.33941414952278137,0.99990314245224,0.5428480505943298,0.29339054226875305,-0.32935017347335815,0.9998915791511536,0.5409282445907593,0.2934737801551819,-0.3294191062450409,0.9998929500579834,0.5390575528144836,0.29364800453186035,-0.32947781682014465,0.9998915195465088,0.5695425271987915,0.296539306640625,-0.27583324909210205,0.9998076558113098,0.5428087711334229,0.2981434166431427,-0.23102588951587677,0.9997918605804443,0.5525391697883606,0.32359084486961365,-0.3149851858615875,0.999966561794281,0.5441022515296936,0.325416624546051,-0.30207815766334534,0.9999595880508423,0.6069331765174866,0.38407495617866516,-0.20138663053512573,0.9999210834503174,0.5245610475540161,0.3846547603607178,-0.1533978134393692,0.9999241828918457,0.6068565249443054,0.5065542459487915,-0.17388595640659332,0.9907131791114807,0.5107366442680359,0.49357277154922485,-0.11164434999227524,0.9678504467010498,0.5731333494186401,0.5905271172523499,-0.22510789334774017,0.9731438755989075,0.5269473195075989,0.5861460566520691,-0.1752912998199463,0.9139143228530884,0.5628090500831604,0.6157231330871582,-0.25356948375701904,0.931104302406311,0.5376684069633484,0.6148870587348938,-0.19951459765434265,0.8429445624351501,0.556625247001648,0.6058664321899414,-0.2693675756454468,0.9331859946250916,0.5424436926841736,0.6059705018997192,-0.21599037945270538,0.8408265113830566,0.5581668019294739,0.5985396504402161,-0.23057526350021362,0.9104943871498108,0.5408734083175659,0.5975059866905212,-0.18237902224063873,0.8084476590156555,0.5801531672477722,0.5854203104972839,-0.0035525818821042776,0.999473512172699,0.534706175327301,0.5807732939720154,0.0034408739302307367,0.9995765089988708,0.575112521648407,0.7472705245018005,0.010105505585670471,0.9914560317993164,0.5253528952598572,0.7455035448074341,0.027192799374461174,0.9955309629440308,0.5753163695335388,0.8792321085929871,0.17096631228923798,0.9932958483695984,0.5193378925323486,0.881720244884491,0.17349308729171753,0.9932622909545898,0.5691530704498291,0.8936707973480225,0.1817290186882019,0.9395824670791626,0.5222066044807434,0.8928126692771912,0.18363207578659058,0.8433985114097595,0.5840231776237488,0.9360738396644592,0.07988292723894119,0.9877074360847473,0.5257102251052856,0.936487078666687,0.08104387670755386,0.9855899810791016
14600.000000000087,0.5449035167694092,0.31061694025993347,-0.3410526514053345,0.9999693632125854,0.5501698851585388,0.2929210066795349,-0.33855709433555603,0.9999000430107117,0.5538157820701599,0.29267486929893494,-0.33854034543037415,0.999906599521637,0.5578354597091675,0.29242420196533203,-0.3385637402534485,0.9999027252197266,0.5427055358886719,0.2935084104537964,-0.3284458816051483,0.9998910427093506,0.5407956838607788,0.2935953438282013,-0.3285141885280609,0.9998922944068909,0.5389268398284912,0.2937428057193756,-0.3285740613937378,0.9998909831047058,0.5695141553878784,0.29664096236228943,-0.27479127049446106,0.9998075366020203,0.542770504951477,0.2981892228126526,-0.2294526994228363,0.9997910857200623,0.5523773431777954,0.32383331656455994,-0.3140448033809662,0.9999666213989258,0.543982207775116,0.32559120655059814,-0.30104386806488037,0.9999595284461975,0.6069729924201965,0.3841244578361511,-0.199114590883255,0.9999217987060547,0.5246040225028992,0.3847038149833679,-0.1524944305419922,0.9999241232872009,0.6068503856658936,0.5067151188850403,-0.17217066884040833,0.9907611012458801,0.5108441710472107,0.49379006028175354,-0.11184713244438171,0.9677724242210388,0.5730523467063904,0.5905698537826538,-0.22499071061611176,0.9735366702079773,0.5269462466239929,0.5862602591514587,-0.17563700675964355,0.9140823483467102,0.5627667903900146,0.6158003211021423,-0.2534467577934265,0.9320573210716248,0.5377218127250671,0.6150995492935181,-0.19986528158187866,0.8431375622749329,0.5564787983894348,0.6058593988418579,-0.269330769777298,0.9340866208076477,0.5425024032592773,0.6061983108520508,-0.21616417169570923,0.8410331606864929,0.5580005645751953,0.5985351800918579,-0.23046773672103882,0.9114309549331665,0.5409108996391296,0.5977188944816589,-0.1827092468738556,0.8085303902626038,0.580150306224823,0.5857669115066528,-0.003497162600979209,0.9994735717773438,0.5347043871879578,0.5809091329574585,0.0033859338145703077,0.9995765686035156,0.5751450657844543,0.7473019361495972,0.010251530446112156,0.9915081858634949,0.5252757668495178,0.7455146908760071,0.027149291709065437,0.9955906271934509,0.5753124356269836,0.8792749643325806,0.17279109358787537,0.9933137893676758,0.5192140340805054,0.8817009925842285,0.1734517514705658,0.9933112859725952,0.5691407918930054,0.8937267661094666,0.1837390810251236,0.939582884311676,0.5220868587493896,0.8927960395812988,0.18362084031105042,0.843970775604248,0.5839807391166687,0.9360851049423218,0.08128844946622849,0.9877550601959229,0.5257180333137512,0.9366750717163086,0.08063067495822906,0.9856858253479004
14633.333333333421,0.5448657870292664,0.3107028603553772,-0.3410148024559021,0.9999690651893616,0.5501453280448914,0.29299625754356384,-0.3383008539676666,0.9998989105224609,0.5537946224212646,0.292756587266922,-0.3382841646671295,0.9999052882194519,0.5578212141990662,0.29251137375831604,-0.3383059799671173,0.9999012351036072,0.5426655411720276,0.29357123374938965,-0.3283805549144745,0.9998899698257446,0.5407519936561584,0.29365894198417664,-0.3284492492675781,0.9998910427093506,0.5388725996017456,0.2937926650047302,-0.32851019501686096,0.9998899102210999,0.5695127844810486,0.2967395484447479,-0.273808091878891,0.9998046159744263,0.5427336096763611,0.2982393503189087,-0.22941485047340393,0.9997891783714294,0.5523353219032288,0.32401764392852783,-0.3137700855731964,0.9999664425849915,0.5439315438270569,0.325729101896286,-0.3010313808917999,0.9999593496322632,0.6070391535758972,0.3841710090637207,-0.19704504311084747,0.9999221563339233,0.524645209312439,0.3848220109939575,-0.15297988057136536,0.9999245405197144,0.6068527698516846,0.5067543387413025,-0.1692628562450409,0.9907770752906799,0.510931670665741,0.49403053522109985,-0.11228016018867493,0.9679545164108276,0.5730190277099609,0.5906045436859131,-0.22323523461818695,0.9739087820053101,0.5269558429718018,0.5865172743797302,-0.17685407400131226,0.9148027300834656,0.5627198815345764,0.6158648133277893,-0.2520832121372223,0.9329656362533569,0.5379142761230469,0.615525484085083,-0.20202842354774475,0.8441784977912903,0.5563868880271912,0.60584956407547,-0.2682034373283386,0.9349491596221924,0.5426784157752991,0.6065248250961304,-0.21773700416088104,0.8420422673225403,0.557894766330719,0.59853196144104,-0.22888606786727905,0.9124271869659424,0.5410470366477966,0.5980599522590637,-0.1837187111377716,0.8096017837524414,0.5801692605018616,0.5862055420875549,-0.0029648488853126764,0.999474048614502,0.534728467464447,0.5811472535133362,0.0028547258116304874,0.999578595161438,0.5752198100090027,0.7476944923400879,0.01273159310221672,0.9914414286613464,0.5252789258956909,0.7456263303756714,0.027136798948049545,0.9956159591674805,0.5752798318862915,0.8791606426239014,0.17740510404109955,0.9932225346565247,0.5192052125930786,0.8816841840744019,0.1741705685853958,0.9933101534843445,0.5689970254898071,0.8935869932174683,0.18862459063529968,0.9393531680107117,0.5220875144004822,0.8927751779556274,0.18452784419059753,0.844146728515625,0.5839505791664124,0.9360113143920898,0.08743687719106674,0.9876636862754822,0.525762140750885,0.9367507696151733,0.08157829195261002,0.985690712928772
14666.666666666755,0.5448198318481445,0.3107839822769165,-0.337678998708725,0.9999691843986511,0.5500953197479248,0.2930600941181183,-0.334955096244812,0.9998992085456848,0.5537484288215637,0.2928229570388794,-0.3349381685256958,0.9999054074287415,0.5577823519706726,0.2925800383090973,-0.33495834469795227,0.9999013543128967,0.5425940155982971,0.2936398684978485,-0.3250733017921448,0.9998903870582581,0.5406745672225952,0.2937329113483429,-0.3251406252384186,0.9998912811279297,0.5387863516807556,0.2938552498817444,-0.3252013623714447,0.9998902678489685,0.5695044994354248,0.296817421913147,-0.2708519697189331,0.999805748462677,0.5426620244979858,0.29828783869743347,-0.2266281694173813,0.9997901320457458,0.5522849559783936,0.32417380809783936,-0.31058943271636963,0.9999667406082153,0.5438681840896606,0.32586154341697693,-0.29791244864463806,0.9999596476554871,0.6070749163627625,0.384187787771225,-0.19488525390625,0.9999225735664368,0.5246625542640686,0.38482600450515747,-0.15092088282108307,0.9999250173568726,0.6068738698959351,0.5067614316940308,-0.16639021039009094,0.990824818611145,0.5110897421836853,0.49411362409591675,-0.11075451970100403,0.9678777456283569,0.5730083584785461,0.590660572052002,-0.21804523468017578,0.9741774797439575,0.5269609689712524,0.5866183638572693,-0.1747642159461975,0.9150511622428894,0.5627055764198303,0.6159143447875977,-0.24645373225212097,0.9336166381835938,0.5379716753959656,0.6158224940299988,-0.19955028593540192,0.8445954322814941,0.5563647150993347,0.6058455109596252,-0.2622881829738617,0.9355459213256836,0.5427270531654358,0.6067876219749451,-0.21554788947105408,0.8424476385116577,0.5578745007514954,0.5985293388366699,-0.22352424263954163,0.9131045341491699,0.5410835146903992,0.598314642906189,-0.1816815584897995,0.8101073503494263,0.58017897605896,0.5864253640174866,-0.0029641916044056416,0.9994706511497498,0.5347292423248291,0.5813363194465637,0.0028542059008032084,0.9995771050453186,0.5752463936805725,0.747791051864624,0.011243882589042187,0.9914469122886658,0.5253217220306396,0.7456719875335693,0.0263623408973217,0.9956420660018921,0.5752602815628052,0.8791850805282593,0.17250283062458038,0.993181049823761,0.5195598006248474,0.8816996812820435,0.17072075605392456,0.9933233261108398,0.5689719915390015,0.8936176896095276,0.18326538801193237,0.9393032789230347,0.5228009819984436,0.8927707672119141,0.18068827688694,0.844941258430481,0.5839169025421143,0.9360727071762085,0.08286821842193604,0.9876123666763306,0.5258052349090576,0.9366689324378967,0.07866954803466797,0.9857336282730103
14700.00000000009,0.5447890162467957,0.3108729422092438,-0.3331924080848694,0.9999693632125854,0.5500590801239014,0.2931431233882904,-0.3305124342441559,0.9998998045921326,0.553711473941803,0.2929033637046814,-0.3304958641529083,0.9999059438705444,0.5577481985092163,0.2926623523235321,-0.3305135667324066,0.9999018311500549,0.5425470471382141,0.29374995827674866,-0.32053306698799133,0.9998908042907715,0.5406249761581421,0.29385948181152344,-0.3205987811088562,0.9998916983604431,0.5387362837791443,0.293979287147522,-0.320658802986145,0.9998907446861267,0.5694960355758667,0.29689958691596985,-0.2672002613544464,0.999808132648468,0.5426327586174011,0.2983785569667816,-0.22238513827323914,0.9997916221618652,0.552257776260376,0.3242993950843811,-0.30642223358154297,0.9999671578407288,0.5438337922096252,0.3259636163711548,-0.29358357191085815,0.9999600052833557,0.6071150898933411,0.3841991722583771,-0.1923230141401291,0.9999234080314636,0.5247088670730591,0.3848542869091034,-0.14702415466308594,0.9999250173568726,0.6068950891494751,0.5067685842514038,-0.1635981649160385,0.990896999835968,0.5112012028694153,0.49417468905448914,-0.1069168746471405,0.9677883982658386,0.5729976296424866,0.5906807780265808,-0.21545599400997162,0.9745021462440491,0.5269604921340942,0.5866332054138184,-0.171659916639328,0.9154959321022034,0.5626624226570129,0.6160098314285278,-0.24394068121910095,0.9344284534454346,0.5380210280418396,0.6159515976905823,-0.19644342362880707,0.8453352451324463,0.5562960505485535,0.6058420538902283,-0.25979822874069214,0.9362970590591431,0.5427401661872864,0.6069012880325317,-0.21275043487548828,0.8431968092918396,0.5578078627586365,0.5985265374183655,-0.2209576666355133,0.9139666557312012,0.5410858392715454,0.5984184145927429,-0.17871339619159698,0.8109381794929504,0.5801803469657898,0.5867037773132324,-0.00312085566110909,0.9994662404060364,0.534727156162262,0.5816218852996826,0.0030122031457722187,0.9995725154876709,0.575263261795044,0.7478755712509155,0.009157110005617142,0.9915370345115662,0.5253439545631409,0.7458847761154175,0.025900185108184814,0.9956908822059631,0.5752727389335632,0.8794642090797424,0.1683247983455658,0.9931986331939697,0.5195592045783997,0.8817727565765381,0.1687600016593933,0.9933449029922485,0.5690397024154663,0.8939874768257141,0.17873378098011017,0.9391257762908936,0.5228089690208435,0.892794132232666,0.17851431667804718,0.8456525802612305,0.5839141607284546,0.9363217949867249,0.07665398716926575,0.987619161605835,0.5258045196533203,0.9366832971572876,0.07606945186853409,0.9857884049415588
14733.333333333423,0.5447865128517151,0.3109560012817383,-0.3341865837574005,0.999969482421875,0.5500457882881165,0.29320070147514343,-0.33141130208969116,0.9998997449874878,0.5536968111991882,0.29295113682746887,-0.331393837928772,0.9999058246612549,0.5577332377433777,0.2927045524120331,-0.33141180872917175,0.9999016523361206,0.5425280928611755,0.29385289549827576,-0.3215872049331665,0.999890923500061,0.5406027436256409,0.29398277401924133,-0.3216535151004791,0.9998918175697327,0.5387136936187744,0.2941064238548279,-0.3217133581638336,0.9998908638954163,0.5694887042045593,0.2969381809234619,-0.2676703631877899,0.9998077750205994,0.5426154732704163,0.2984602153301239,-0.22356678545475006,0.9997916221618652,0.552257239818573,0.32438817620277405,-0.3072579801082611,0.9999672174453735,0.5438272953033447,0.32607191801071167,-0.29463109374046326,0.9999600648880005,0.6071268320083618,0.3842119872570038,-0.19252963364124298,0.9999236464500427,0.5247361063957214,0.3848593831062317,-0.14803306758403778,0.9999252557754517,0.6069203615188599,0.5067711472511292,-0.1641358584165573,0.9909577369689941,0.511327862739563,0.49425551295280457,-0.1078668162226677,0.9678590893745422,0.5729957818984985,0.5906821489334106,-0.21594110131263733,0.9747987389564514,0.5269595384597778,0.5866318941116333,-0.17221562564373016,0.9163811206817627,0.5626611709594727,0.6160340309143066,-0.24433071911334991,0.9351574778556824,0.5380274057388306,0.615972638130188,-0.1969200223684311,0.8467883467674255,0.5562928915023804,0.6058376431465149,-0.26021844148635864,0.9369837045669556,0.5427436828613281,0.6069386005401611,-0.21316660940647125,0.8446412086486816,0.5578031539916992,0.5985183715820312,-0.2214442789554596,0.9147817492485046,0.5410841107368469,0.59844970703125,-0.17920678853988647,0.8125606775283813,0.5801807045936584,0.586720883846283,-0.0031343295704573393,0.9994621276855469,0.5347360968589783,0.5816521048545837,0.003025404177606106,0.9995701909065247,0.5754230618476868,0.747848629951477,0.009215513244271278,0.9915681481361389,0.5255090594291687,0.745791494846344,0.025441445410251617,0.9957114458084106,0.5754205584526062,0.8796403408050537,0.16038130223751068,0.9932247400283813,0.5196373462677002,0.8818771243095398,0.16271919012069702,0.993377149105072,0.5691074728965759,0.8942939639091492,0.1697552502155304,0.9391414523124695,0.5228418707847595,0.8931617140769958,0.1717354953289032,0.846352219581604,0.5839509963989258,0.9366852641105652,0.06773124635219574,0.9876459240913391,0.5258103013038635,0.9366883039474487,0.06968948245048523,0.9858512282371521
14766.666666666757,0.5447871685028076,0.3110288381576538,-0.3348757326602936,0.9999697208404541,0.5500289797782898,0.29326918721199036,-0.3321296274662018,0.9999005198478699,0.5536773204803467,0.2930031716823578,-0.3321123719215393,0.9999064803123474,0.557709813117981,0.2927457392215729,-0.33213189244270325,0.9999023675918579,0.5425102710723877,0.2939860224723816,-0.3223322629928589,0.9998917579650879,0.5405836701393127,0.2941456437110901,-0.3223990499973297,0.9998925924301147,0.5387004017829895,0.29428374767303467,-0.3224582076072693,0.9998916983604431,0.5694712400436401,0.29697108268737793,-0.2682812809944153,0.9998096823692322,0.5426034331321716,0.298572301864624,-0.22435060143470764,0.9997934103012085,0.5522598028182983,0.3244416415691376,-0.30788490176200867,0.9999675750732422,0.5438260436058044,0.3261454403400421,-0.29530611634254456,0.9999604821205139,0.6071358919143677,0.3842162787914276,-0.19305463135242462,0.99992436170578,0.5247924327850342,0.38486558198928833,-0.14825789630413055,0.9999256730079651,0.6069613695144653,0.5067712068557739,-0.1646793931722641,0.9910405278205872,0.5114291310310364,0.49426671862602234,-0.10783166438341141,0.9678621888160706,0.5729976296424866,0.5906782746315002,-0.2161717563867569,0.9750590920448303,0.5269597172737122,0.5866345167160034,-0.17167028784751892,0.9170500636100769,0.5626689791679382,0.6160362958908081,-0.2444825917482376,0.9357425570487976,0.5380313992500305,0.6159744262695312,-0.19596777856349945,0.8479055762290955,0.5562953948974609,0.6058215498924255,-0.2601741850376129,0.9375306367874146,0.5427467823028564,0.6069751381874084,-0.21225932240486145,0.8457773923873901,0.5578044652938843,0.5985016822814941,-0.22158697247505188,0.9154309034347534,0.5410850048065186,0.5984823703765869,-0.17863401770591736,0.8139057755470276,0.5802333354949951,0.5867148041725159,-0.003351741237565875,0.999457061290741,0.5348052382469177,0.5816293954849243,0.0032427124679088593,0.9995651245117188,0.5754418969154358,0.7478728890419006,0.007111225742846727,0.9915600419044495,0.5257155895233154,0.745672881603241,0.025013498961925507,0.9956821203231812,0.5754348039627075,0.8797803521156311,0.1570499688386917,0.9931897521018982,0.5200856924057007,0.8817263245582581,0.16135931015014648,0.993323028087616,0.5691683888435364,0.8944600224494934,0.16654883325099945,0.9388783574104309,0.5233258605003357,0.8929651975631714,0.1704103648662567,0.846164882183075,0.5839649438858032,0.9368759989738464,0.06526442617177963,0.987561047077179,0.5258216857910156,0.9364493489265442,0.06897575408220291,0.9857596755027771
14800.000000000091,0.5447862148284912,0.31104776263237,-0.3329039514064789,0.9999704957008362,0.5500134229660034,0.2932876944541931,-0.3304423987865448,0.9999029636383057,0.5536567568778992,0.2930179238319397,-0.3304232358932495,0.9999086856842041,0.5576868057250977,0.2927584946155548,-0.3304392993450165,0.9999046325683594,0.5424937009811401,0.2940291166305542,-0.3203178346157074,0.9998943209648132,0.5405662655830383,0.2942025661468506,-0.32038354873657227,0.9998950958251953,0.5386819839477539,0.29434505105018616,-0.32044047117233276,0.9998943209648132,0.5694531798362732,0.29698193073272705,-0.26763448119163513,0.9998155236244202,0.5425765514373779,0.2986012101173401,-0.22235983610153198,0.9997990727424622,0.5522609949111938,0.3244606554508209,-0.30631497502326965,0.9999686479568481,0.5438247919082642,0.3261639475822449,-0.2933151125907898,0.9999617338180542,0.607196033000946,0.3842078745365143,-0.1931675225496292,0.9999264478683472,0.5248016119003296,0.3848683536052704,-0.14582131803035736,0.9999270439147949,0.6070038080215454,0.5067939758300781,-0.1643754541873932,0.991203248500824,0.5115256905555725,0.4943223297595978,-0.10446758568286896,0.9679086208343506,0.5729925036430359,0.5906785726547241,-0.21488873660564423,0.975530207157135,0.5270026326179504,0.5867562890052795,-0.1682990938425064,0.917597770690918,0.5626766085624695,0.616049587726593,-0.24331122636795044,0.9368033409118652,0.5380627512931824,0.6160842776298523,-0.19244100153446198,0.848712146282196,0.5562904477119446,0.6058181524276733,-0.25864270329475403,0.9385229349136353,0.5427749752998352,0.6071903109550476,-0.20900656282901764,0.8465923070907593,0.5577850341796875,0.5984978675842285,-0.22014088928699493,0.9166433811187744,0.5411089062690735,0.5986844897270203,-0.175430029630661,0.8149077892303467,0.5803764462471008,0.5873163342475891,-0.003570523578673601,0.9994584918022156,0.5348672270774841,0.5822181701660156,0.0034633809700608253,0.9995646476745605,0.5754616856575012,0.7480717897415161,0.007260723505169153,0.9917231798171997,0.5259990692138672,0.7457729578018188,0.025515161454677582,0.9957602620124817,0.575424313545227,0.8796468377113342,0.16341160237789154,0.9932449460029602,0.5201799273490906,0.8817372918128967,0.16660326719284058,0.9933784008026123,0.5691408514976501,0.8942006826400757,0.17394571006298065,0.9389129281044006,0.5235776901245117,0.8929451107978821,0.17631998658180237,0.8472611904144287,0.5837711691856384,0.9368129372596741,0.07233632355928421,0.9876694083213806,0.5258967280387878,0.9364777207374573,0.07471518963575363,0.9859143495559692
14833.333333333425,0.544792115688324,0.31108358502388,-0.33128562569618225,0.9999709725379944,0.5500110983848572,0.2933177351951599,-0.32859501242637634,0.9999042749404907,0.5536538362503052,0.2930383086204529,-0.3285753130912781,0.9999097585678101,0.5576820373535156,0.29277336597442627,-0.32858893275260925,0.9999057650566101,0.5424882173538208,0.2941199243068695,-0.3186264932155609,0.9998960494995117,0.5405572056770325,0.2943255305290222,-0.31869256496429443,0.9998967051506042,0.5386711359024048,0.2944868803024292,-0.31875085830688477,0.9998961091041565,0.5694414973258972,0.2969885766506195,-0.2653447389602661,0.9998177886009216,0.5425424575805664,0.29867708683013916,-0.2207307666540146,0.9998019337654114,0.5522810816764832,0.3244829773902893,-0.30458563566207886,0.9999691247940063,0.5438260436058044,0.32619571685791016,-0.29178720712661743,0.9999623894691467,0.6072115302085876,0.3841986060142517,-0.19120770692825317,0.9999269247055054,0.524820864200592,0.38487163186073303,-0.14522017538547516,0.9999278783798218,0.6070330739021301,0.5068011283874512,-0.16267557442188263,0.9912704825401306,0.5116376280784607,0.49437329173088074,-0.10463251918554306,0.9680387377738953,0.5729892253875732,0.5906711220741272,-0.2131367176771164,0.9757933616638184,0.5270490050315857,0.5867975354194641,-0.168472558259964,0.9183856248855591,0.5626734495162964,0.6160510778427124,-0.24139389395713806,0.9374257922172546,0.538134753704071,0.6161313056945801,-0.1927628219127655,0.8499531745910645,0.5562763214111328,0.6058104038238525,-0.2569645643234253,0.9391098022460938,0.5428265333175659,0.6072842478752136,-0.2091194987297058,0.8478403687477112,0.55774986743927,0.598480761051178,-0.21848414838314056,0.9173716902732849,0.5411420464515686,0.5987814664840698,-0.17550009489059448,0.8163849115371704,0.5804155468940735,0.5873360633850098,-0.0035690786316990852,0.9994519948959351,0.5348861813545227,0.5822204351425171,0.0034619164653122425,0.9995619654655457,0.5754846930503845,0.7480742931365967,0.007328549865633249,0.9916932582855225,0.5260905623435974,0.7456148862838745,0.023977959528565407,0.9957664608955383,0.5753710865974426,0.8794997334480286,0.1588057577610016,0.9931901693344116,0.5201785564422607,0.8818708658218384,0.1591310352087021,0.9933764934539795,0.5690690279006958,0.8937541246414185,0.1684822291135788,0.9385838508605957,0.5235561728477478,0.8931335806846619,0.16802388429641724,0.847562313079834,0.5837517976760864,0.936803936958313,0.06702984124422073,0.9875961542129517,0.5259724855422974,0.9365842938423157,0.0659090206027031,0.9859115481376648
14866.666666666759,0.5447941422462463,0.31108585000038147,-0.32578662037849426,0.9999715685844421,0.5500090718269348,0.2933204770088196,-0.3232988119125366,0.9999061226844788,0.553651750087738,0.2930409014225006,-0.32327988743782043,0.999911367893219,0.5576791167259216,0.2927761673927307,-0.323291152715683,0.999907374382019,0.5424832701683044,0.2941376566886902,-0.3130010664463043,0.9998980760574341,0.5405492782592773,0.2943587899208069,-0.31306496262550354,0.9998986124992371,0.538659930229187,0.29453203082084656,-0.31312212347984314,0.9998982548713684,0.5694382786750793,0.2969955503940582,-0.2615702152252197,0.9998215436935425,0.5425272583961487,0.29871150851249695,-0.21543501317501068,0.999805748462677,0.5523012280464172,0.3244865834712982,-0.2997111678123474,0.9999698400497437,0.543828010559082,0.32619747519493103,-0.28646954894065857,0.9999632239341736,0.6072438359260559,0.3841751217842102,-0.1889854073524475,0.9999277591705322,0.5248664021492004,0.38489997386932373,-0.1408877968788147,0.9999287128448486,0.6070696115493774,0.5068011283874512,-0.16070260107517242,0.9913447499275208,0.5117138028144836,0.49444881081581116,-0.10077854245901108,0.968079149723053,0.5729917883872986,0.5906805992126465,-0.21047340333461761,0.976111114025116,0.5271193385124207,0.5868862867355347,-0.16503821313381195,0.9191744327545166,0.5626929998397827,0.6160671710968018,-0.23872216045856476,0.9381911158561707,0.5381657481193542,0.6161549091339111,-0.1892375349998474,0.8512064814567566,0.5562768578529358,0.6058074235916138,-0.25411826372146606,0.9398216605186462,0.5428772568702698,0.6073741912841797,-0.2055312693119049,0.8490961790084839,0.5577463507652283,0.5984766483306885,-0.21574267745018005,0.9182436466217041,0.5411837697029114,0.5988640785217285,-0.17205223441123962,0.8178508877754211,0.5804201364517212,0.5877699255943298,-0.003727625124156475,0.9994506239891052,0.5348891019821167,0.5823987722396851,0.003620233153924346,0.9995617866516113,0.575484037399292,0.7484800815582275,0.007161334622651339,0.9917394518852234,0.5261349081993103,0.7456361055374146,0.024009767919778824,0.995816707611084,0.575355589389801,0.8793874382972717,0.15948529541492462,0.9932027459144592,0.5201376080513,0.8819905519485474,0.16036926209926605,0.9934215545654297,0.5689918398857117,0.8934647440910339,0.16928867995738983,0.9386228322982788,0.5235320329666138,0.8931787610054016,0.16946734488010406,0.848632276058197,0.583762526512146,0.9367536306381226,0.06785530596971512,0.9876366257667542,0.525962769985199,0.9366441369056702,0.06739243119955063,0.9860212206840515
14900.000000000093,0.544824481010437,0.31110528111457825,-0.3277055323123932,0.9999721646308899,0.5500146746635437,0.2933288812637329,-0.3251962661743164,0.9999080896377563,0.5536605715751648,0.29304662346839905,-0.32517746090888977,0.9999130964279175,0.5576872229576111,0.29278042912483215,-0.3251906931400299,0.9999092221260071,0.5424832701683044,0.2941674292087555,-0.3150292932987213,0.999900221824646,0.5405471324920654,0.2943992614746094,-0.3150947690010071,0.9999006986618042,0.5386570692062378,0.29457926750183105,-0.3151530921459198,0.9999004602432251,0.569435179233551,0.2970044016838074,-0.26294514536857605,0.999826192855835,0.5425015091896057,0.2987375855445862,-0.21745072305202484,0.9998103380203247,0.552331268787384,0.3244987726211548,-0.30145418643951416,0.9999706745147705,0.5438372492790222,0.32621312141418457,-0.288393497467041,0.9999642372131348,0.607275128364563,0.38412508368492126,-0.18966251611709595,0.999928891658783,0.5248693227767944,0.3848932683467865,-0.14203625917434692,0.9999294281005859,0.6071538925170898,0.506784975528717,-0.16129831969738007,0.9914676547050476,0.5117682218551636,0.49445924162864685,-0.10151013731956482,0.9680864810943604,0.573021650314331,0.590697705745697,-0.211388498544693,0.9763056635856628,0.5271421670913696,0.5869320034980774,-0.16585925221443176,0.9197376370429993,0.5627657771110535,0.6161113977432251,-0.23964612185955048,0.9385671615600586,0.5381943583488464,0.6161670684814453,-0.18999578058719635,0.8521209955215454,0.5562923550605774,0.6058098077774048,-0.2552121877670288,0.9401512742042542,0.5429043173789978,0.6074028015136719,-0.2064426690340042,0.8500303626060486,0.5577520132064819,0.5984739065170288,-0.2167443186044693,0.9186749458312988,0.5411977171897888,0.5988941192626953,-0.1729179173707962,0.8189754486083984,0.5804999470710754,0.5878533720970154,-0.004085891880095005,0.9994471073150635,0.5349269509315491,0.5825251936912537,0.003980814013630152,0.9995568990707397,0.5754987597465515,0.7487426996231079,0.004966015927493572,0.9918206334114075,0.5263118147850037,0.7458817362785339,0.024025987833738327,0.9958256483078003,0.575280487537384,0.8795220851898193,0.15873676538467407,0.9932191967964172,0.5202967524528503,0.8820173740386963,0.16113902628421783,0.9934235215187073,0.5689470171928406,0.8935392498970032,0.16863298416137695,0.9385681748390198,0.5240386724472046,0.8931747078895569,0.1703387349843979,0.8493238091468811,0.5837060809135437,0.9367795586585999,0.06691982597112656,0.9876545071601868,0.5259929895401001,0.9367749094963074,0.06823624670505524,0.9860530495643616
14933.333333333427,0.5448522567749023,0.31112366914749146,-0.32895776629447937,0.9999727010726929,0.5500304698944092,0.2933390438556671,-0.3263389766216278,0.9999096989631653,0.5536783933639526,0.29305681586265564,-0.3263205587863922,0.9999145865440369,0.5577060580253601,0.29279178380966187,-0.32633528113365173,0.9999107718467712,0.5424922108650208,0.2941857874393463,-0.31628721952438354,0.9999019503593445,0.5405511260032654,0.2944236099720001,-0.3163526654243469,0.9999024868011475,0.5386573672294617,0.29460859298706055,-0.3164103925228119,0.9999022483825684,0.5694339275360107,0.2970200181007385,-0.26352059841156006,0.9998298287391663,0.5424945950508118,0.29876089096069336,-0.21850435435771942,0.9998138546943665,0.5523508787155151,0.3245328366756439,-0.30244961380958557,0.999971330165863,0.5438463687896729,0.3262435495853424,-0.2895362973213196,0.9999650120735168,0.6072825193405151,0.3841186463832855,-0.19006659090518951,0.9999299645423889,0.5248744487762451,0.38492435216903687,-0.14260604977607727,0.9999297261238098,0.6072778105735779,0.5067216157913208,-0.16171734035015106,0.9915897846221924,0.5118308067321777,0.4945688843727112,-0.10209178179502487,0.9680656790733337,0.5730659365653992,0.5907124876976013,-0.21187876164913177,0.9766188859939575,0.5271993279457092,0.5870183706283569,-0.16642774641513824,0.9205318689346313,0.5628108382225037,0.6162319183349609,-0.24012085795402527,0.9392579197883606,0.5382141470909119,0.6162577867507935,-0.1906069815158844,0.8534681797027588,0.5563148260116577,0.6058550477027893,-0.2555503845214844,0.9407967329025269,0.5429403781890869,0.6074656248092651,-0.2070634961128235,0.8514019250869751,0.5577720999717712,0.5984788537025452,-0.21717968583106995,0.9195287227630615,0.5412236452102661,0.5989308953285217,-0.17348435521125793,0.8205569982528687,0.5805131793022156,0.5879500508308411,-0.004335192032158375,0.9994475841522217,0.534932017326355,0.5826719999313354,0.004228482022881508,0.999554455280304,0.5755290985107422,0.7488837242126465,0.004765527788549662,0.9919315576553345,0.5264213681221008,0.7460476160049438,0.024103771895170212,0.9958530068397522,0.5752790570259094,0.8797000050544739,0.15828649699687958,0.9932746887207031,0.5203697681427002,0.882156491279602,0.1616031974554062,0.9934625625610352,0.5689535737037659,0.893743634223938,0.1681220680475235,0.9386332631111145,0.5242473483085632,0.8932784199714661,0.1708451807498932,0.8503199219703674,0.5837129950523376,0.9368601441383362,0.0664246678352356,0.9877234101295471,0.525994598865509,0.9370115399360657,0.06873307377099991,0.9861500859260559
14966.66666666676,0.5448638200759888,0.31117886304855347,-0.33318084478378296,0.9999730587005615,0.5500344038009644,0.29337555170059204,-0.33057352900505066,0.9999108910560608,0.5536805391311646,0.29308512806892395,-0.3305557668209076,0.9999157786369324,0.5577083230018616,0.29281431436538696,-0.3305755853652954,0.9999120831489563,0.5424997806549072,0.2942410409450531,-0.32056695222854614,0.9999032020568848,0.5405588150024414,0.294480562210083,-0.3206321895122528,0.9999037384986877,0.5386660695075989,0.29466378688812256,-0.3206869065761566,0.9999035000801086,0.5694320201873779,0.29703080654144287,-0.26719167828559875,0.9998331069946289,0.5424972772598267,0.2987841069698334,-0.2222699075937271,0.9998164176940918,0.5523558259010315,0.3245808482170105,-0.30631452798843384,0.9999718070030212,0.5438602566719055,0.32629889249801636,-0.29345467686653137,0.9999655485153198,0.6073062419891357,0.38409146666526794,-0.19377262890338898,0.9999308586120605,0.524915874004364,0.38496312499046326,-0.14331479370594025,0.9999294877052307,0.607430100440979,0.5065579414367676,-0.1659633368253708,0.9917328953742981,0.5119242072105408,0.4946458041667938,-0.10234297811985016,0.9678416848182678,0.5731447339057922,0.5907305479049683,-0.21504616737365723,0.97687828540802,0.5272625088691711,0.5870295763015747,-0.16680914163589478,0.9207571148872375,0.562875509262085,0.6163519620895386,-0.24335704743862152,0.9397292733192444,0.5382307171821594,0.6162620782852173,-0.19111448526382446,0.8538882732391357,0.5563749074935913,0.6059130430221558,-0.25817474722862244,0.9412412047386169,0.542980968952179,0.607477068901062,-0.20752784609794617,0.8518437147140503,0.557852029800415,0.5984883904457092,-0.22004184126853943,0.9200868010520935,0.5412606000900269,0.5989360213279724,-0.1738460659980774,0.8210363984107971,0.5806024074554443,0.5879452228546143,-0.004816217347979546,0.9994451999664307,0.5350252985954285,0.5826736688613892,0.004708672873675823,0.9995496273040771,0.5755369067192078,0.7489422559738159,0.004681949503719807,0.9920563697814941,0.5266420841217041,0.7462334632873535,0.025157267227768898,0.9958705902099609,0.5753775238990784,0.8800787925720215,0.15773041546344757,0.9933634996414185,0.520641028881073,0.8822345733642578,0.16183552145957947,0.9935067296028137,0.5691424012184143,0.8941752314567566,0.16750448942184448,0.9389755129814148,0.5247036218643188,0.8933775424957275,0.17093811929225922,0.851245105266571,0.5837157368659973,0.9369591474533081,0.06576008349657059,0.9878396391868591,0.5260015726089478,0.937012791633606,0.06924764811992645,0.9862427115440369
15000.000000000095,0.5449016094207764,0.31115689873695374,-0.3293546736240387,0.9999735355377197,0.5500831007957458,0.29336968064308167,-0.3267548978328705,0.9999122619628906,0.5537331700325012,0.29308465123176575,-0.32673734426498413,0.9999170303344727,0.5577681064605713,0.292817085981369,-0.3267519772052765,0.9999133944511414,0.5425434112548828,0.2942238450050354,-0.3166714310646057,0.9999046325683594,0.5406001210212708,0.2944641411304474,-0.31673479080200195,0.9999051690101624,0.5386987924575806,0.29464825987815857,-0.31678834557533264,0.9999049305915833,0.5694506764411926,0.297039270401001,-0.2644974887371063,0.9998360276222229,0.542504608631134,0.2987763583660126,-0.219317227602005,0.9998190402984619,0.5523896813392639,0.3245810866355896,-0.3030299246311188,0.9999723434448242,0.5438812971115112,0.32627221941947937,-0.29009321331977844,0.9999661445617676,0.6073405742645264,0.3840934932231903,-0.19239307940006256,0.9999319314956665,0.5249472260475159,0.38496848940849304,-0.14231915771961212,0.999929666519165,0.6075493693351746,0.5064641833305359,-0.16395913064479828,0.9918485879898071,0.5119708776473999,0.49467387795448303,-0.1013994887471199,0.9677210450172424,0.5732154250144958,0.5907323956489563,-0.2118656188249588,0.9772214293479919,0.5273298621177673,0.5870882868766785,-0.1651654839515686,0.9211145043373108,0.562974214553833,0.6164815425872803,-0.23979854583740234,0.9404909014701843,0.5382549166679382,0.616339385509491,-0.1891302913427353,0.8545091152191162,0.5564400553703308,0.6059767603874207,-0.25460490584373474,0.9419682025909424,0.5430658459663391,0.6075320243835449,-0.2054031491279602,0.8524843454360962,0.5579306483268738,0.5984979867935181,-0.21680788695812225,0.9210659265518188,0.5413587689399719,0.5989661812782288,-0.17213822901248932,0.8218242526054382,0.5806209444999695,0.5881493091583252,-0.004829066339880228,0.9994474053382874,0.5350435972213745,0.5827364325523376,0.0047211190685629845,0.9995489716529846,0.5755885243415833,0.7491670846939087,0.00470341881737113,0.992091953754425,0.5267999768257141,0.7462501525878906,0.025198834016919136,0.9958832263946533,0.5755788683891296,0.8801785707473755,0.15802060067653656,0.9933622479438782,0.521017849445343,0.8822714686393738,0.1619318574666977,0.993497371673584,0.5692779421806335,0.8941970467567444,0.16783301532268524,0.9387953877449036,0.5248706936836243,0.8933793306350708,0.17108136415481567,0.851482093334198,0.5837230682373047,0.9369965195655823,0.06605259329080582,0.987834632396698,0.5260766744613647,0.9370637536048889,0.07019314914941788,0.9862576127052307
15033.333333333429,0.5449066758155823,0.3111620843410492,-0.32531020045280457,0.9999737739562988,0.5500829815864563,0.29337525367736816,-0.3230723440647125,0.9999133944511414,0.5537278056144714,0.2930872440338135,-0.32305991649627686,0.9999181032180786,0.5577600598335266,0.29281195998191833,-0.32307592034339905,0.9999145269393921,0.54254549741745,0.2942870557308197,-0.3124862611293793,0.9999053478240967,0.540604293346405,0.2945496439933777,-0.3125467896461487,0.9999057054519653,0.5387064218521118,0.2947542667388916,-0.312600702047348,0.999905526638031,0.5694427490234375,0.29701706767082214,-0.26211369037628174,0.9998400807380676,0.542533814907074,0.2987876534461975,-0.21448461711406708,0.9998209476470947,0.5524073839187622,0.3245720863342285,-0.2993958294391632,0.999972939491272,0.5439117550849915,0.32626068592071533,-0.28575167059898376,0.9999666810035706,0.6074101328849792,0.38407889008522034,-0.19128355383872986,0.999933660030365,0.5250229239463806,0.3850334584712982,-0.13686202466487885,0.9999294281005859,0.6076867580413818,0.5063770413398743,-0.16279840469360352,0.9919885993003845,0.5120151042938232,0.4947614371776581,-0.09496702998876572,0.9670878052711487,0.5733117461204529,0.5907814502716064,-0.21068254113197327,0.9775582551956177,0.5274141430854797,0.5871554017066956,-0.15993376076221466,0.9206452369689941,0.5631242394447327,0.6168117523193359,-0.23889340460300446,0.9412665963172913,0.538286566734314,0.6164920926094055,-0.18355430662631989,0.8539204001426697,0.5565434694290161,0.6061123609542847,-0.25355154275894165,0.9426960349082947,0.5431599020957947,0.6076704859733582,-0.2004111260175705,0.8519471287727356,0.5580481290817261,0.598560631275177,-0.2155671864748001,0.9220021963119507,0.5414769053459167,0.5990607738494873,-0.16721366345882416,0.8212838172912598,0.5806230306625366,0.589049756526947,-0.005346884950995445,0.9994484782218933,0.5350381731987,0.5835288763046265,0.0052447449415922165,0.9995435476303101,0.5756062865257263,0.7502269744873047,0.0033223286736756563,0.9921661615371704,0.5268875956535339,0.7466058731079102,0.02581315115094185,0.995896577835083,0.5758653283119202,0.880447268486023,0.161220520734787,0.9933518171310425,0.5213450789451599,0.8824502229690552,0.16822737455368042,0.9934520125389099,0.5697031617164612,0.894356369972229,0.17185761034488678,0.9384399652481079,0.5251920819282532,0.8933781981468201,0.17822188138961792,0.8518574237823486,0.5837498903274536,0.9370172023773193,0.07022957503795624,0.9877932071685791,0.5261086225509644,0.9371495246887207,0.07763499766588211,0.9862259030342102
15066.666666666762,0.5449037551879883,0.3108918368816376,-0.3263964056968689,0.9999739527702332,0.5500762462615967,0.2931833267211914,-0.3238673806190491,0.9999141693115234,0.5537142157554626,0.2928915321826935,-0.3238541781902313,0.9999188780784607,0.5577492117881775,0.2925691306591034,-0.3238695561885834,0.9999153017997742,0.5425454378128052,0.29412123560905457,-0.31360113620758057,0.9999059438705444,0.5406043529510498,0.29439184069633484,-0.31366264820098877,0.9999064207077026,0.5387060046195984,0.29460787773132324,-0.31371793150901794,0.9999062418937683,0.5694403052330017,0.29687386751174927,-0.2634395956993103,0.9998424053192139,0.542531430721283,0.29867279529571533,-0.2153816521167755,0.999822735786438,0.5524061322212219,0.3243848383426666,-0.29994651675224304,0.9999732971191406,0.5439126491546631,0.32592570781707764,-0.2867790162563324,0.9999670386314392,0.6074510812759399,0.3840719163417816,-0.1928120106458664,0.9999341368675232,0.5250305533409119,0.38503724336624146,-0.137968048453331,0.999928891658783,0.6078047156333923,0.5062410831451416,-0.16405053436756134,0.9920361042022705,0.512130081653595,0.49488401412963867,-0.09643547236919403,0.9667525291442871,0.5734244585037231,0.5908249616622925,-0.21084323525428772,0.9775377511978149,0.5276543498039246,0.5873852968215942,-0.16141937673091888,0.9201205968856812,0.5632565021514893,0.6169118285179138,-0.23911193013191223,0.9411580562591553,0.5385211706161499,0.616725504398346,-0.18522879481315613,0.8530381321907043,0.5567163825035095,0.6061397790908813,-0.2540426552295685,0.942566990852356,0.5433647632598877,0.6078062653541565,-0.2019544243812561,0.8510720133781433,0.5582424998283386,0.5985659956932068,-0.21588602662086487,0.9218266010284424,0.5416900515556335,0.5991915464401245,-0.16862675547599792,0.820354700088501,0.5806686878204346,0.589167594909668,-0.005551218055188656,0.9994495511054993,0.5350590348243713,0.583679735660553,0.0054471748881042,0.9995396137237549,0.5756106972694397,0.7503631711006165,0.0030802732799202204,0.9922794103622437,0.5271170735359192,0.7466144561767578,0.02680191770195961,0.995919406414032,0.5758779048919678,0.8805882930755615,0.16168387234210968,0.9934121966362,0.5213752388954163,0.8821938633918762,0.17083677649497986,0.9934600591659546,0.5697420239448547,0.8945647478103638,0.17236368358135223,0.9384205341339111,0.5252326726913452,0.8928350210189819,0.18089605867862701,0.8522664308547974,0.5837060213088989,0.9370316863059998,0.07071886956691742,0.9878592491149902,0.5260772109031677,0.93696129322052,0.08044150471687317,0.986277163028717
15100.000000000096,0.5448862314224243,0.31052371859550476,-0.32681500911712646,0.9999741315841675,0.5500577092170715,0.2929283678531647,-0.32448431849479675,0.9999148845672607,0.5536836981773376,0.2926146984100342,-0.3244699239730835,0.9999194741249084,0.5577203631401062,0.29221853613853455,-0.32448551058769226,0.9999159574508667,0.5425418019294739,0.2939063310623169,-0.3140757381916046,0.9999064803123474,0.5406016707420349,0.2941785156726837,-0.314139187335968,0.9999068975448608,0.5387025475502014,0.2944069802761078,-0.3141952157020569,0.9999067783355713,0.5694339275360107,0.2966424524784088,-0.26365235447883606,0.9998445510864258,0.5425294041633606,0.2985213100910187,-0.21609105169773102,0.999824047088623,0.5523945093154907,0.32414424419403076,-0.30061277747154236,0.9999735951423645,0.5439118146896362,0.32550671696662903,-0.28727027773857117,0.9999673366546631,0.6075012683868408,0.3840305507183075,-0.19295111298561096,0.9999346733093262,0.5250665545463562,0.3849794864654541,-0.13899658620357513,0.99992835521698,0.6078694462776184,0.5062079429626465,-0.16407637298107147,0.9921126961708069,0.5122336745262146,0.4949873685836792,-0.0975148156285286,0.9664527177810669,0.573497474193573,0.5908952355384827,-0.21105316281318665,0.9777634143829346,0.5279874205589294,0.5878129601478577,-0.1623028665781021,0.9193785786628723,0.5633106231689453,0.6169987320899963,-0.23931150138378143,0.9416351914405823,0.5388811230659485,0.6169800758361816,-0.1861109733581543,0.851715624332428,0.556792676448822,0.6061548590660095,-0.2540123164653778,0.9430190920829773,0.543657124042511,0.6079372763633728,-0.20270109176635742,0.8497812747955322,0.5583293437957764,0.5985757112503052,-0.21600079536437988,0.9223974347114563,0.5419877171516418,0.5993744730949402,-0.16946107149124146,0.8190101981163025,0.5807100534439087,0.5899134278297424,-0.0055863382294774055,0.9994482398033142,0.5351153016090393,0.5843240022659302,0.005482243373990059,0.9995360374450684,0.5756181478500366,0.7513496279716492,0.0031563779339194298,0.992292046546936,0.527194619178772,0.7469797134399414,0.027491755783557892,0.9959203600883484,0.5760212540626526,0.8801637887954712,0.16994433104991913,0.9933492541313171,0.5213271975517273,0.8821999430656433,0.17543980479240417,0.9933913350105286,0.5698890686035156,0.8937230706214905,0.18144355714321136,0.9378650188446045,0.5250363945960999,0.8926812410354614,0.1860717236995697,0.851748526096344,0.5836846232414246,0.9366490244865417,0.08110792189836502,0.9877551794052124,0.5260408520698547,0.936939537525177,0.08575785160064697,0.9861705899238586
15133.33333333343,0.5448824167251587,0.31014707684516907,-0.33077460527420044,0.9999739527702332,0.5500529408454895,0.2926853895187378,-0.32885298132896423,0.9999147653579712,0.5536713004112244,0.29235371947288513,-0.32883769273757935,0.9999194145202637,0.5577057600021362,0.2919068932533264,-0.3288579285144806,0.9999159574508667,0.5425471067428589,0.29368311166763306,-0.3180948495864868,0.999906063079834,0.5406119227409363,0.29394832253456116,-0.3181595802307129,0.999906599521637,0.5387116074562073,0.29418638348579407,-0.31821250915527344,0.9999063611030579,0.5694324374198914,0.29641348123550415,-0.26881271600723267,0.9998454451560974,0.5425360202789307,0.2983568608760834,-0.2201165109872818,0.9998237490653992,0.5523892045021057,0.32388126850128174,-0.3049851655960083,0.9999735951423645,0.5439124703407288,0.3250693678855896,-0.2911728024482727,0.9999671578407288,0.6075589656829834,0.3839832842350006,-0.19780784845352173,0.9999344944953918,0.525083601474762,0.3847495913505554,-0.14126700162887573,0.999926745891571,0.6079071164131165,0.5061979293823242,-0.16956904530525208,0.9921491146087646,0.5123174786567688,0.4950016736984253,-0.09941624104976654,0.9658035039901733,0.5735282301902771,0.590916633605957,-0.2151641845703125,0.9776523113250732,0.5281336903572083,0.5880863070487976,-0.16337950527668,0.9176439642906189,0.5633490681648254,0.6170048117637634,-0.24333283305168152,0.9412806034088135,0.5390684604644775,0.6170310378074646,-0.18662865459918976,0.848914623260498,0.5568666458129883,0.6061481833457947,-0.25730377435684204,0.9426455497741699,0.5438510179519653,0.6079866290092468,-0.20346614718437195,0.8469821810722351,0.5584020018577576,0.5985676646232605,-0.21976730227470398,0.9218882918357849,0.542181134223938,0.5995141863822937,-0.17064030468463898,0.8159616589546204,0.5809003114700317,0.5899304747581482,-0.005957620218396187,0.9994481205940247,0.5352349877357483,0.5843304395675659,0.00585327809676528,0.9995306730270386,0.5757849812507629,0.7516881227493286,0.0033397069200873375,0.9923877716064453,0.5272945761680603,0.7469029426574707,0.030118752270936966,0.9959192276000977,0.5760458707809448,0.8801776766777039,0.17085814476013184,0.99338698387146,0.5215950608253479,0.8814574480056763,0.1800735890865326,0.993374228477478,0.5699012875556946,0.8937363624572754,0.1821790635585785,0.9377662539482117,0.5253115296363831,0.8917710185050964,0.19071795046329498,0.8520257472991943,0.5835428237915039,0.9364058375358582,0.08117865771055222,0.9877936244010925,0.5260299444198608,0.9357118010520935,0.09063712507486343,0.9861758351325989
15166.666666666764,0.5449203848838806,0.31014588475227356,-0.33033767342567444,0.9999741911888123,0.5500695705413818,0.2926846146583557,-0.3284200429916382,0.9999157190322876,0.5536813735961914,0.2923499643802643,-0.32840535044670105,0.9999203085899353,0.5577093958854675,0.29189881682395935,-0.32842540740966797,0.9999169111251831,0.5425880551338196,0.2936844825744629,-0.3177095055580139,0.9999068975448608,0.5406661629676819,0.29395097494125366,-0.3177729547023773,0.9999073147773743,0.5387628078460693,0.29419219493865967,-0.3178255259990692,0.9999070167541504,0.5694325566291809,0.2963624894618988,-0.26808127760887146,0.9998485445976257,0.5425578951835632,0.298350065946579,-0.21958231925964355,0.9998252987861633,0.5524177551269531,0.3238503038883209,-0.30437055230140686,0.9999739527702332,0.5439541339874268,0.32503238320350647,-0.2906210720539093,0.9999675154685974,0.6075845956802368,0.38393405079841614,-0.19760678708553314,0.9999354481697083,0.5251315236091614,0.38432741165161133,-0.1400579959154129,0.9999263882637024,0.6079587340354919,0.5061729550361633,-0.1695011407136917,0.9922544956207275,0.5124170184135437,0.49501433968544006,-0.0983680710196495,0.9652520418167114,0.5735357403755188,0.5909568667411804,-0.213835209608078,0.9778757095336914,0.5282508730888367,0.5882312059402466,-0.16207526624202728,0.9170388579368591,0.5633792877197266,0.6170461773872375,-0.24185387790203094,0.9417973756790161,0.5392134189605713,0.6170531511306763,-0.18507473170757294,0.8480801582336426,0.5568925142288208,0.6061739921569824,-0.25581008195877075,0.9431188702583313,0.544018030166626,0.6080104112625122,-0.20211616158485413,0.8461821675300598,0.558415412902832,0.5985928773880005,-0.21838347613811493,0.9225035905838013,0.5423614382743835,0.599592387676239,-0.16937583684921265,0.8151692748069763,0.5809450149536133,0.5900312066078186,-0.006531121674925089,0.9994477033615112,0.5353360772132874,0.5843998193740845,0.006429653149098158,0.9995262622833252,0.575972318649292,0.7523607611656189,0.0023792784195393324,0.9924976825714111,0.5273173451423645,0.7469381093978882,0.03014434687793255,0.9959388971328735,0.5761380791664124,0.880190372467041,0.1696247011423111,0.9934266209602356,0.5217382311820984,0.8814710378646851,0.17769800126552582,0.993406355381012,0.5699405670166016,0.8937435746192932,0.1810425966978073,0.9379756450653076,0.5253916382789612,0.8917719125747681,0.18803390860557556,0.8537119626998901,0.5835371017456055,0.9363340139389038,0.08095584809780121,0.9878406524658203,0.5260168313980103,0.9356871247291565,0.0877159908413887,0.9862747192382812
15200.000000000098,0.5449198484420776,0.3101141154766083,-0.319858193397522,0.9999746084213257,0.5500554442405701,0.2926386892795563,-0.3183259069919586,0.9999169707298279,0.5536641478538513,0.2922855317592621,-0.31830623745918274,0.9999213814735413,0.5576899647712708,0.2918100655078888,-0.3183189630508423,0.9999181628227234,0.5425882935523987,0.2936766445636749,-0.30739831924438477,0.9999082684516907,0.5406677722930908,0.2939491271972656,-0.3074597418308258,0.9999086260795593,0.5387641191482544,0.29419320821762085,-0.3075138032436371,0.9999085068702698,0.5694344639778137,0.29627159237861633,-0.2604929804801941,0.9998510479927063,0.5425607562065125,0.29833564162254333,-0.2113746702671051,0.9998276233673096,0.5524225234985352,0.32380780577659607,-0.29504305124282837,0.9999743103981018,0.543957531452179,0.3249795138835907,-0.2810250520706177,0.9999679923057556,0.6076570153236389,0.3839149475097656,-0.19114144146442413,0.9999357461929321,0.5251931548118591,0.38365811109542847,-0.13589496910572052,0.999926745891571,0.6080078482627869,0.5061715245246887,-0.1626584678888321,0.9923254251480103,0.5124520063400269,0.4950004816055298,-0.09530927240848541,0.9650256633758545,0.5735653042793274,0.5909619927406311,-0.20697222650051117,0.9781458377838135,0.5282958149909973,0.5882583260536194,-0.1577606201171875,0.9168287515640259,0.5634540319442749,0.6170487999916077,-0.23420198261737823,0.9424687027931213,0.5392814874649048,0.6170586943626404,-0.18054954707622528,0.8477158546447754,0.5569370985031128,0.6061733365058899,-0.24855785071849823,0.943758487701416,0.5441227555274963,0.6080209612846375,-0.196913942694664,0.8458185195922852,0.5584483742713928,0.5985928177833557,-0.2115771770477295,0.9232698082923889,0.5424802899360657,0.5995991826057434,-0.164736807346344,0.8147946000099182,0.5809422731399536,0.5900055766105652,-0.006437806412577629,0.9994457960128784,0.5353419184684753,0.5842136144638062,0.0063346331007778645,0.9995260238647461,0.5759869813919067,0.7521911859512329,0.0009585139923729002,0.9925165176391602,0.5272684097290039,0.7466254830360413,0.024933557957410812,0.9959632158279419,0.5760826468467712,0.8800951242446899,0.15660029649734497,0.9934321641921997,0.5208591222763062,0.8814842104911804,0.16156308352947235,0.9934431314468384,0.5699180364608765,0.8936433792114258,0.16652552783489227,0.9378508925437927,0.5240599513053894,0.8919593095779419,0.1706695705652237,0.8542295098304749,0.583523154258728,0.9359244108200073,0.06644735485315323,0.9878397583961487,0.525957465171814,0.9359560012817383,0.07121263444423676,0.9863451719284058
15233.333333333432,0.5449768304824829,0.31019142270088196,-0.32099801301956177,0.9999744296073914,0.5500958561897278,0.29267963767051697,-0.3190385103225708,0.9999162554740906,0.5537117719650269,0.29232707619667053,-0.31901589035987854,0.999920666217804,0.5577341914176941,0.2918689548969269,-0.3190275728702545,0.9999174475669861,0.5426235795021057,0.2937219738960266,-0.30889737606048584,0.9999075531959534,0.5407022833824158,0.29400283098220825,-0.30896052718162537,0.9999080300331116,0.5387915968894958,0.29425540566444397,-0.30901774764060974,0.9999078512191772,0.569458544254303,0.2963046431541443,-0.26110848784446716,0.9998494386672974,0.5425592660903931,0.2983536720275879,-0.21310338377952576,0.9998257756233215,0.5524663329124451,0.3238421082496643,-0.29522839188575745,0.9999740719795227,0.543982207775116,0.3250156044960022,-0.28223007917404175,0.9999676942825317,0.6077233552932739,0.3839004337787628,-0.1911580115556717,0.9999356269836426,0.5251998901367188,0.3832523822784424,-0.13770009577274323,0.9999262690544128,0.6080673933029175,0.506137490272522,-0.16257618367671967,0.9923854470252991,0.5124744772911072,0.4949866533279419,-0.09785956889390945,0.9649286270141602,0.5736479163169861,0.5909605622291565,-0.20786108076572418,0.9782978892326355,0.5283157825469971,0.5882634520530701,-0.15991583466529846,0.9167202711105347,0.5635804533958435,0.6170238256454468,-0.23535193502902985,0.9428492784500122,0.5394018292427063,0.6170579791069031,-0.18288271129131317,0.8475717902183533,0.5570430755615234,0.6061521768569946,-0.24979270994663239,0.9441262483596802,0.5442537069320679,0.6080224514007568,-0.1989319622516632,0.8456777334213257,0.5585644841194153,0.5985761880874634,-0.21253854036331177,0.9237077832221985,0.5425970554351807,0.5996092557907104,-0.16669875383377075,0.8146506547927856,0.5809658169746399,0.589325487613678,-0.006361647043377161,0.9994417428970337,0.5353953242301941,0.583493173122406,0.006258287001401186,0.9995216727256775,0.5760404467582703,0.7503319382667542,0.001240046345628798,0.9925337433815002,0.5272508263587952,0.7458066344261169,0.02444450370967388,0.9959454536437988,0.5760548710823059,0.8798508048057556,0.15544338524341583,0.993417501449585,0.5209205746650696,0.8809531927108765,0.160923033952713,0.993439793586731,0.5698888897895813,0.8933890461921692,0.1652287095785141,0.9375215172767639,0.5241702795028687,0.8914027214050293,0.1700638234615326,0.8545252680778503,0.5834472179412842,0.9355310797691345,0.0648663118481636,0.9877856969833374,0.5259543657302856,0.9354256391525269,0.07057370990514755,0.9863308668136597
15266.666666666766,0.5450985431671143,0.3102244436740875,-0.32542887330055237,0.9999744296073914,0.550193190574646,0.29270878434181213,-0.3226333260536194,0.999916136264801,0.5538278818130493,0.2923654317855835,-0.32261162996292114,0.9999204874038696,0.5578469038009644,0.29193100333213806,-0.32262858748435974,0.9999173879623413,0.5427013635635376,0.29373177886009216,-0.31318551301956177,0.9999075531959534,0.5407740473747253,0.29401153326034546,-0.3132500946521759,0.9999080300331116,0.5388466119766235,0.29426413774490356,-0.31331050395965576,0.9999079704284668,0.569506824016571,0.29634037613868713,-0.2614607810974121,0.9998490810394287,0.5425559878349304,0.29835331439971924,-0.2157498151063919,0.9998253583908081,0.5525453686714172,0.32386648654937744,-0.29803746938705444,0.9999740123748779,0.5440295934677124,0.32503432035446167,-0.2859737277030945,0.9999676942825317,0.6077454090118408,0.383879691362381,-0.19053372740745544,0.9999353885650635,0.5252059102058411,0.3828146159648895,-0.1399025022983551,0.9999262094497681,0.6081606149673462,0.506030797958374,-0.16211724281311035,0.9924294352531433,0.5125037431716919,0.4949604868888855,-0.10119441896677017,0.9650481343269348,0.5737427473068237,0.590944230556488,-0.20830528438091278,0.9784104824066162,0.5283263325691223,0.5882904529571533,-0.16415634751319885,0.9171679019927979,0.5636566877365112,0.6169431209564209,-0.23592917621135712,0.9431089162826538,0.53947514295578,0.6170586347579956,-0.18795901536941528,0.8483365774154663,0.5571216344833374,0.6061292290687561,-0.25011053681373596,0.9443806409835815,0.5442997813224792,0.6080291867256165,-0.20403903722763062,0.8464614152908325,0.5586459040641785,0.5985579490661621,-0.2128973752260208,0.9240204691886902,0.5426279306411743,0.5996273756027222,-0.1709374040365219,0.8154980540275574,0.5809558629989624,0.5888777375221252,-0.006142504513263702,0.9994384050369263,0.5353946685791016,0.5829121470451355,0.006037433631718159,0.9995198845863342,0.5761088728904724,0.7502548098564148,0.0013954773312434554,0.9925515055656433,0.5271857976913452,0.7456791996955872,0.023185720667243004,0.995938241481781,0.5760594606399536,0.8798606395721436,0.1531575471162796,0.9934247136116028,0.5209082365036011,0.8814445734024048,0.15714475512504578,0.9934564232826233,0.5698887705802917,0.8933910131454468,0.16267500817775726,0.937354564666748,0.5240638852119446,0.8923735022544861,0.1659604012966156,0.8545708060264587,0.5834372639656067,0.9354857802391052,0.061374980956315994,0.9877651333808899,0.5259524583816528,0.9357004165649414,0.06523487716913223,0.9863422513008118
15300.0000000001,0.5451199412345886,0.31018775701522827,-0.32225534319877625,0.9999741315841675,0.5502197742462158,0.29269939661026,-0.3197627365589142,0.9999150633811951,0.5538541674613953,0.2923586368560791,-0.319742351770401,0.9999193549156189,0.5578663349151611,0.2919289767742157,-0.31975826621055603,0.9999163150787354,0.5427457094192505,0.29371291399002075,-0.3099002540111542,0.9999064803123474,0.5408269762992859,0.29399049282073975,-0.30996397137641907,0.9999069571495056,0.5389009714126587,0.29424166679382324,-0.3100244402885437,0.9999070763587952,0.5695162415504456,0.29634127020835876,-0.25857043266296387,0.999847412109375,0.5425798892974854,0.29831600189208984,-0.21315087378025055,0.9998229742050171,0.5525500774383545,0.3238348960876465,-0.2957476079463959,0.9999737739562988,0.5440351963043213,0.3249562084674835,-0.2831325829029083,0.9999673962593079,0.6077556610107422,0.3837994635105133,-0.1874595582485199,0.9999345541000366,0.5252468585968018,0.3822363615036011,-0.13768799602985382,0.9999256134033203,0.6082884669303894,0.5058428049087524,-0.15860453248023987,0.9924425482749939,0.5125107765197754,0.49475595355033875,-0.09848889708518982,0.9648584723472595,0.5738013386726379,0.5909143090248108,-0.20520345866680145,0.9784609079360962,0.5282685160636902,0.588286817073822,-0.1613815873861313,0.9170722365379333,0.5637312531471252,0.6169344782829285,-0.23228658735752106,0.9433147311210632,0.5394057631492615,0.6170322299003601,-0.1848713606595993,0.8482651710510254,0.557197630405426,0.6061496734619141,-0.247248113155365,0.9445685744285583,0.5442978143692017,0.6080336570739746,-0.20103402435779572,0.8464250564575195,0.5587429404258728,0.5985651612281799,-0.21008653938770294,0.9242722988128662,0.5426235198974609,0.5996466279029846,-0.16822366416454315,0.8155758380889893,0.5809672474861145,0.5885999202728271,-0.006135404109954834,0.9994263648986816,0.5354309678077698,0.5823869109153748,0.006030358374118805,0.9995118379592896,0.5761279463768005,0.7501590251922607,-0.0008180655422620475,0.9924856424331665,0.52712082862854,0.7452013492584229,0.020706845447421074,0.9958697557449341,0.5760589838027954,0.8795149922370911,0.1512771099805832,0.9932848811149597,0.5209105014801025,0.8814517259597778,0.15393637120723724,0.9933512210845947,0.5698878169059753,0.8928186297416687,0.16093812882900238,0.9360657930374146,0.5240659117698669,0.8923422694206238,0.16273140907287598,0.8535870313644409,0.5833027958869934,0.934999406337738,0.0601351298391819,0.9874858260154724,0.52593594789505,0.9357117414474487,0.06242556869983673,0.9861339926719666
15333.333333333434,0.5451642870903015,0.31017911434173584,-0.33491548895835876,0.999973475933075,0.55026775598526,0.29270148277282715,-0.33222630620002747,0.9999129772186279,0.5539023280143738,0.29236337542533875,-0.3322075605392456,0.9999173879623413,0.5579060912132263,0.2919416129589081,-0.3322322964668274,0.9999143481254578,0.5427964925765991,0.2937107980251312,-0.3223748207092285,0.9999043941497803,0.5408756136894226,0.2939872145652771,-0.32244378328323364,0.9999048709869385,0.5389454364776611,0.2942376434803009,-0.3225066065788269,0.9999050498008728,0.5695288181304932,0.2963634729385376,-0.2675691246986389,0.9998444318771362,0.5425814390182495,0.2983059883117676,-0.2230169177055359,0.9998190999031067,0.5525625348091125,0.32382771372795105,-0.30729421973228455,0.9999732971191406,0.5440434217453003,0.32492953538894653,-0.29467448592185974,0.9999668598175049,0.607761025428772,0.3837222754955292,-0.19259755313396454,0.999933660030365,0.5252512693405151,0.38195425271987915,-0.14450743794441223,0.9999249577522278,0.6083228588104248,0.5058212876319885,-0.1647176891565323,0.9924685955047607,0.5125168561935425,0.4946379065513611,-0.1049794927239418,0.9649168252944946,0.5738044381141663,0.5908898115158081,-0.21425381302833557,0.9784250259399414,0.5282402038574219,0.5882983207702637,-0.16937343776226044,0.9168602824211121,0.5637286305427551,0.6169236898422241,-0.24234773218631744,0.9431443214416504,0.5393563508987427,0.6170344352722168,-0.1935867965221405,0.8478487730026245,0.55720055103302,0.6061562299728394,-0.2574503719806671,0.9443947672843933,0.5442833304405212,0.6081146001815796,-0.21018661558628082,0.8460528254508972,0.5587451457977295,0.5985651016235352,-0.21932929754257202,0.9239972233772278,0.542605459690094,0.5997685194015503,-0.17644648253917694,0.8151852488517761,0.5809984803199768,0.5885323286056519,-0.006058926228433847,0.9994173645973206,0.5354362726211548,0.5823646783828735,0.005953769199550152,0.9995060563087463,0.5761537551879883,0.7502385377883911,-0.0003164193476550281,0.9924841523170471,0.5269967317581177,0.7454261779785156,0.021312272176146507,0.9958240389823914,0.5760501027107239,0.8792292475700378,0.16320820152759552,0.9932105541229248,0.5209138989448547,0.8814569711685181,0.16389219462871552,0.9932796955108643,0.5698869824409485,0.8922954201698303,0.1742846816778183,0.9354878067970276,0.5241691470146179,0.8921403288841248,0.1737540364265442,0.85273677110672,0.583098292350769,0.934368371963501,0.07270263880491257,0.9873546957969666,0.5258998870849609,0.9357204437255859,0.071074940264225,0.9859951138496399
15366.666666666768,0.54520583152771,0.31008073687553406,-0.3347887694835663,0.9999734163284302,0.5503115057945251,0.2926708161830902,-0.33207905292510986,0.9999126195907593,0.553952157497406,0.29234257340431213,-0.332058846950531,0.9999169111251831,0.5579511523246765,0.2919330596923828,-0.33208122849464417,0.9999140501022339,0.5428436994552612,0.2936338484287262,-0.32226836681365967,0.9999043941497803,0.5409220457077026,0.2938901484012604,-0.32233697175979614,0.9999048113822937,0.5389851927757263,0.29411980509757996,-0.3223981559276581,0.9999051690101624,0.5695503950119019,0.2963646352291107,-0.26756665110588074,0.9998435378074646,0.5425825119018555,0.29819732904434204,-0.22347432374954224,0.9998186230659485,0.5525768399238586,0.32376617193222046,-0.30735114216804504,0.9999732375144958,0.5440499782562256,0.3247982859611511,-0.29481062293052673,0.9999668598175049,0.6077671051025391,0.38352054357528687,-0.19268538057804108,0.9999330043792725,0.5252544283866882,0.3816869854927063,-0.14523188769817352,0.9999250173568726,0.6083614230155945,0.5056899189949036,-0.1646548956632614,0.9924944043159485,0.5125209093093872,0.4944845139980316,-0.10539747029542923,0.9650418162345886,0.5738059878349304,0.5908334851264954,-0.21379733085632324,0.9784233570098877,0.5281656384468079,0.5883021950721741,-0.16891948878765106,0.9166597723960876,0.5637272596359253,0.616747260093689,-0.2414846122264862,0.9430767297744751,0.5393292903900146,0.6170217990875244,-0.19289670884609222,0.847375750541687,0.5572032928466797,0.6061106324195862,-0.25662514567375183,0.9443302750587463,0.5442808866500854,0.6081749796867371,-0.20940183103084564,0.8455904722213745,0.5587471127510071,0.598532497882843,-0.21883943676948547,0.9239149689674377,0.5425978899002075,0.599905252456665,-0.1759161353111267,0.814795970916748,0.5810104012489319,0.588160514831543,-0.005890202708542347,0.9994094371795654,0.5354780554771423,0.5819024443626404,0.005783356260508299,0.9995028376579285,0.5761576890945435,0.7498931288719177,-6.61883968859911e-05,0.9924153089523315,0.5267926454544067,0.744858980178833,0.02127501554787159,0.995763897895813,0.5760166645050049,0.8787537813186646,0.16209624707698822,0.9930946230888367,0.5206888318061829,0.8812157511711121,0.16110610961914062,0.9932059049606323,0.5698920488357544,0.8915051221847534,0.17299798130989075,0.9346367120742798,0.5237134695053101,0.891766369342804,0.1705458015203476,0.8517701625823975,0.5827335119247437,0.9335200190544128,0.07205759733915329,0.9871541261672974,0.525858998298645,0.9357041120529175,0.06863342225551605,0.9858402013778687
15400.000000000102,0.5452138185501099,0.3098389506340027,-0.3393584191799164,0.9999735355377197,0.5503169894218445,0.2925415337085724,-0.33648547530174255,0.9999129772186279,0.5539588928222656,0.29222506284713745,-0.3364627957344055,0.999917209148407,0.557957112789154,0.29183006286621094,-0.33648523688316345,0.9999144673347473,0.5428496599197388,0.2934499979019165,-0.326702743768692,0.999904990196228,0.5409253239631653,0.29367122054100037,-0.32677221298217773,0.9999054670333862,0.5389872789382935,0.2938733696937561,-0.32683101296424866,0.9999058842658997,0.5695529580116272,0.29633238911628723,-0.27148813009262085,0.9998438358306885,0.5425694584846497,0.29805290699005127,-0.22769853472709656,0.9998196363449097,0.5525789260864258,0.32363301515579224,-0.31188103556632996,0.9999733567237854,0.5440524220466614,0.32457688450813293,-0.29936790466308594,0.999967098236084,0.607768714427948,0.38346561789512634,-0.19605132937431335,0.9999327063560486,0.5252596735954285,0.3816710412502289,-0.1492922008037567,0.9999251961708069,0.6083657741546631,0.5056894421577454,-0.1674012541770935,0.9924777746200562,0.512525737285614,0.4944823682308197,-0.10920014977455139,0.9653379321098328,0.5737569332122803,0.590819776058197,-0.21542790532112122,0.978322446346283,0.5281501412391663,0.5885217189788818,-0.17148719727993011,0.9165900349617004,0.5636927485466003,0.61673504114151,-0.24316392838954926,0.9427775740623474,0.5393214821815491,0.6171878576278687,-0.1954140067100525,0.8469865918159485,0.5571677088737488,0.6061099171638489,-0.2584446966648102,0.9440485239028931,0.544279158115387,0.6085166335105896,-0.21150197088718414,0.845180094242096,0.5586729049682617,0.5985335111618042,-0.22052940726280212,0.9235385656356812,0.5425949096679688,0.6003401875495911,-0.1782776415348053,0.81440669298172,0.5810127258300781,0.5878739953041077,-0.005723016336560249,0.9994113445281982,0.5354814529418945,0.5817691683769226,0.005612756125628948,0.9995066523551941,0.5761998891830444,0.7498970627784729,0.0008326180977746844,0.9924205541610718,0.5267567038536072,0.7448657155036926,0.021438248455524445,0.9957493543624878,0.5760107636451721,0.8787602186203003,0.16293689608573914,0.9930973649024963,0.5206214785575867,0.8812857866287231,0.16246207058429718,0.9932175874710083,0.56988126039505,0.8915121555328369,0.1737278252840042,0.9345262050628662,0.5236548185348511,0.891904354095459,0.1720079481601715,0.851550281047821,0.5827324390411377,0.933533251285553,0.07253630459308624,0.9871593713760376,0.5258397459983826,0.9357652068138123,0.06961869448423386,0.985863447189331
15433.333333333436,0.5452545881271362,0.3097235858440399,-0.34262025356292725,0.9999736547470093,0.550342857837677,0.2924959659576416,-0.33942660689353943,0.9999133348464966,0.5539810657501221,0.29218220710754395,-0.3394051790237427,0.9999175667762756,0.5579761862754822,0.291784405708313,-0.3394298553466797,0.9999148845672607,0.5428698062896729,0.2933778464794159,-0.3299144506454468,0.9999055862426758,0.5409377813339233,0.2935875356197357,-0.3299850523471832,0.9999061822891235,0.5389931797981262,0.29378220438957214,-0.33004382252693176,0.999906599521637,0.5695540308952332,0.2962970435619354,-0.2734287977218628,0.9998437166213989,0.5425536036491394,0.2980092465877533,-0.23079371452331543,0.9998205900192261,0.5525931715965271,0.32352569699287415,-0.31482893228530884,0.9999734163284302,0.5440643429756165,0.3244413733482361,-0.30264681577682495,0.9999672770500183,0.6077725291252136,0.3834635615348816,-0.19701069593429565,0.9999324083328247,0.5252640843391418,0.38167276978492737,-0.15343362092971802,0.9999254941940308,0.6083686947822571,0.5057214498519897,-0.16892437636852264,0.9924769997596741,0.5125306248664856,0.494491845369339,-0.11425937712192535,0.9657279253005981,0.5735894441604614,0.590798020362854,-0.21758440136909485,0.9782208204269409,0.5281515121459961,0.5888876914978027,-0.17610181868076324,0.9169228076934814,0.5633213520050049,0.6166570782661438,-0.24544979631900787,0.9423738718032837,0.5393210053443909,0.6174992918968201,-0.2002960741519928,0.8472909927368164,0.5569718480110168,0.6060331463813782,-0.2604655623435974,0.9436759352684021,0.5442582964897156,0.6087507605552673,-0.21604882180690765,0.8454616069793701,0.558496356010437,0.5984805226325989,-0.22262448072433472,0.9230635762214661,0.5425797700881958,0.6006515622138977,-0.1827453076839447,0.8147656321525574,0.5809999704360962,0.5868298411369324,-0.005229600705206394,0.9994140863418579,0.5354524850845337,0.5812448859214783,0.005113312508910894,0.9995100498199463,0.576272189617157,0.7498762607574463,0.0015771936159580946,0.9923862814903259,0.526842474937439,0.7448616027832031,0.021716009825468063,0.9957021474838257,0.5760147571563721,0.8788989782333374,0.16160060465335846,0.9930911660194397,0.5207308530807495,0.8812929391860962,0.16213907301425934,0.9931885004043579,0.5698817372322083,0.8918703198432922,0.17206811904907227,0.934461772441864,0.5238279104232788,0.8919252157211304,0.17160193622112274,0.8505756855010986,0.5827977657318115,0.933716356754303,0.07085452228784561,0.987128496170044,0.5258433818817139,0.9358530044555664,0.06942118704319,0.9857909083366394
15466.66666666677,0.5452571511268616,0.3095686137676239,-0.3395081162452698,0.9999740123748779,0.5503444075584412,0.29235899448394775,-0.3364497423171997,0.9999145865440369,0.553982138633728,0.2920505404472351,-0.3364265561103821,0.9999186396598816,0.5579774975776672,0.29164233803749084,-0.3364531099796295,0.9999160766601562,0.5428726077079773,0.2931978702545166,-0.32662785053253174,0.9999069571495056,0.5409390926361084,0.2933711111545563,-0.32669493556022644,0.9999074935913086,0.5389915108680725,0.29353731870651245,-0.3267494738101959,0.9999079704284668,0.5695540308952332,0.29619163274765015,-0.27196213603019714,0.9998453855514526,0.5425392389297485,0.2978482246398926,-0.22820314764976501,0.999822735786438,0.552592933177948,0.3234257996082306,-0.3124960958957672,0.9999737739562988,0.5440654754638672,0.324283242225647,-0.29993385076522827,0.9999676942825317,0.6077791452407837,0.3834907114505768,-0.19615167379379272,0.9999328851699829,0.5252686738967896,0.3816656768321991,-0.15218962728977203,0.9999258518218994,0.6084176898002625,0.5057191252708435,-0.1687804013490677,0.9925393462181091,0.51249760389328,0.49444252252578735,-0.11371240019798279,0.9657458662986755,0.573589563369751,0.5896703004837036,-0.2173047512769699,0.9784932732582092,0.527904212474823,0.5888903737068176,-0.17577514052391052,0.917119562625885,0.5632933974266052,0.6158145666122437,-0.24525977671146393,0.9429163336753845,0.5390030741691589,0.6175519824028015,-0.19995363056659698,0.8474808931350708,0.556914210319519,0.6050921082496643,-0.2603127956390381,0.9442070126533508,0.5439521670341492,0.6087541580200195,-0.21500639617443085,0.8456147313117981,0.5584098100662231,0.5972903966903687,-0.2224685400724411,0.9236732721328735,0.5423537492752075,0.6006549596786499,-0.18214792013168335,0.8149785399436951,0.5809910893440247,0.5855381488800049,-0.005141788627952337,0.9994165301322937,0.5354417562484741,0.5802204608917236,0.005023060366511345,0.9995131492614746,0.5762757062911987,0.749489963054657,0.0008374169701710343,0.9923427700996399,0.5268667340278625,0.7446733117103577,0.021230189129710197,0.995654821395874,0.5760149359703064,0.8786776661872864,0.15627847611904144,0.993054211139679,0.5210147500038147,0.88117516040802,0.1592646986246109,0.9931521415710449,0.5698918104171753,0.8915302753448486,0.16632243990898132,0.9341463446617126,0.5240859389305115,0.8918985724449158,0.16847018897533417,0.849956214427948,0.5827981233596802,0.9336228370666504,0.06562406569719315,0.9870427250862122,0.5259004831314087,0.9358252286911011,0.0672139823436737,0.9857178330421448
15500.000000000104,0.5452536344528198,0.3093879520893097,-0.3397717773914337,0.9999745488166809,0.5503403544425964,0.2921695113182068,-0.3366304039955139,0.9999166131019592,0.5539757609367371,0.29185765981674194,-0.3366085886955261,0.9999205470085144,0.5579736232757568,0.2914244830608368,-0.33663541078567505,0.9999182224273682,0.5428673028945923,0.29298967123031616,-0.32679566740989685,0.9999091625213623,0.5409230589866638,0.2931349277496338,-0.32686200737953186,0.999909520149231,0.5389630198478699,0.29328688979148865,-0.3269161283969879,0.9999099969863892,0.5695517063140869,0.29603177309036255,-0.2717280089855194,0.9998492002487183,0.5424916744232178,0.29768243432044983,-0.22774145007133484,0.9998258948326111,0.5525824427604675,0.32330065965652466,-0.3125152289867401,0.9999743700027466,0.5440587997436523,0.3241206109523773,-0.2999074161052704,0.9999683499336243,0.6077834963798523,0.38357678055763245,-0.19620533287525177,0.9999338388442993,0.5252751111984253,0.38160961866378784,-0.15094980597496033,0.9999253153800964,0.6084967851638794,0.5057056546211243,-0.17067937552928925,0.9927572011947632,0.5124439001083374,0.4944468140602112,-0.11192476749420166,0.9657055735588074,0.5735872983932495,0.5861660242080688,-0.22042341530323029,0.9791122674942017,0.5278624892234802,0.5896546840667725,-0.17450402677059174,0.9167813062667847,0.5632901787757874,0.6123448610305786,-0.24868227541446686,0.9441369771957397,0.5390042662620544,0.6179284453392029,-0.19850434362888336,0.8464900255203247,0.5568550825119019,0.6016713976860046,-0.26251140236854553,0.9453900456428528,0.5439100861549377,0.6088770627975464,-0.21388815343379974,0.8445543646812439,0.5582576394081116,0.5941677093505859,-0.22492241859436035,0.9250821471214294,0.542305052280426,0.6008139848709106,-0.1810023933649063,0.8139640092849731,0.5809555649757385,0.5844717025756836,-0.0052847061306238174,0.9994089007377625,0.5354354977607727,0.5796160101890564,0.005164621863514185,0.9995065927505493,0.5762068033218384,0.74941086769104,0.0007341130985878408,0.9921964406967163,0.5267100930213928,0.7446765303611755,0.02134939283132553,0.9954739212989807,0.5760213732719421,0.8786773681640625,0.15128378570079803,0.9929086565971375,0.5209805965423584,0.8817377090454102,0.1569666862487793,0.9929599761962891,0.569927990436554,0.8915331363677979,0.16078490018844604,0.9328309297561646,0.524088442325592,0.8926209807395935,0.1657419055700302,0.8477879762649536,0.5828140377998352,0.933559775352478,0.05908938869833946,0.9867323637008667,0.5258867144584656,0.9362242817878723,0.06398006528615952,0.9853277206420898
15533.333333333438,0.5452532172203064,0.3092048168182373,-0.33903437852859497,0.9999756813049316,0.5503400564193726,0.2919772267341614,-0.33630234003067017,0.999920666217804,0.5539761185646057,0.2916789650917053,-0.3362804353237152,0.9999244213104248,0.5579745173454285,0.2912512421607971,-0.33630484342575073,0.9999223351478577,0.5428546667098999,0.2927291691303253,-0.3261937201023102,0.9999134540557861,0.5408898591995239,0.29283031821250916,-0.32626157999038696,0.9999136328697205,0.538905143737793,0.2929481863975525,-0.32631829380989075,0.9999139308929443,0.5695512890815735,0.2959183156490326,-0.2700425088405609,0.9998564124107361,0.5423673987388611,0.2974918484687805,-0.22739773988723755,0.9998327493667603,0.5525738596916199,0.32321834564208984,-0.312126100063324,0.9999755620956421,0.5440414547920227,0.3239823877811432,-0.2991982400417328,0.9999696612358093,0.6077585220336914,0.3836010694503784,-0.19446875154972076,0.9999365210533142,0.5252594351768494,0.38165998458862305,-0.14886409044265747,0.9999252557754517,0.608703076839447,0.5054097771644592,-0.1702510416507721,0.9930825233459473,0.5124371647834778,0.4944736659526825,-0.10861977934837341,0.9654322862625122,0.5736103057861328,0.5819849967956543,-0.21946009993553162,0.9801959991455078,0.5275999307632446,0.5906399488449097,-0.17311042547225952,0.9174776077270508,0.5633534789085388,0.6087669730186462,-0.2475714534521103,0.9466460943222046,0.5387545228004456,0.6190471053123474,-0.1966426819562912,0.8474043607711792,0.5568560361862183,0.5980921387672424,-0.2617264688014984,0.9478404521942139,0.5433178544044495,0.6093027591705322,-0.2124505490064621,0.8454649448394775,0.5582208633422852,0.5903813242912292,-0.2240494191646576,0.928207278251648,0.5417314767837524,0.6010605692863464,-0.17968691885471344,0.8153853416442871,0.580937385559082,0.5805995464324951,-0.005728422198444605,0.9994078874588013,0.5354843735694885,0.5769336223602295,0.005604074336588383,0.9995003938674927,0.5761860013008118,0.7461666464805603,-0.0025729595217853785,0.9920682907104492,0.5266958475112915,0.742343008518219,0.019824324175715446,0.995200514793396,0.5761139392852783,0.878526508808136,0.13218551874160767,0.9927693009376526,0.520999550819397,0.8817325830459595,0.14216303825378418,0.9927476644515991,0.570148229598999,0.8915293216705322,0.1399909406900406,0.9313181638717651,0.5241519212722778,0.8926569819450378,0.14945629239082336,0.8460538983345032,0.5828437209129333,0.9335340261459351,0.03851809725165367,0.9863536953926086,0.5257121324539185,0.9362487196922302,0.048815805464982986,0.9849005341529846
15566.666666666772,0.5452540516853333,0.30934298038482666,-0.3378823399543762,0.999976634979248,0.5503384470939636,0.292031466960907,-0.3349526524543762,0.9999240040779114,0.5539751648902893,0.2917422354221344,-0.33493250608444214,0.9999275207519531,0.5579753518104553,0.29134318232536316,-0.33495813608169556,0.9999256134033203,0.5428386330604553,0.29277369379997253,-0.32511022686958313,0.9999168515205383,0.5408660173416138,0.29287487268447876,-0.32517239451408386,0.9999168515205383,0.53887939453125,0.2929764986038208,-0.32522526383399963,0.9999169707298279,0.5695516467094421,0.29597026109695435,-0.2682988941669464,0.9998621344566345,0.5423654317855835,0.29749608039855957,-0.22607755661010742,0.9998378157615662,0.5525758862495422,0.3233101963996887,-0.31044456362724304,0.9999765753746033,0.5440418124198914,0.3241673409938812,-0.29788339138031006,0.9999707341194153,0.6076728105545044,0.3835785388946533,-0.19211101531982422,0.9999394416809082,0.5252619385719299,0.3816621005535126,-0.14595992863178253,0.9999260902404785,0.6090149283409119,0.5051825642585754,-0.16878823935985565,0.9933875203132629,0.5123956203460693,0.49456238746643066,-0.10511592775583267,0.965217113494873,0.5735092163085938,0.5792297124862671,-0.21909169852733612,0.9813013672828674,0.5267776250839233,0.5916171073913574,-0.17143864929676056,0.9191078543663025,0.5633551478385925,0.6061212420463562,-0.24712704122066498,0.94925457239151,0.5377325415611267,0.6206375956535339,-0.1949617862701416,0.8501412272453308,0.5567882657051086,0.5946875214576721,-0.2611789107322693,0.9503762722015381,0.5421020984649658,0.6096622943878174,-0.21127931773662567,0.8482068777084351,0.5580883026123047,0.5865185856819153,-0.22357630729675293,0.9314588308334351,0.5406721234321594,0.6011695265769958,-0.1782035082578659,0.8186602592468262,0.5807927250862122,0.5794690251350403,-0.005804185755550861,0.9994153380393982,0.5354950428009033,0.5761830806732178,0.005678208544850349,0.9995023608207703,0.5761101245880127,0.7447668313980103,-0.0032787034288048744,0.9919929504394531,0.5265576243400574,0.7421925067901611,0.019594402983784676,0.9950540065765381,0.5761168003082275,0.8784228563308716,0.13339993357658386,0.9927037358283997,0.5209140181541443,0.881464421749115,0.14383217692375183,0.992669939994812,0.5701430439949036,0.8915089964866638,0.14164718985557556,0.9310773015022278,0.5241307616233826,0.89249587059021,0.1515803188085556,0.8458986282348633,0.5828711986541748,0.9335026144981384,0.041470952332019806,0.9861725568771362,0.5254766345024109,0.9359338283538818,0.05172479897737503,0.9847373366355896
15600.000000000106,0.5452638864517212,0.3100087344646454,-0.3302973806858063,0.9999780058860779,0.5503396391868591,0.29242512583732605,-0.3271803855895996,0.9999284744262695,0.5539809465408325,0.29210731387138367,-0.32716184854507446,0.9999316930770874,0.5579847693443298,0.29171666502952576,-0.32717984914779663,0.9999299645423889,0.5428240299224854,0.2931831181049347,-0.3175911605358124,0.9999215006828308,0.5408334136009216,0.2932571470737457,-0.3176429569721222,0.9999212622642517,0.5388442873954773,0.2932811379432678,-0.3176884353160858,0.9999212622642517,0.569541871547699,0.2961617112159729,-0.2605096697807312,0.999870240688324,0.54226154088974,0.2976031005382538,-0.21824797987937927,0.9998454451560974,0.552583634853363,0.32380813360214233,-0.30236050486564636,0.9999780058860779,0.5440430045127869,0.3249087631702423,-0.2901177704334259,0.9999723434448242,0.6074796915054321,0.3833686113357544,-0.18545345962047577,0.9999434351921082,0.525099515914917,0.38188037276268005,-0.1352868378162384,0.9999282956123352,0.6094553470611572,0.5045853853225708,-0.1613713651895523,0.9937350749969482,0.5123955011367798,0.49476543068885803,-0.09160328656435013,0.9645715355873108,0.5735300183296204,0.5732748508453369,-0.2163715809583664,0.9825195670127869,0.5248563289642334,0.5920580625534058,-0.16049759089946747,0.9206977486610413,0.5636327266693115,0.6008470058441162,-0.24413196742534637,0.9522315263748169,0.5340837240219116,0.621491014957428,-0.1836928427219391,0.8530882000923157,0.556837260723114,0.5882449746131897,-0.2574554681777954,0.9532735347747803,0.538648247718811,0.6106190085411072,-0.2012026160955429,0.8511931896209717,0.5580885410308838,0.5796364545822144,-0.22032515704631805,0.935215175151825,0.5377892255783081,0.6016815304756165,-0.1678832471370697,0.8221908807754517,0.580668568611145,0.5788407921791077,-0.005989908240735531,0.9994282722473145,0.5355038046836853,0.5756613612174988,0.005864070262759924,0.9995085000991821,0.5755342841148376,0.7426759600639343,-0.005394815932959318,0.9920909404754639,0.5264382362365723,0.7417063117027283,0.01744779758155346,0.9950382709503174,0.5761072039604187,0.878136396408081,0.13115648925304413,0.9927910566329956,0.5209124684333801,0.881457507610321,0.1405913382768631,0.9927611351013184,0.5701107382774353,0.891313374042511,0.13938260078430176,0.9317035675048828,0.5241262316703796,0.8924940824508667,0.1481190174818039,0.8476564288139343,0.5828342437744141,0.9332900047302246,0.0389229916036129,0.986312747001648,0.5254486203193665,0.9358034729957581,0.048034485429525375,0.9849246740341187
15633.33333333344,0.545279324054718,0.31000441312789917,-0.32292234897613525,0.9999789595603943,0.5503610968589783,0.29240739345550537,-0.3196774423122406,0.9999319911003113,0.5540075302124023,0.29210197925567627,-0.3196641206741333,0.99993497133255,0.558006227016449,0.29171812534332275,-0.31968259811401367,0.9999335408210754,0.5428275465965271,0.29313549399375916,-0.3098417818546295,0.9999248385429382,0.5408332347869873,0.29321321845054626,-0.30988842248916626,0.9999243021011353,0.538840651512146,0.2932361364364624,-0.30993345379829407,0.9999240636825562,0.5695268511772156,0.29616355895996094,-0.2545045018196106,0.9998769164085388,0.5422506928443909,0.2976016402244568,-0.21042890846729279,0.9998498558998108,0.5525974035263062,0.3238039016723633,-0.2956625819206238,0.9999791979789734,0.5440441966056824,0.32490265369415283,-0.2829919457435608,0.9999735355377197,0.6074303388595581,0.38334375619888306,-0.18257737159729004,0.9999470710754395,0.5249270796775818,0.38259339332580566,-0.12857283651828766,0.9999288320541382,0.6099310517311096,0.5035667419433594,-0.1616722196340561,0.9940382838249207,0.5123931765556335,0.49524858593940735,-0.08335492014884949,0.963245153427124,0.5737818479537964,0.5665167570114136,-0.2216920703649521,0.9836329221725464,0.5229821801185608,0.593197226524353,-0.15409190952777863,0.9211956262588501,0.5642298460006714,0.5953841805458069,-0.2505095303058624,0.9550095200538635,0.5304038524627686,0.6227177977561951,-0.17801111936569214,0.8544736504554749,0.557136595249176,0.5817262530326843,-0.2642614543437958,0.9559687376022339,0.5353877544403076,0.613811731338501,-0.1963682323694229,0.85263592004776,0.5582316517829895,0.5728943347930908,-0.22590628266334534,0.9387078285217285,0.5348962545394897,0.6040982604026794,-0.1620856076478958,0.8242049217224121,0.5806611776351929,0.5791184306144714,-0.006334967445582151,0.9994376301765442,0.5355082154273987,0.575752317905426,0.0062106274999678135,0.9995094537734985,0.575499951839447,0.7429681420326233,-0.007103945128619671,0.9921361804008484,0.5260304808616638,0.7413607239723206,0.017228947952389717,0.9949808120727539,0.5762128829956055,0.8781543970108032,0.136042520403862,0.9927536845207214,0.520912230014801,0.8813933730125427,0.14420318603515625,0.9927219152450562,0.5701866745948792,0.8913078308105469,0.14485222101211548,0.9308118224143982,0.5241395235061646,0.892306387424469,0.15220727026462555,0.847442626953125,0.5828349590301514,0.9333596229553223,0.04381382092833519,0.986232578754425,0.5254319310188293,0.9357616305351257,0.051819246262311935,0.984902024269104
15666.666666666773,0.5452229976654053,0.30989012122154236,-0.30922701954841614,0.9999799132347107,0.5502973794937134,0.29225078225135803,-0.30660778284072876,0.9999354481697083,0.5539368391036987,0.29199883341789246,-0.3065941631793976,0.9999381303787231,0.5579347610473633,0.2916743755340576,-0.3066059947013855,0.9999368786811829,0.5427419543266296,0.29294705390930176,-0.2960420548915863,0.9999281167984009,0.5407314300537109,0.29304417967796326,-0.29608482122421265,0.9999273419380188,0.5387240052223206,0.29306671023368835,-0.2961282730102539,0.9999269843101501,0.569442093372345,0.2961621880531311,-0.24524715542793274,0.9998830556869507,0.5422053933143616,0.297561377286911,-0.19772553443908691,0.999854564666748,0.5525871515274048,0.3237522542476654,-0.2835182547569275,0.9999802708625793,0.5439995527267456,0.32482898235321045,-0.26983657479286194,0.9999746084213257,0.6072901487350464,0.3831402659416199,-0.17543157935142517,0.9999502301216125,0.5246678590774536,0.38359344005584717,-0.117872454226017,0.9999294281005859,0.6101506352424622,0.5024192333221436,-0.15620166063308716,0.9942572116851807,0.5123465657234192,0.495700478553772,-0.07052304595708847,0.9620999693870544,0.5742931365966797,0.5599404573440552,-0.22101040184497833,0.9846026301383972,0.5207328796386719,0.5943163633346558,-0.14196424186229706,0.9219580888748169,0.5647546648979187,0.5891243815422058,-0.24973565340042114,0.9574888348579407,0.5261533260345459,0.6236129403114319,-0.16570135951042175,0.8561314940452576,0.5577201247215271,0.5741152167320251,-0.26389914751052856,0.9583726525306702,0.5324316024780273,0.6156947016716003,-0.1842915266752243,0.8543363213539124,0.5587256550788879,0.5650923848152161,-0.22539584338665009,0.9417681694030762,0.5322741866111755,0.6058784127235413,-0.150114968419075,0.8264462947845459,0.5806624293327332,0.5793046951293945,-0.00659915478900075,0.9994456171989441,0.5355092883110046,0.5755445957183838,0.006473000627011061,0.9995101690292358,0.5754234194755554,0.7441045641899109,-0.01151567604392767,0.9922513365745544,0.5257653594017029,0.741347074508667,0.014917992986738682,0.9949939846992493,0.5762127637863159,0.8788034915924072,0.1354091614484787,0.9928014278411865,0.5205640196800232,0.8813649415969849,0.14475832879543304,0.9927564263343811,0.5701329708099365,0.8919236063957214,0.14448410272598267,0.9304236173629761,0.5238432288169861,0.8922898173332214,0.15290866792201996,0.8479673266410828,0.5828906297683716,0.9342485070228577,0.04149676114320755,0.9862747192382812,0.5253039598464966,0.9354468584060669,0.05156586319208145,0.9849989414215088
15700.000000000107,0.545120120048523,0.30960479378700256,-0.30931714177131653,0.9999813437461853,0.5502176880836487,0.2919672131538391,-0.30584728717803955,0.9999402761459351,0.5538761019706726,0.291823148727417,-0.30583563446998596,0.9999426603317261,0.5578842759132385,0.2916027903556824,-0.3058438003063202,0.9999415874481201,0.5425921082496643,0.29252535104751587,-0.29563018679618835,0.9999330639839172,0.5405313968658447,0.292623907327652,-0.2956686317920685,0.9999321699142456,0.5384523868560791,0.2926366627216339,-0.2957034111022949,0.9999316334724426,0.5693550109863281,0.2961662709712982,-0.24046404659748077,0.9998918771743774,0.5418750047683716,0.29745954275131226,-0.1944761425256729,0.9998635649681091,0.5525242686271667,0.3236544728279114,-0.2822979986667633,0.9999818205833435,0.5438541769981384,0.3246833384037018,-0.26905936002731323,0.999976396560669,0.6068462133407593,0.3830362856388092,-0.16957828402519226,0.9999541640281677,0.5242587924003601,0.3846450448036194,-0.1126544326543808,0.9999324083328247,0.6103634238243103,0.5010330080986023,-0.15660221874713898,0.9945558309555054,0.5123351216316223,0.4965399205684662,-0.062366191297769547,0.9614436030387878,0.5748331546783447,0.5537958741188049,-0.236827552318573,0.9857024550437927,0.5189493894577026,0.5969613194465637,-0.13492487370967865,0.923209547996521,0.5653313994407654,0.5834837555885315,-0.26794084906578064,0.960355818271637,0.5233743190765381,0.6260663270950317,-0.1590145230293274,0.8585617542266846,0.5583646297454834,0.5666438341140747,-0.28289806842803955,0.9611651301383972,0.5300706028938293,0.6194241642951965,-0.17882193624973297,0.8568142652511597,0.5593788027763367,0.5573260188102722,-0.24203631281852722,0.9454253911972046,0.529972493648529,0.609495222568512,-0.14362186193466187,0.8294187188148499,0.5805379152297974,0.5800579190254211,-0.006417825352400541,0.9994705319404602,0.5353291630744934,0.5759162902832031,0.0062919543124735355,0.9995251297950745,0.575370728969574,0.7465620040893555,-0.011619015596807003,0.9924169182777405,0.5257342457771301,0.7417134642601013,0.011840520426630974,0.9951105713844299,0.5761314034461975,0.8794724345207214,0.14230237901210785,0.9928622841835022,0.5205563306808472,0.8813336491584778,0.14759685099124908,0.9928410053253174,0.5697961449623108,0.8927817940711975,0.15274649858474731,0.9305140972137451,0.5238465070724487,0.8922211527824402,0.15664802491664886,0.8490623235702515,0.5829091668128967,0.9347929358482361,0.0454811193048954,0.9864098429679871,0.5252540707588196,0.935427188873291,0.052488747984170914,0.985228955745697
15733.333333333441,0.5451231598854065,0.30952152609825134,-0.3043173849582672,0.9999827742576599,0.5502195954322815,0.2918737828731537,-0.299176961183548,0.9999449849128723,0.5538980960845947,0.29176437854766846,-0.2991732954978943,0.9999471306800842,0.5579202175140381,0.2915826439857483,-0.2991737723350525,0.9999461770057678,0.5425221920013428,0.2923916280269623,-0.2897687256336212,0.9999380707740784,0.5403862595558167,0.2925029695034027,-0.2897982895374298,0.9999369978904724,0.5382038950920105,0.29251065850257874,-0.2898224890232086,0.9999362826347351,0.5693201422691345,0.2961663603782654,-0.22679828107357025,0.9999005794525146,0.5409866571426392,0.2974340617656708,-0.18459059298038483,0.9998728632926941,0.5525477528572083,0.3236218988895416,-0.2749633193016052,0.9999833703041077,0.5438019037246704,0.32467368245124817,-0.26278963685035706,0.999978244304657,0.606361985206604,0.3826878070831299,-0.15698257088661194,0.9999580979347229,0.5237787961959839,0.38505876064300537,-0.09941310435533524,0.9999363422393799,0.610847532749176,0.4990392029285431,-0.15480336546897888,0.9948835372924805,0.5123328566551208,0.4965708553791046,-0.04578981176018715,0.9611663818359375,0.5756751894950867,0.5470183491706848,-0.25171664357185364,0.9868128895759583,0.5158118009567261,0.5967522263526917,-0.12208209186792374,0.9253609776496887,0.5658836960792542,0.5777906179428101,-0.28453800082206726,0.9633132219314575,0.5192638635635376,0.6258155703544617,-0.14614687860012054,0.8627578616142273,0.5589808225631714,0.5605289936065674,-0.29898229241371155,0.9640507698059082,0.5257994532585144,0.6196871995925903,-0.16719835996627808,0.8610793948173523,0.5600833892822266,0.5510724186897278,-0.2571105360984802,0.9492642283439636,0.5260027647018433,0.6096749901771545,-0.1313038468360901,0.8341966271400452,0.5800924897193909,0.5831707119941711,-0.006119387689977884,0.9995002150535583,0.5350242257118225,0.5780364274978638,0.005998675245791674,0.9995431303977966,0.5752736926078796,0.7482321262359619,-0.013691776432096958,0.9925535321235657,0.5254601836204529,0.7417471408843994,0.0071558877825737,0.9952743053436279,0.5760935544967651,0.8795422315597534,0.1491822898387909,0.9928662180900574,0.5205336809158325,0.8807447552680969,0.15074868500232697,0.9929193258285522,0.5696799755096436,0.8928608298301697,0.1605648398399353,0.9308592081069946,0.5237380266189575,0.8917726278305054,0.16063663363456726,0.8506103157997131,0.5829384922981262,0.9348436594009399,0.05313587188720703,0.9865168333053589,0.5252293348312378,0.9350331425666809,0.05323624983429909,0.9854629635810852
15766.666666666775,0.5451056957244873,0.30946147441864014,-0.2968582808971405,0.999984085559845,0.5501965284347534,0.2917773127555847,-0.2912214994430542,0.9999493956565857,0.553896963596344,0.29169538617134094,-0.29122769832611084,0.9999513030052185,0.5579220056533813,0.2915503680706024,-0.29122573137283325,0.9999504685401917,0.5422948002815247,0.2922740578651428,-0.2814968228340149,0.9999427795410156,0.5400460362434387,0.2923921048641205,-0.2815171778202057,0.9999414682388306,0.5377259850502014,0.2924019396305084,-0.28153321146965027,0.9999406337738037,0.5692334771156311,0.29617127776145935,-0.21746693551540375,0.9999088644981384,0.5399397015571594,0.2974129617214203,-0.17337650060653687,0.9998818039894104,0.5525458455085754,0.3236164450645447,-0.2670142352581024,0.9999848008155823,0.5436657667160034,0.3246685862541199,-0.25435900688171387,0.9999800324440002,0.6058933734893799,0.3823992908000946,-0.1507880836725235,0.999961793422699,0.5232707858085632,0.3852999806404114,-0.08561290055513382,0.9999402761459351,0.6117282509803772,0.4973452091217041,-0.1558026373386383,0.9952307343482971,0.5122756361961365,0.49655377864837646,-0.029048074036836624,0.9609386324882507,0.5767684578895569,0.5430048108100891,-0.26907414197921753,0.9878919124603271,0.513041079044342,0.5965820550918579,-0.11003481596708298,0.9279117584228516,0.5665638446807861,0.5740332007408142,-0.3043292760848999,0.966219425201416,0.5156944394111633,0.6256334185600281,-0.1345343142747879,0.8675979375839233,0.5596147775650024,0.5570084452629089,-0.31795254349708557,0.9668881297111511,0.5221594572067261,0.6203010678291321,-0.15676602721214294,0.866023600101471,0.5607056021690369,0.5478821992874146,-0.27449214458465576,0.9530727863311768,0.5226390361785889,0.6101393699645996,-0.1198909729719162,0.839634120464325,0.579089343547821,0.5887734293937683,-0.006156156770884991,0.9995316863059998,0.5341090559959412,0.5826210379600525,0.00603988254442811,0.999562680721283,0.5750777721405029,0.7504461407661438,-0.012340129353106022,0.9926570057868958,0.524914026260376,0.7436509132385254,0.008734592236578465,0.995446503162384,0.5759832262992859,0.8794555068016052,0.16833320260047913,0.9928044676780701,0.5204809904098511,0.8802770376205444,0.17059944570064545,0.9929965138435364,0.5694831609725952,0.8925413489341736,0.18112322688102722,0.9310799241065979,0.5236912369728088,0.8910053968429565,0.18161411583423615,0.853132963180542,0.58297199010849,0.9346652626991272,0.07400526851415634,0.9865853190422058,0.5250403881072998,0.9346656799316406,0.07391724735498428,0.9857273101806641
15800.00000000011,0.544727623462677,0.30841341614723206,-0.28189659118652344,0.9999853372573853,0.5499347448348999,0.2909546494483948,-0.2773343026638031,0.9999536275863647,0.5536649227142334,0.29089784622192383,-0.27734309434890747,0.9999553561210632,0.557722806930542,0.290803998708725,-0.2773366868495941,0.9999545812606812,0.5418645143508911,0.29146668314933777,-0.2661999464035034,0.9999473094940186,0.5395156741142273,0.29158392548561096,-0.26621249318122864,0.999945878982544,0.5371178984642029,0.2916690707206726,-0.2662222981452942,0.9999449253082275,0.5689806342124939,0.2959473729133606,-0.21031619608402252,0.9999167919158936,0.5393608212471008,0.29692721366882324,-0.15953516960144043,0.9998907446861267,0.5522606372833252,0.32314062118530273,-0.2547650635242462,0.9999861717224121,0.5431597828865051,0.3239206373691559,-0.24013686180114746,0.999981701374054,0.6054995059967041,0.3821118474006653,-0.148245170712471,0.999965250492096,0.522954523563385,0.3854339122772217,-0.07578554004430771,0.9999443888664246,0.6128807067871094,0.49504056572914124,-0.15900789201259613,0.9955747723579407,0.5121999382972717,0.4963250160217285,-0.0171049777418375,0.9610880613327026,0.5786373019218445,0.5403741002082825,-0.2816196382045746,0.9889246225357056,0.5101618766784668,0.5966255068778992,-0.09807126969099045,0.9310736060142517,0.5677493214607239,0.5713002681732178,-0.3179977238178253,0.969029426574707,0.5128068923950195,0.627501904964447,-0.12228652834892273,0.8732857704162598,0.561233401298523,0.5543647408485413,-0.33121931552886963,0.9696316719055176,0.5187379717826843,0.6246955394744873,-0.1459430307149887,0.8718376755714417,0.5625482797622681,0.5456899404525757,-0.28700020909309387,0.9567837715148926,0.5192273259162903,0.6138635277748108,-0.10867523401975632,0.8462446928024292,0.57818603515625,0.5925745368003845,-0.0064483582973480225,0.9995648264884949,0.5329248905181885,0.5862067341804504,0.006341814063489437,0.9995869994163513,0.5749683380126953,0.752139687538147,-0.011730855330824852,0.9928539395332336,0.524797260761261,0.744871199131012,0.011012954637408257,0.9956470727920532,0.5757277607917786,0.8799465894699097,0.16930952668190002,0.99285888671875,0.5206096172332764,0.8802067637443542,0.17718985676765442,0.9931485652923584,0.5691710114479065,0.892875611782074,0.1816844344139099,0.9316203594207764,0.5241724252700806,0.8910375237464905,0.18811830878257751,0.8569525480270386,0.5829455256462097,0.9349502921104431,0.07469208538532257,0.986789882183075,0.525039553642273,0.9346667528152466,0.0823146179318428,0.9861512184143066
15833.333333333443,0.5443474650382996,0.30787429213523865,-0.2666858732700348,0.9999863505363464,0.5495402216911316,0.2905004024505615,-0.26277390122413635,0.9999570250511169,0.5533418655395508,0.29034551978111267,-0.26279065012931824,0.9999585747718811,0.5574626922607422,0.2901206910610199,-0.2627864181995392,0.9999579191207886,0.5412960648536682,0.2912198603153229,-0.2510510981082916,0.9999507665634155,0.5389038920402527,0.2913813591003418,-0.25106093287467957,0.9999491572380066,0.5364516377449036,0.2915281355381012,-0.2510742247104645,0.9999480247497559,0.5686131119728088,0.29559025168418884,-0.19876733422279358,0.9999234080314636,0.5387693047523499,0.2967885732650757,-0.1456737518310547,0.9998972415924072,0.5520821213722229,0.3226991295814514,-0.24063697457313538,0.9999873042106628,0.5427554845809937,0.323458194732666,-0.2253279983997345,0.9999830722808838,0.6046893000602722,0.3805225193500519,-0.14047494530677795,0.9999683499336243,0.5226042866706848,0.3848598599433899,-0.06131621077656746,0.9999476075172424,0.6141800284385681,0.4931177794933319,-0.15341275930404663,0.9958905577659607,0.5120709538459778,0.4955677092075348,0.0011348921107128263,0.9605059623718262,0.5795806646347046,0.5368080735206604,-0.2674539387226105,0.9898720979690552,0.5066639184951782,0.5965545773506165,-0.07974685728549957,0.9336329698562622,0.5690977573394775,0.5673450231552124,-0.30244094133377075,0.9716182947158813,0.5086455345153809,0.627505898475647,-0.10311169177293777,0.8782047033309937,0.5623714923858643,0.5523173213005066,-0.31568270921707153,0.9721627831459045,0.5143729448318481,0.6259095072746277,-0.1270500123500824,0.876915693283081,0.5637441277503967,0.5436946749687195,-0.2725491523742676,0.9602221846580505,0.5151442289352417,0.6146365404129028,-0.09056821465492249,0.8521105647087097,0.5777500867843628,0.5926159024238586,-0.006891435477882624,0.9995904564857483,0.5324952006340027,0.5869082808494568,0.00680013932287693,0.9996020197868347,0.5748933553695679,0.752717912197113,-0.012286562472581863,0.9927678108215332,0.5247336030006409,0.7453519701957703,0.011598755605518818,0.9957120418548584,0.5754983425140381,0.879885196685791,0.1680305451154709,0.9924629330635071,0.520587146282196,0.8801913857460022,0.17245596647262573,0.9929564595222473,0.5688285827636719,0.8927960991859436,0.1805560439825058,0.9298800230026245,0.5241714119911194,0.8909122347831726,0.18309694528579712,0.8565387725830078,0.5829467177391052,0.9348062872886658,0.07621857523918152,0.9862881898880005,0.5248544812202454,0.9345713257789612,0.07879427075386047,0.9859327077865601
15866.666666666777,0.543303906917572,0.30673086643218994,-0.26174288988113403,0.9999870657920837,0.5486478805541992,0.2896038889884949,-0.2586774230003357,0.9999597072601318,0.5523281097412109,0.28922101855278015,-0.2586926221847534,0.9999611377716064,0.5565392971038818,0.28880274295806885,-0.25868475437164307,0.9999605417251587,0.5403825044631958,0.2905797064304352,-0.24633432924747467,0.9999533295631409,0.5379841923713684,0.2908617854118347,-0.24634331464767456,0.9999514818191528,0.5355738401412964,0.2910749614238739,-0.24636106193065643,0.999950110912323,0.5680102109909058,0.2948695719242096,-0.1981157511472702,0.9999287128448486,0.5382319688796997,0.29629597067832947,-0.14225180447101593,0.999901294708252,0.5512311458587646,0.3219476342201233,-0.2369425892829895,0.9999882578849792,0.5419049859046936,0.3226102888584137,-0.22082901000976562,0.9999841451644897,0.6041075587272644,0.37981554865837097,-0.14163848757743835,0.9999710321426392,0.5220465064048767,0.38467341661453247,-0.057656046003103256,0.9999498724937439,0.6147005558013916,0.4913245737552643,-0.1537921130657196,0.9961429238319397,0.5120640993118286,0.4955933690071106,0.005978712812066078,0.9592336416244507,0.5801136493682861,0.5355618596076965,-0.2680448889732361,0.9906988739967346,0.5046574473381042,0.5965003967285156,-0.07572318613529205,0.935670793056488,0.5704250335693359,0.5673550367355347,-0.3029899299144745,0.973897397518158,0.5053542256355286,0.6275386810302734,-0.09864333271980286,0.8823177218437195,0.5631672739982605,0.5533562302589417,-0.3166791498661041,0.9743925333023071,0.5106269121170044,0.6269667744636536,-0.12316615134477615,0.8812458515167236,0.5644046664237976,0.5446406602859497,-0.27326807379722595,0.963224470615387,0.5118931531906128,0.6156009435653687,-0.08683248609304428,0.85712069272995,0.5777837038040161,0.5920923352241516,-0.007602530997246504,0.9996088743209839,0.5324665307998657,0.5864384174346924,0.007519406732171774,0.9996086359024048,0.5748860239982605,0.752629816532135,-0.016370780766010284,0.9926559329032898,0.5247308015823364,0.7450740337371826,0.009599631652235985,0.9956987500190735,0.575434684753418,0.8798980116844177,0.16434581577777863,0.99209064245224,0.5205989480018616,0.8801414966583252,0.16936667263507843,0.9927011728286743,0.5687941312789917,0.8928647637367249,0.17627142369747162,0.9272728562355042,0.5241714119911194,0.8908855319023132,0.17946673929691315,0.8549653887748718,0.5829551219940186,0.9348520636558533,0.0719362199306488,0.9857712388038635,0.5248584151268005,0.9344971179962158,0.0756598487496376,0.9856107831001282
15900.000000000111,0.5420504808425903,0.30562907457351685,-0.25996261835098267,0.9999874830245972,0.547650158405304,0.2887362241744995,-0.2576398253440857,0.9999614953994751,0.5511966943740845,0.2882162034511566,-0.2576531767845154,0.9999628663063049,0.5554453134536743,0.28775107860565186,-0.25763505697250366,0.999962329864502,0.5394881367683411,0.2898518741130829,-0.24442489445209503,0.9999545812606812,0.5371211767196655,0.2902206480503082,-0.24443179368972778,0.9999524354934692,0.5347856283187866,0.29045355319976807,-0.2444511353969574,0.9999507069587708,0.5675045251846313,0.29444995522499084,-0.2000027298927307,0.9999324083328247,0.53797447681427,0.29560741782188416,-0.1401059478521347,0.9999018311500549,0.5500277280807495,0.3213920593261719,-0.23623456060886383,0.9999889731407166,0.5408324599266052,0.32176658511161804,-0.21895359456539154,0.999984860420227,0.6038396954536438,0.3794512152671814,-0.14477457106113434,0.9999733567237854,0.5215041637420654,0.3841015100479126,-0.05562271550297737,0.9999517798423767,0.6150753498077393,0.49030449986457825,-0.16001877188682556,0.9963435530662537,0.5119979381561279,0.4955941140651703,0.011373556219041348,0.9575494527816772,0.5808414816856384,0.5351594090461731,-0.28330376744270325,0.9914225339889526,0.5026002526283264,0.5961712598800659,-0.07192226499319077,0.937404990196228,0.5726258158683777,0.5669000744819641,-0.3190244734287262,0.9759054780006409,0.5025670528411865,0.6271990537643433,-0.09534817188978195,0.8859347701072693,0.564696729183197,0.5536125898361206,-0.3336217701435089,0.9763582944869995,0.5076022744178772,0.6263439655303955,-0.12022275477647781,0.8851030468940735,0.5656670928001404,0.544884204864502,-0.2890620827674866,0.9658272862434387,0.5090830326080322,0.615121066570282,-0.0833306834101677,0.8614416718482971,0.5778092741966248,0.5908738374710083,-0.008167662657797337,0.9996263384819031,0.5324434041976929,0.5863414406776428,0.008087578229606152,0.9996175169944763,0.574880838394165,0.7499152421951294,-0.015565200708806515,0.9925848841667175,0.5248298048973083,0.7411211133003235,0.0027279623318463564,0.9957432746887207,0.575427770614624,0.8804053664207458,0.1620575487613678,0.9919906258583069,0.5207449197769165,0.8795656561851501,0.16256795823574066,0.9926738739013672,0.5687954425811768,0.8939223289489746,0.1736886352300644,0.925726056098938,0.5243232250213623,0.8905678987503052,0.1730792075395584,0.8552666306495667,0.5830360651016235,0.935385525226593,0.06190648302435875,0.9857261776924133,0.5249280333518982,0.9343757033348083,0.06411845237016678,0.9857565760612488
15933.333333333445,0.541624903678894,0.30531659722328186,-0.2609589397907257,0.9999878406524658,0.5471776127815247,0.2883479595184326,-0.25867143273353577,0.9999630451202393,0.5507185459136963,0.287740021944046,-0.2586846947669983,0.9999643564224243,0.5550128817558289,0.2872268259525299,-0.25866860151290894,0.9999638795852661,0.5389728546142578,0.2895583510398865,-0.2456199675798416,0.9999555945396423,0.536588728427887,0.28996190428733826,-0.24562843143939972,0.9999532103538513,0.5342521071434021,0.29020994901657104,-0.24564829468727112,0.9999510645866394,0.5670463442802429,0.29407045245170593,-0.20097294449806213,0.9999357461929321,0.537523627281189,0.2952793836593628,-0.14173303544521332,0.9999021291732788,0.5495625734329224,0.3211306035518646,-0.23712871968746185,0.9999896287918091,0.540295422077179,0.32142844796180725,-0.22005757689476013,0.9999854564666748,0.60366290807724,0.379369854927063,-0.14565443992614746,0.9999755024909973,0.5204861760139465,0.38408300280570984,-0.05786051228642464,0.9999536275863647,0.6154709458351135,0.48891517519950867,-0.16148757934570312,0.9965279698371887,0.5119869112968445,0.49577412009239197,0.009968504309654236,0.9561553001403809,0.5818735361099243,0.5369296669960022,-0.2828199565410614,0.9920670986175537,0.5012333393096924,0.5961164832115173,-0.07238669693470001,0.9390078783035278,0.5747281312942505,0.5688906311988831,-0.3183477222919464,0.9777026176452637,0.5002346634864807,0.6271016597747803,-0.09601359814405441,0.8894063830375671,0.5666198134422302,0.5555474162101746,-0.3336471915245056,0.9781167507171631,0.5051667094230652,0.6263594627380371,-0.12141479551792145,0.8888059258460999,0.567095935344696,0.5466350317001343,-0.2888297736644745,0.9681691527366638,0.5070377588272095,0.6149714589118958,-0.08404839038848877,0.8656176328659058,0.5777682662010193,0.590814471244812,-0.008213183842599392,0.9996423125267029,0.5321992039680481,0.5861136317253113,0.008134436793625355,0.9996261596679688,0.5747055411338806,0.7490354180335999,-0.014948001131415367,0.9924915432929993,0.5248324871063232,0.7400386929512024,-0.00015564968634862453,0.9957897663116455,0.5753556489944458,0.8804371953010559,0.1614125519990921,0.9918267726898193,0.5205875635147095,0.8794459104537964,0.15718798339366913,0.9926277995109558,0.5686759352684021,0.8941183090209961,0.17295722663402557,0.9238181710243225,0.5238824486732483,0.8905607461929321,0.16758055984973907,0.8547053933143616,0.5831811428070068,0.9357302784919739,0.05983056500554085,0.9855772256851196,0.5249988436698914,0.934703528881073,0.05820023640990257,0.9858329892158508
15966.666666666779,0.5411486029624939,0.30520129203796387,-0.26323965191841125,0.999988317489624,0.5466436147689819,0.28811806440353394,-0.26110607385635376,0.999964714050293,0.5502132177352905,0.28741833567619324,-0.26111629605293274,0.9999659657478333,0.5545468926429749,0.28681480884552,-0.2611013352870941,0.9999655485153198,0.5383675694465637,0.28942540287971497,-0.24819731712341309,0.9999569654464722,0.5359243154525757,0.28985774517059326,-0.24820727109909058,0.9999544620513916,0.5335899591445923,0.29012253880500793,-0.24822741746902466,0.9999520778656006,0.5664738416671753,0.29364362359046936,-0.20378725230693817,0.9999391436576843,0.5367791056632996,0.295147180557251,-0.14540494978427887,0.9999036192893982,0.5490780472755432,0.32094746828079224,-0.2395365685224533,0.9999902844429016,0.5396614670753479,0.32125020027160645,-0.22269000113010406,0.9999861121177673,0.6033999919891357,0.3793741464614868,-0.14698916673660278,0.9999774694442749,0.5200517773628235,0.3840218186378479,-0.06170893460512161,0.999955415725708,0.6156313419342041,0.4883236885070801,-0.16042600572109222,0.9966923594474792,0.5118421316146851,0.4958389401435852,0.004980950150638819,0.9550111293792725,0.5835962891578674,0.5383312702178955,-0.27396106719970703,0.9926317930221558,0.5004047155380249,0.5960930585861206,-0.07591533660888672,0.9405649304389954,0.5772732496261597,0.5695525407791138,-0.30830466747283936,0.9792622327804565,0.49871179461479187,0.6271036267280579,-0.09877322614192963,0.8927136063575745,0.569649875164032,0.5580036044120789,-0.32314765453338623,0.9796429872512817,0.5033835172653198,0.6265704035758972,-0.12389197200536728,0.8923232555389404,0.5696467161178589,0.5474634170532227,-0.27962109446525574,0.9702051281929016,0.5055152177810669,0.6149519085884094,-0.08734027296304703,0.8696486949920654,0.5777460336685181,0.5884960293769836,-0.008212209679186344,0.9996524453163147,0.5318204164505005,0.5836755633354187,0.008132797665894032,0.9996284246444702,0.5744365453720093,0.7481299638748169,-0.015648292377591133,0.9923530220985413,0.5251379609107971,0.7369649410247803,-0.0019023603526875377,0.9957635998725891,0.5754016637802124,0.8804875016212463,0.14893466234207153,0.991647481918335,0.5207775831222534,0.8794598579406738,0.14691062271595,0.9924270510673523,0.5687854290008545,0.8944099545478821,0.15931156277656555,0.9213534593582153,0.5239443778991699,0.8907429575920105,0.1564941704273224,0.8517320156097412,0.583256721496582,0.9358155131340027,0.04884954169392586,0.9853267669677734,0.5253728032112122,0.9349265098571777,0.04842846468091011,0.9856130480766296
16000.000000000113,0.5402993559837341,0.30520766973495483,-0.25161561369895935,0.9999887347221375,0.5456631779670715,0.2880208194255829,-0.24998493492603302,0.9999661445617676,0.5492334365844727,0.2872641086578369,-0.24999620020389557,0.9999673962593079,0.5534955263137817,0.2865805923938751,-0.24997712671756744,0.9999670386314392,0.537493109703064,0.2893992066383362,-0.23667018115520477,0.9999580383300781,0.5350486040115356,0.28984442353248596,-0.23667797446250916,0.9999554753303528,0.5328250527381897,0.29011788964271545,-0.23669718205928802,0.9999528527259827,0.5656375885009766,0.293350487947464,-0.19633470475673676,0.999941885471344,0.5361053943634033,0.29512831568717957,-0.13602711260318756,0.9999039173126221,0.5482121109962463,0.3209056556224823,-0.2293766885995865,0.9999907612800598,0.53883296251297,0.3212296962738037,-0.21196721494197845,0.9999865889549255,0.6025434136390686,0.3789941370487213,-0.14195774495601654,0.9999791979789734,0.5197808742523193,0.38391104340553284,-0.05722355842590332,0.9999566674232483,0.6155912280082703,0.4877309799194336,-0.15040503442287445,0.9968050122261047,0.5115745663642883,0.4958396553993225,0.008738096803426743,0.9530474543571472,0.5855876803398132,0.5432476997375488,-0.2574862837791443,0.9930951595306396,0.5000393390655518,0.5959702134132385,-0.07040882110595703,0.9415058493614197,0.5810179114341736,0.5757612586021423,-0.2913571298122406,0.9805648326873779,0.49778202176094055,0.6270506978034973,-0.09338412433862686,0.8951797485351562,0.5731427073478699,0.5672566890716553,-0.30996260046958923,0.9809203743934631,0.5024049282073975,0.6268141269683838,-0.11958848685026169,0.8950594067573547,0.5724586248397827,0.555263876914978,-0.2646951973438263,0.9719194769859314,0.5047443509101868,0.6150028109550476,-0.08237278461456299,0.872886061668396,0.5775860548019409,0.5869545936584473,-0.008159725926816463,0.9996649026870728,0.5315555930137634,0.5824860334396362,0.008083758875727654,0.9996352195739746,0.5742044448852539,0.746370792388916,-0.015340062789618969,0.9922370910644531,0.5251390933990479,0.7363778948783875,-0.0007562028476968408,0.9957234263420105,0.5753281712532043,0.8804765343666077,0.14646746218204498,0.9915086030960083,0.5207411646842957,0.8792796730995178,0.14635488390922546,0.9922853708267212,0.5687850117683411,0.8944074511528015,0.156624898314476,0.9195722341537476,0.5237725377082825,0.8905948996543884,0.15575726330280304,0.8499489426612854,0.5832861065864563,0.935883104801178,0.04838564619421959,0.9851765036582947,0.5253785252571106,0.9350958466529846,0.049620356410741806,0.9855213761329651
16033.333333333447,0.5397239923477173,0.30524492263793945,-0.24328406155109406,0.9999890923500061,0.5449797511100769,0.2880266308784485,-0.2421542853116989,0.9999671578407288,0.548538088798523,0.2872675359249115,-0.2421639859676361,0.9999682903289795,0.5527207255363464,0.2865733504295349,-0.24214914441108704,0.9999681115150452,0.5368503332138062,0.2894085645675659,-0.2290777862071991,0.9999589323997498,0.5343990325927734,0.2898581624031067,-0.22908933460712433,0.9999561905860901,0.5322266817092896,0.29014134407043457,-0.22910912334918976,0.99995356798172,0.5648735761642456,0.2932755649089813,-0.19118812680244446,0.9999437928199768,0.5353861451148987,0.2951282560825348,-0.1318834275007248,0.9999035596847534,0.547511637210846,0.3209063708782196,-0.2219552844762802,0.9999910593032837,0.5381666421890259,0.32123398780822754,-0.20483551919460297,0.9999868273735046,0.6017014980316162,0.37852743268013,-0.1386098563671112,0.9999805688858032,0.5193183422088623,0.3838405907154083,-0.05556323006749153,0.9999576807022095,0.6155568361282349,0.48759984970092773,-0.1308993697166443,0.9968941807746887,0.5111532211303711,0.4958514869213104,0.008561506867408752,0.9511290192604065,0.5863417387008667,0.554143488407135,-0.21430259943008423,0.9934403300285339,0.49948301911354065,0.5959172248840332,-0.06715060770511627,0.9422855377197266,0.5834304094314575,0.5869306921958923,-0.24466562271118164,0.981533408164978,0.49684733152389526,0.6274200081825256,-0.08892062306404114,0.897336483001709,0.575258195400238,0.5796017646789551,-0.2648911476135254,0.981877863407135,0.5012875199317932,0.6279258728027344,-0.11588744074106216,0.8975117206573486,0.5738310217857361,0.5687758922576904,-0.22178123891353607,0.9732387065887451,0.5036672949790955,0.615852952003479,-0.07935026288032532,0.8759526610374451,0.5769692063331604,0.5868880152702332,-0.00803765095770359,0.9996716380119324,0.5307019948959351,0.5824061632156372,0.00796192605048418,0.9996403455734253,0.5739500522613525,0.7477813363075256,-0.016998259350657463,0.9921826124191284,0.5251672267913818,0.7377132773399353,0.0006030981312505901,0.9956871271133423,0.5753030776977539,0.8807706832885742,0.13644106686115265,0.9913843274116516,0.5207424163818359,0.8797494769096375,0.1419120728969574,0.9921759963035583,0.5687803030014038,0.8946113586425781,0.14578279852867126,0.9184447526931763,0.523777961730957,0.8911358714103699,0.15042540431022644,0.8494901061058044,0.5833818316459656,0.9359241127967834,0.04138999059796333,0.9849885106086731,0.5252308249473572,0.9351857304573059,0.04796120151877403,0.9853901267051697
16066.66666666678,0.5390379428863525,0.30528268218040466,-0.24469950795173645,0.9999894499778748,0.5441474914550781,0.2880309224128723,-0.24380259215831757,0.9999680519104004,0.5477006435394287,0.2872801721096039,-0.24380825459957123,0.9999691247940063,0.5517587065696716,0.2865877151489258,-0.24379192292690277,0.9999690651893616,0.5361522436141968,0.2894207835197449,-0.2306251972913742,0.9999599456787109,0.5337478518486023,0.2898682653903961,-0.2306402176618576,0.9999571442604065,0.5316525101661682,0.29015469551086426,-0.2306603491306305,0.9999545216560364,0.5640245676040649,0.29323017597198486,-0.19370359182357788,0.9999450445175171,0.5347024202346802,0.295119971036911,-0.13442672789096832,0.9999036192893982,0.5466187000274658,0.3209165930747986,-0.2237326204776764,0.999991238117218,0.5374164581298828,0.32123902440071106,-0.20658232271671295,0.9999869465827942,0.6008374094963074,0.3780208230018616,-0.14060430228710175,0.9999815225601196,0.5188223719596863,0.3838350474834442,-0.05924857035279274,0.9999586939811707,0.61516934633255,0.4876577854156494,-0.12839707732200623,0.9969342350959778,0.5107141733169556,0.4958510100841522,0.0038550745230168104,0.9499755501747131,0.5876011252403259,0.5669713616371155,-0.20448574423789978,0.9936507940292358,0.499151349067688,0.5959077477455139,-0.07031115889549255,0.9431144595146179,0.5856902003288269,0.5976664423942566,-0.23387551307678223,0.9821339845657349,0.49624693393707275,0.6278401613235474,-0.09178687632083893,0.8994347453117371,0.5771501660346985,0.5903928875923157,-0.25504812598228455,0.9824862480163574,0.5004932284355164,0.6287038922309875,-0.11855550110340118,0.8998900055885315,0.5753138661384583,0.5809126496315002,-0.21225902438163757,0.9740802645683289,0.5029805898666382,0.6164941191673279,-0.08234918862581253,0.8787925839424133,0.5766286849975586,0.5863777995109558,-0.0074731349013745785,0.9996782541275024,0.5303500890731812,0.5818594098091125,0.0073929051868617535,0.999647855758667,0.573697030544281,0.7481117844581604,-0.01883288286626339,0.9921647906303406,0.5252388119697571,0.7378679513931274,-0.00036638922756537795,0.9957160353660583,0.5748903155326843,0.8819054961204529,0.12786167860031128,0.9914203882217407,0.5205027461051941,0.8800575137138367,0.13525786995887756,0.9922430515289307,0.5684368014335632,0.8960922956466675,0.13656264543533325,0.9196017980575562,0.5234912633895874,0.891925036907196,0.1432180106639862,0.8504180908203125,0.5835025310516357,0.9361985325813293,0.0336451381444931,0.9850803017616272,0.5251708626747131,0.9355321526527405,0.04151597246527672,0.9854899644851685
16100.000000000115,0.5385048389434814,0.30535346269607544,-0.24840101599693298,0.9999892115592957,0.5435211658477783,0.28806349635124207,-0.2494608610868454,0.9999668598175049,0.5470497608184814,0.2872946262359619,-0.24945273995399475,0.9999678134918213,0.5510223507881165,0.2866009473800659,-0.24940833449363708,0.9999679327011108,0.5356279611587524,0.28945934772491455,-0.2357529103755951,0.9999585747718811,0.5332431197166443,0.2899017035961151,-0.2357918620109558,0.9999555945396423,0.531169056892395,0.29019519686698914,-0.23584260046482086,0.999953031539917,0.5634270310401917,0.2932165265083313,-0.20408014953136444,0.9999416470527649,0.5341021418571472,0.29511651396751404,-0.1456579864025116,0.9998963475227356,0.5459436178207397,0.3209255635738373,-0.23116238415241241,0.9999907612800598,0.536835789680481,0.3212430477142334,-0.21390226483345032,0.9999862909317017,0.6003678441047668,0.3780236542224884,-0.14803798496723175,0.9999815821647644,0.5184932351112366,0.38357099890708923,-0.07436947524547577,0.9999587535858154,0.6139514446258545,0.4898635745048523,-0.1302136331796646,0.9969093799591064,0.5102371573448181,0.4956967830657959,-0.011991447769105434,0.9494176506996155,0.589133083820343,0.5787190198898315,-0.1968400776386261,0.9936315417289734,0.4990268647670746,0.5958964228630066,-0.08296527713537216,0.943941056728363,0.5879632830619812,0.6089208126068115,-0.2243005931377411,0.9820834398269653,0.49637091159820557,0.6284497976303101,-0.10402180999517441,0.9013083577156067,0.5801306962966919,0.6033808588981628,-0.2465207427740097,0.9824682474136353,0.5007424354553223,0.6291824579238892,-0.13119810819625854,0.9020071625709534,0.5778048634529114,0.5949967503547668,-0.2048354297876358,0.974112868309021,0.5032618641853333,0.616894543170929,-0.09506411850452423,0.8813146948814392,0.5764075517654419,0.5858726501464844,-0.006396749056875706,0.999670147895813,0.5301592350006104,0.5813986659049988,0.006309788208454847,0.9996442794799805,0.5732548832893372,0.747481644153595,-0.0166008360683918,0.9919354915618896,0.5252560973167419,0.7372965812683105,-0.0031201436650007963,0.9956737160682678,0.5748001337051392,0.8815891146659851,0.1328980177640915,0.9912785291671753,0.5204077363014221,0.880018949508667,0.13354410231113434,0.9921982288360596,0.5684022903442383,0.8960120677947998,0.14192722737789154,0.9196235537528992,0.5233569741249084,0.8919204473495483,0.14184461534023285,0.8498693108558655,0.5835063457489014,0.935945987701416,0.03847720846533775,0.9849239587783813,0.5251644849777222,0.935644268989563,0.038537658751010895,0.985404908657074
16133.333333333449,0.53794926404953,0.30557337403297424,-0.27744820713996887,0.999988853931427,0.5427979826927185,0.28822916746139526,-0.2758080065250397,0.9999648332595825,0.546290934085846,0.287430077791214,-0.2757963240146637,0.9999656677246094,0.5501722097396851,0.28668758273124695,-0.27576443552970886,0.9999659061431885,0.5350508093833923,0.2896149456501007,-0.26396894454956055,0.9999563097953796,0.5326894521713257,0.2900412678718567,-0.26400724053382874,0.9999532699584961,0.5306400656700134,0.29035595059394836,-0.2640555500984192,0.999950647354126,0.5626807808876038,0.29321324825286865,-0.21992407739162445,0.9999357461929321,0.5335232615470886,0.2951318919658661,-0.16735315322875977,0.9998859167098999,0.5452646613121033,0.3209817111492157,-0.2544683814048767,0.9999901652336121,0.5363448262214661,0.32128310203552246,-0.23931831121444702,0.9999854564666748,0.5998737215995789,0.3781200349330902,-0.1556546539068222,0.9999812841415405,0.5177773237228394,0.38362303376197815,-0.09297743439674377,0.999958872795105,0.6124285459518433,0.49319425225257874,-0.12966395914554596,0.9968775510787964,0.5098452568054199,0.49572211503982544,-0.03190520778298378,0.9502127170562744,0.5926774740219116,0.5893636345863342,-0.19367527961730957,0.9936085343360901,0.49887770414352417,0.5971998572349548,-0.10225178301334381,0.9458023905754089,0.5929556488990784,0.6224337220191956,-0.21982212364673615,0.9819937944412231,0.4964715540409088,0.6322000622749329,-0.12414386868476868,0.9045751094818115,0.5852060914039612,0.6187711954116821,-0.24349777400493622,0.9824309945106506,0.5011088252067566,0.6318079829216003,-0.15061520040035248,0.9054563045501709,0.582508385181427,0.608889639377594,-0.2023085504770279,0.9741993546485901,0.5036090016365051,0.6193166375160217,-0.11384667456150055,0.8853639364242554,0.5762004852294922,0.5858670473098755,-0.005445397458970547,0.9996600151062012,0.5298910737037659,0.5813792943954468,0.0053405072540044785,0.9996374845504761,0.5726972818374634,0.7474865317344666,-0.0139875877648592,0.9915493130683899,0.5252126455307007,0.7373766303062439,-0.0028598648495972157,0.9955472946166992,0.5748000741004944,0.8811858892440796,0.1413581818342209,0.9909796714782715,0.520086944103241,0.8800612688064575,0.13691863417625427,0.9920360445976257,0.5684512853622437,0.8956115245819092,0.15105780959129333,0.9189772009849548,0.5229451656341553,0.8919166922569275,0.14514103531837463,0.848692774772644,0.5835053324699402,0.9356859922409058,0.047963473945856094,0.9846179485321045,0.5251241326332092,0.9357492923736572,0.04248734191060066,0.9851685166358948
16166.666666666782,0.537740170955658,0.3061421811580658,-0.3184223175048828,0.9999887943267822,0.5425047278404236,0.2887399196624756,-0.3144014775753021,0.9999632239341736,0.5459645986557007,0.28798559308052063,-0.314381867647171,0.9999640583992004,0.549796998500824,0.2872544527053833,-0.31436359882354736,0.99996417760849,0.5348402857780457,0.29005706310272217,-0.3050564229488373,0.9999549388885498,0.5325010418891907,0.2904261648654938,-0.30510491132736206,0.9999522566795349,0.5303856730461121,0.2907845079898834,-0.30514925718307495,0.9999494552612305,0.5620995163917542,0.29331839084625244,-0.2473583072423935,0.999928891658783,0.5331797003746033,0.29526734352111816,-0.20597630739212036,0.9998785257339478,0.5449932217597961,0.32117244601249695,-0.2908857762813568,0.9999896883964539,0.5361562967300415,0.32144826650619507,-0.27902835607528687,0.9999849200248718,0.5991830229759216,0.3782598376274109,-0.1714213341474533,0.999980628490448,0.5170099139213562,0.384397029876709,-0.1295260488986969,0.9999595284461975,0.6109918355941772,0.49596235156059265,-0.1329263299703598,0.9968275427818298,0.5090602040290833,0.49641016125679016,-0.07317671179771423,0.9524990916252136,0.5950189828872681,0.5978094339370728,-0.19294144213199615,0.9934993386268616,0.499036967754364,0.6004934310913086,-0.13952851295471191,0.9483632445335388,0.5973407626152039,0.629722535610199,-0.2168826311826706,0.9815800189971924,0.4971161186695099,0.6370933651924133,-0.1623077392578125,0.9086679220199585,0.5898544192314148,0.6274905800819397,-0.24203403294086456,0.9821145534515381,0.5020734667778015,0.6362351775169373,-0.18708324432373047,0.9096190929412842,0.5863743424415588,0.6168895959854126,-0.20214445888996124,0.9740555882453918,0.5044454336166382,0.623662531375885,-0.15012088418006897,0.8903025984764099,0.5758154392242432,0.5843390822410583,-0.0031245234422385693,0.9996564388275146,0.5296990275382996,0.5797776579856873,0.002972208196297288,0.9996369481086731,0.5724226236343384,0.7477274537086487,-0.005179127212613821,0.9911755323410034,0.5251032710075378,0.7365705370903015,-0.002254294464364648,0.9954110980033875,0.5748093724250793,0.8810786008834839,0.15323418378829956,0.9907664656639099,0.5200648307800293,0.8801249265670776,0.1430225372314453,0.9919111728668213,0.5685111284255981,0.8951692581176758,0.16341930627822876,0.918217122554779,0.5226602554321289,0.8919315338134766,0.15223439037799835,0.846679151058197,0.5835145711898804,0.9356814026832581,0.06135888025164604,0.9843689203262329,0.5251224637031555,0.9357701539993286,0.046819619834423065,0.9848990440368652
16200.000000000116,0.5371602177619934,0.3061493933200836,-0.3142751455307007,0.9999882578849792,0.541932225227356,0.2887686491012573,-0.3107728064060211,0.9999598264694214,0.5453975796699524,0.2880101203918457,-0.31075623631477356,0.999960720539093,0.5491886138916016,0.2872714400291443,-0.31073325872421265,0.9999604821205139,0.534328043460846,0.2900674641132355,-0.30077141523361206,0.9999513626098633,0.532029390335083,0.29043465852737427,-0.3008158802986145,0.9999491572380066,0.5299075841903687,0.2907955050468445,-0.30086252093315125,0.9999462366104126,0.5617016553878784,0.2933069169521332,-0.2465512901544571,0.9999176859855652,0.532643735408783,0.29527053236961365,-0.20229801535606384,0.9998671412467957,0.5443888902664185,0.32117465138435364,-0.2878436744213104,0.9999886751174927,0.5355513691902161,0.32144030928611755,-0.275116890668869,0.9999838471412659,0.5988147258758545,0.37857747077941895,-0.17107191681861877,0.9999796748161316,0.5165354609489441,0.38462740182876587,-0.1272556036710739,0.9999603629112244,0.6090940237045288,0.49870532751083374,-0.13149690628051758,0.9966462254524231,0.5083829164505005,0.49662137031555176,-0.07037587463855743,0.9542059898376465,0.5962820053100586,0.6049154996871948,-0.18823298811912537,0.9931333661079407,0.4991205930709839,0.6025458574295044,-0.13674642145633698,0.9502259492874146,0.6000211834907532,0.6367257833480835,-0.21094809472560883,0.9806433320045471,0.4976355731487274,0.6394346356391907,-0.1590205281972885,0.9115768074989319,0.594070553779602,0.6359793543815613,-0.2363208681344986,0.9812833070755005,0.502656877040863,0.6380406618118286,-0.18366791307926178,0.9126059412956238,0.5910455584526062,0.6247060298919678,-0.19760188460350037,0.9732625484466553,0.5048707127571106,0.6255314350128174,-0.14730843901634216,0.8938084840774536,0.5755601525306702,0.5844845175743103,-0.0015936780255287886,0.999657392501831,0.5296501517295837,0.5797847509384155,0.0014288413804024458,0.9996435046195984,0.5720722675323486,0.7505313158035278,0.00799570232629776,0.9907376766204834,0.5250136852264404,0.7366669774055481,-0.004060682840645313,0.995396077632904,0.5746971368789673,0.8811252117156982,0.1799067109823227,0.9905610084533691,0.5198606252670288,0.8800893425941467,0.14345023036003113,0.9918921589851379,0.5685111880302429,0.8951561450958252,0.1912974864244461,0.9169830679893494,0.5216901898384094,0.8918147087097168,0.15278269350528717,0.8464085459709167,0.5835075378417969,0.936028003692627,0.08796928077936172,0.984157919883728,0.525138258934021,0.9357646107673645,0.04667837917804718,0.9849400520324707
16233.33333333345,0.5368750691413879,0.30601415038108826,-0.31220799684524536,0.9999878406524658,0.5416193008422852,0.28870517015457153,-0.3091859221458435,0.999957263469696,0.5450922250747681,0.2879084050655365,-0.30916500091552734,0.9999582767486572,0.548859179019928,0.28711506724357605,-0.30914103984832764,0.9999576807022095,0.5340303778648376,0.2900185286998749,-0.2990734279155731,0.9999483823776245,0.5317628979682922,0.29039889574050903,-0.2991184592247009,0.9999467730522156,0.5296546220779419,0.29076218605041504,-0.29916688799858093,0.9999436736106873,0.5613395571708679,0.29306280612945557,-0.2465105652809143,0.9999091625213623,0.5323769450187683,0.29526078701019287,-0.20182345807552338,0.9998593926429749,0.544245719909668,0.321072518825531,-0.28623491525650024,0.9999879598617554,0.5354184508323669,0.3213300406932831,-0.2733781933784485,0.9999830722808838,0.598352313041687,0.3787000775337219,-0.16973891854286194,0.9999788999557495,0.5162188410758972,0.384620726108551,-0.12888076901435852,0.9999613761901855,0.607379674911499,0.5008368492126465,-0.12726816534996033,0.9964150786399841,0.5079599618911743,0.4966150224208832,-0.0717134028673172,0.9558864831924438,0.5980823636054993,0.6086678504943848,-0.18236666917800903,0.9927065968513489,0.4993620812892914,0.6027147173881531,-0.13603758811950684,0.9519352912902832,0.6029551029205322,0.6411353945732117,-0.2043410986661911,0.9796298146247864,0.4978446662425995,0.6393508911132812,-0.15789690613746643,0.9141920208930969,0.5974249243736267,0.6401448845863342,-0.23004165291786194,0.980387270450592,0.5034866333007812,0.6377364993095398,-0.18252944946289062,0.9152982831001282,0.5942881107330322,0.6285997629165649,-0.1919451504945755,0.9723827242851257,0.5058628916740417,0.6254386305809021,-0.14654496312141418,0.8969466686248779,0.5753820538520813,0.5845382809638977,0.0001449877890991047,0.999660074710846,0.5294491648674011,0.5797908902168274,-0.000325148954289034,0.9996488094329834,0.5720492601394653,0.7514371275901794,0.009212546981871128,0.9903149008750916,0.5249422788619995,0.736935555934906,-0.004155667498707771,0.9953733682632446,0.574592649936676,0.8811350464820862,0.18886931240558624,0.990385115146637,0.5197018980979919,0.8800870180130005,0.14906196296215057,0.9918457865715027,0.5684477090835571,0.8951439261436462,0.20104379951953888,0.9156148433685303,0.5215229988098145,0.891768217086792,0.15973596274852753,0.8455000519752502,0.5836604833602905,0.9364878535270691,0.09695514291524887,0.9840301871299744,0.5252131819725037,0.9360988736152649,0.051624033600091934,0.984989583492279
16266.666666666784,0.5367788076400757,0.3056984841823578,-0.3116702139377594,0.9999876618385315,0.5416030287742615,0.2885279357433319,-0.30871209502220154,0.9999558329582214,0.5450793504714966,0.28771671652793884,-0.3086908459663391,0.9999567866325378,0.5488669276237488,0.2869202792644501,-0.3086703419685364,0.9999560117721558,0.5339503884315491,0.28981900215148926,-0.29860350489616394,0.9999467134475708,0.5316655039787292,0.2902235686779022,-0.2986451983451843,0.9999452233314514,0.5295449495315552,0.29057157039642334,-0.2986931800842285,0.9999420642852783,0.5612047910690308,0.29287365078926086,-0.24617019295692444,0.9999037384986877,0.5322011113166809,0.2951561510562897,-0.2016841620206833,0.9998542666435242,0.5441735982894897,0.32083243131637573,-0.2857637107372284,0.9999875426292419,0.5353156328201294,0.32105880975723267,-0.27296826243400574,0.9999826550483704,0.5979511737823486,0.3788129687309265,-0.16950437426567078,0.9999781847000122,0.5160341858863831,0.3843262195587158,-0.12972764670848846,0.9999622702598572,0.6055341362953186,0.5015667676925659,-0.1257714331150055,0.9961038827896118,0.5076494812965393,0.49660101532936096,-0.07393141090869904,0.9571654200553894,0.5992605686187744,0.6107760071754456,-0.17924046516418457,0.9922752976417542,0.4994741678237915,0.6030228734016418,-0.1362236589193344,0.9531736969947815,0.6047012209892273,0.6432943940162659,-0.20074354112148285,0.9786945581436157,0.498140811920166,0.6395934820175171,-0.15746985375881195,0.9161126017570496,0.5992248058319092,0.642366349697113,-0.2268260419368744,0.9795545339584351,0.5049945712089539,0.637770414352417,-0.18188165128231049,0.9172683954238892,0.5958377718925476,0.6308912634849548,-0.18898248672485352,0.9715734124183655,0.5075307488441467,0.6256529092788696,-0.14662061631679535,0.8993080258369446,0.5750440955162048,0.5848413705825806,0.0008922403794713318,0.9996637105941772,0.5291607975959778,0.5799642205238342,-0.0010772068053483963,0.9996540546417236,0.5718367695808411,0.7531982660293579,0.010341277346014977,0.9898499846458435,0.5246702432632446,0.7378233671188354,-0.0024346665013581514,0.9953593611717224,0.5743069052696228,0.8812204599380493,0.19251984357833862,0.9901283979415894,0.5196967124938965,0.880200207233429,0.15831731259822845,0.991782546043396,0.568230390548706,0.8952065706253052,0.20501428842544556,0.9144905805587769,0.5217227339744568,0.8918527364730835,0.16961222887039185,0.8450656533241272,0.5838082432746887,0.9372114539146423,0.10244645178318024,0.9837992787361145,0.5252566337585449,0.9367254376411438,0.0630972608923912,0.9849792122840881
16300.000000000118,0.5368077754974365,0.30541518330574036,-0.3056272566318512,0.9999874234199524,0.5416168570518494,0.28837865591049194,-0.3026287853717804,0.999954342842102,0.5450867414474487,0.2875409722328186,-0.3026113510131836,0.9999554753303528,0.5488864183425903,0.2867235839366913,-0.30259087681770325,0.9999545216560364,0.5338936448097229,0.2896891236305237,-0.29235294461250305,0.9999449253082275,0.5315687656402588,0.29012101888656616,-0.29239270091056824,0.9999436140060425,0.5294241309165955,0.2904757261276245,-0.2924387753009796,0.9999402165412903,0.5610824227333069,0.2926085889339447,-0.24113252758979797,0.9998990297317505,0.5319094657897949,0.2951360046863556,-0.1959669589996338,0.9998487830162048,0.5442202091217041,0.3204990327358246,-0.2802468538284302,0.999987006187439,0.5353055596351624,0.32081055641174316,-0.26722005009651184,0.9999820590019226,0.5979136824607849,0.37903445959091187,-0.16758567094802856,0.999977171421051,0.5159279108047485,0.3843081593513489,-0.12495281547307968,0.999962568283081,0.6040931940078735,0.5027292966842651,-0.12372934818267822,0.9958000779151917,0.5076581835746765,0.49660465121269226,-0.0690365731716156,0.9579936861991882,0.599676787853241,0.6118618249893188,-0.1759115755558014,0.991815984249115,0.49951934814453125,0.6031506061553955,-0.13000579178333282,0.9536656737327576,0.6051530241966248,0.6435341835021973,-0.1972409337759018,0.9776970744132996,0.49870336055755615,0.6394590735435486,-0.15075428783893585,0.9167585372924805,0.5999069213867188,0.6426701545715332,-0.22291475534439087,0.978672444820404,0.5059939622879028,0.6377164721488953,-0.17531587183475494,0.9179908037185669,0.5965306162834167,0.6315398216247559,-0.18556375801563263,0.9706977605819702,0.5083881616592407,0.6257380843162537,-0.1405174881219864,0.9003612995147705,0.5748390555381775,0.5852524638175964,0.0008415316115133464,0.9996603727340698,0.5291023254394531,0.5802323222160339,-0.0010175631614401937,0.9996532797813416,0.5718392133712769,0.7533168196678162,0.009121814742684364,0.9894108772277832,0.5246713161468506,0.7383273839950562,-0.0008874722407199442,0.9952967166900635,0.5742561221122742,0.8812475204467773,0.18380728363990784,0.9898581504821777,0.519697904586792,0.8804965019226074,0.15769289433956146,0.9916003346443176,0.568174421787262,0.8952210545539856,0.19547754526138306,0.9129331111907959,0.5217419862747192,0.8920539617538452,0.16853271424770355,0.8431570529937744,0.5839231014251709,0.9374746084213257,0.09291166812181473,0.9834638833999634,0.5253662467002869,0.9367645382881165,0.0624132975935936,0.984724223613739
16333.333333333452,0.5368631482124329,0.3053602874279022,-0.30968254804611206,0.9999876618385315,0.5416736602783203,0.2883596420288086,-0.3055739104747772,0.9999547004699707,0.54514479637146,0.28752195835113525,-0.3055559992790222,0.9999558329582214,0.5489645600318909,0.28670603036880493,-0.30553576350212097,0.999954879283905,0.5338923335075378,0.2896682024002075,-0.2963065505027771,0.9999452233314514,0.5315082669258118,0.2901032269001007,-0.2963474690914154,0.9999439120292664,0.5293267965316772,0.29045823216438293,-0.2963939607143402,0.9999403953552246,0.561056911945343,0.2925013303756714,-0.24051350355148315,0.999898374080658,0.5314906239509583,0.2951355576515198,-0.19952063262462616,0.9998483061790466,0.5442826747894287,0.320401668548584,-0.2829631268978119,0.9999870657920837,0.5353301763534546,0.32077881693840027,-0.2712908089160919,0.9999821782112122,0.5976682305335999,0.37932828068733215,-0.16652867197990417,0.9999769926071167,0.5156919360160828,0.38430270552635193,-0.12856456637382507,0.9999632835388184,0.603257954120636,0.5031519532203674,-0.1207878515124321,0.9956343173980713,0.5076525211334229,0.49664804339408875,-0.07312417030334473,0.959091067314148,0.6000944375991821,0.6115127801895142,-0.17494352161884308,0.9916924238204956,0.49955466389656067,0.6030580997467041,-0.13321919739246368,0.9547333717346191,0.6048959493637085,0.6426260471343994,-0.19670993089675903,0.9774597883224487,0.4992382824420929,0.6391561031341553,-0.15382657945156097,0.918501079082489,0.5996845960617065,0.6415059566497803,-0.22270084917545319,0.9785122871398926,0.5065786242485046,0.6375671029090881,-0.17836469411849976,0.9197567701339722,0.5965456366539001,0.6305810809135437,-0.18476668000221252,0.970690906047821,0.5088164806365967,0.625606119632721,-0.1436425894498825,0.9025607705116272,0.5745236277580261,0.5853621363639832,0.0018521733582019806,0.9996616244316101,0.5288950800895691,0.5802821516990662,-0.0020294240675866604,0.9996542930603027,0.5714393854141235,0.7532218098640442,0.01249718852341175,0.989026665687561,0.5246769785881042,0.7397285103797913,0.002323524095118046,0.9952483773231506,0.5741349458694458,0.8811176419258118,0.1845381259918213,0.9896752834320068,0.5196948051452637,0.8811367750167847,0.15926912426948547,0.991447925567627,0.5680663585662842,0.8950531482696533,0.19607670605182648,0.9123176336288452,0.5217587351799011,0.8924457430839539,0.16996346414089203,0.8412115573883057,0.583957850933075,0.9374661445617676,0.09457302838563919,0.9832589626312256,0.5255054235458374,0.9369550943374634,0.0638810247182846,0.9844533205032349
16366.666666666786,0.5369040966033936,0.3053456246852875,-0.31757137179374695,0.9999879598617554,0.5417114496231079,0.28836119174957275,-0.3131103217601776,0.9999552965164185,0.5451779961585999,0.2875240743160248,-0.31309086084365845,0.9999563694000244,0.5490139126777649,0.2867084741592407,-0.31307753920555115,0.9999554753303528,0.5339052081108093,0.2896748483181,-0.3043955862522125,0.9999459981918335,0.5314909219741821,0.2901115417480469,-0.30444055795669556,0.9999446868896484,0.5292772650718689,0.29047101736068726,-0.3044830560684204,0.9999411702156067,0.5609528422355652,0.29245638847351074,-0.2451433688402176,0.9998990893363953,0.5312209725379944,0.2951652705669403,-0.20679236948490143,0.9998493194580078,0.5443294644355774,0.32035771012306213,-0.28977176547050476,0.9999872446060181,0.5353558659553528,0.3207705616950989,-0.278789222240448,0.9999824166297913,0.597203254699707,0.37938475608825684,-0.16837777197360992,0.9999766945838928,0.5154443979263306,0.3843034505844116,-0.13257558643817902,0.9999637007713318,0.603419303894043,0.5029629468917847,-0.12256023287773132,0.9955443143844604,0.5076141953468323,0.49664729833602905,-0.07588538527488708,0.9603029489517212,0.6005777716636658,0.609598696231842,-0.17672304809093475,0.9915380477905273,0.4996243715286255,0.6029409170150757,-0.13632507622241974,0.9556838274002075,0.6040828227996826,0.6411819458007812,-0.19848401844501495,0.9770511984825134,0.4993457794189453,0.6389089226722717,-0.15714842081069946,0.9199649691581726,0.5988718271255493,0.6393328905105591,-0.22458823025226593,0.9781789779663086,0.5067113041877747,0.6373563408851624,-0.18178197741508484,0.9212490916252136,0.5961692929267883,0.6282272338867188,-0.1865103542804718,0.970445990562439,0.5089060664176941,0.6254129409790039,-0.1467944085597992,0.9044358134269714,0.574415922164917,0.5853134989738464,0.0014869885053485632,0.9996568560600281,0.5288081765174866,0.580255925655365,-0.001656863372772932,0.999650239944458,0.5714066028594971,0.7534862160682678,0.00991720799356699,0.9889147877693176,0.5246506929397583,0.7404981851577759,0.004093709401786327,0.9951832294464111,0.5741249918937683,0.8811722993850708,0.18165045976638794,0.9895302057266235,0.5195904970169067,0.881546139717102,0.1593366265296936,0.9912751913070679,0.5680619478225708,0.8950381278991699,0.1931198537349701,0.9111461639404297,0.5217730402946472,0.8925079703330994,0.1697504073381424,0.8382890224456787,0.5839866399765015,0.9375154376029968,0.09119249880313873,0.9830106496810913,0.5255009531974792,0.937153160572052,0.06297656893730164,0.9840949773788452
16400.00000000012,0.5369135141372681,0.3052821755409241,-0.32213860750198364,0.999988317489624,0.5417414307594299,0.2883448302745819,-0.3165658116340637,0.9999561309814453,0.5452077984809875,0.28749746084213257,-0.31654834747314453,0.9999571442604065,0.5490569472312927,0.28666600584983826,-0.316530704498291,0.9999562501907349,0.5339144468307495,0.2896823287010193,-0.30865880846977234,0.9999473690986633,0.5314438939094543,0.2901350259780884,-0.30870285630226135,0.999946117401123,0.5291692614555359,0.2905180752277374,-0.30873948335647583,0.9999425411224365,0.560841977596283,0.29224711656570435,-0.24476473033428192,0.9998999238014221,0.5308277606964111,0.2952297627925873,-0.20966534316539764,0.9998524188995361,0.5443413853645325,0.3202332556247711,-0.29291242361068726,0.9999874234199524,0.5353832840919495,0.3207491338253021,-0.28296709060668945,0.9999827742576599,0.5967105627059937,0.3792265057563782,-0.1675519496202469,0.9999764561653137,0.5150891542434692,0.38432082533836365,-0.13443078100681305,0.9999645948410034,0.6037256717681885,0.5028572082519531,-0.11920743435621262,0.9954814910888672,0.5075615644454956,0.4966972768306732,-0.07703705132007599,0.9617308974266052,0.6008418202400208,0.6073907613754272,-0.1724763959646225,0.9913314580917358,0.49966609477996826,0.6028515696525574,-0.1374385505914688,0.9567854404449463,0.6034556031227112,0.6390490531921387,-0.19387716054916382,0.9764809012413025,0.49945762753486633,0.6387238502502441,-0.158330500125885,0.9216955900192261,0.5983007550239563,0.636832594871521,-0.22021237015724182,0.9776870012283325,0.5068281292915344,0.637201726436615,-0.183272585272789,0.9229575991630554,0.596017062664032,0.6258267164230347,-0.18241389095783234,0.9700528383255005,0.5089760422706604,0.6252678632736206,-0.14800463616847992,0.9065284132957458,0.5744267106056213,0.5853093862533569,0.0014267693040892482,0.9996575713157654,0.5287874341011047,0.5802716016769409,-0.0015894219977781177,0.9996516704559326,0.5714154839515686,0.7535415887832642,0.010131414979696274,0.9888260960578918,0.5246883630752563,0.740734338760376,0.0056172688491642475,0.9951962232589722,0.5739778876304626,0.8815242648124695,0.17838682234287262,0.9895057082176208,0.5195650458335876,0.8815820813179016,0.15832647681236267,0.9912573099136353,0.56766676902771,0.895573616027832,0.18815229833126068,0.9119367003440857,0.5217779874801636,0.8925318121910095,0.1686246246099472,0.8380547761917114,0.584135115146637,0.9379407167434692,0.08659974485635757,0.982988178730011,0.5254858732223511,0.9372945427894592,0.06212823465466499,0.9839879870414734
16433.333333333452,0.5369440913200378,0.30511337518692017,-0.32017818093299866,0.9999886751174927,0.5417264103889465,0.2882780432701111,-0.31461137533187866,0.9999570846557617,0.5451706051826477,0.28740137815475464,-0.314593106508255,0.9999580979347229,0.5490160584449768,0.2865368723869324,-0.3145725429058075,0.9999571442604065,0.5339147448539734,0.2896815836429596,-0.3066733181476593,0.9999487996101379,0.5314080715179443,0.2901417911052704,-0.3067156970500946,0.9999476671218872,0.5290889143943787,0.29055044054985046,-0.30675020813941956,0.9999440312385559,0.5605528950691223,0.2919144928455353,-0.24323584139347076,0.9999011158943176,0.5305787920951843,0.2953258156776428,-0.20801864564418793,0.9998560547828674,0.5443763732910156,0.3199578523635864,-0.29115548729896545,0.9999876618385315,0.5354005098342896,0.3206470012664795,-0.2811673879623413,0.9999831318855286,0.5963166952133179,0.37907859683036804,-0.16680525243282318,0.9999764561653137,0.5147697925567627,0.3845352232456207,-0.13337785005569458,0.999965488910675,0.6039614081382751,0.502112627029419,-0.11681663990020752,0.9954332113265991,0.5073515176773071,0.4967741370201111,-0.07692860811948776,0.963099479675293,0.6007474660873413,0.6061275601387024,-0.17049308121204376,0.9911949038505554,0.4997750222682953,0.6028124690055847,-0.13774420320987701,0.9577994346618652,0.6029573082923889,0.6378473043441772,-0.19170641899108887,0.9760928750038147,0.4995526373386383,0.6386733055114746,-0.1587214320898056,0.9232572317123413,0.5978501439094543,0.6354289650917053,-0.2180200219154358,0.9773602485656738,0.5068095922470093,0.6371685266494751,-0.1834372729063034,0.9244994521141052,0.5957631468772888,0.6244487762451172,-0.18042190372943878,0.9698469042778015,0.5089084506034851,0.6251418590545654,-0.14821584522724152,0.9084131121635437,0.5744153261184692,0.5852618217468262,0.0015109829837456346,0.9996607303619385,0.5287719368934631,0.5802306532859802,-0.0016697726678103209,0.9996567964553833,0.5714091658592224,0.7535151839256287,0.012229174375534058,0.9886915683746338,0.5246860384941101,0.7407019734382629,0.005325476638972759,0.9952276349067688,0.5737985372543335,0.8815168142318726,0.17710842192173004,0.989490270614624,0.5195558667182922,0.8815812468528748,0.15333014726638794,0.9912619590759277,0.5673822164535522,0.8955667614936829,0.1877465844154358,0.9126666784286499,0.5217897891998291,0.8926531076431274,0.16268640756607056,0.8381272554397583,0.5842018723487854,0.9379729628562927,0.08511663973331451,0.9829826951026917,0.5254993438720703,0.9373027682304382,0.056037090718746185,0.9839373230934143
16466.666666666784,0.537093997001648,0.30468809604644775,-0.32165035605430603,0.9999890923500061,0.5417348742485046,0.2879852056503296,-0.3157969117164612,0.9999581575393677,0.5451839566230774,0.2870730757713318,-0.3157751262187958,0.9999590516090393,0.5490356683731079,0.2862049639225006,-0.3157547414302826,0.9999580979347229,0.5339280366897583,0.28954893350601196,-0.30831342935562134,0.9999504089355469,0.5314181447029114,0.29001685976982117,-0.30835920572280884,0.9999493956565857,0.5290917754173279,0.2904713451862335,-0.30839216709136963,0.999945878982544,0.560461163520813,0.2914358675479889,-0.24368053674697876,0.9999021291732788,0.5303974747657776,0.2953176498413086,-0.21098747849464417,0.9998602271080017,0.5444133281707764,0.31929799914360046,-0.2925529181957245,0.9999879002571106,0.5354163646697998,0.32030853629112244,-0.28320756554603577,0.9999836087226868,0.5961031317710876,0.3789394795894623,-0.16688570380210876,0.9999761581420898,0.5144633054733276,0.3845338225364685,-0.1365930140018463,0.9999663233757019,0.6040692925453186,0.5010188221931458,-0.1183534637093544,0.9953784942626953,0.507147490978241,0.4967849850654602,-0.08172251284122467,0.964626669883728,0.6006654500961304,0.6052283644676208,-0.17058716714382172,0.991029679775238,0.4998377561569214,0.6027668118476868,-0.1407323181629181,0.9590328335762024,0.602640688419342,0.637100100517273,-0.1913643330335617,0.9756003022193909,0.4996434450149536,0.6385862231254578,-0.161365807056427,0.9251335263252258,0.5975281000137329,0.6344795823097229,-0.21726979315280914,0.9769341349601746,0.5067810416221619,0.6370920538902283,-0.1854420155286789,0.9263547658920288,0.5955294966697693,0.6234646439552307,-0.1803228110074997,0.9695242643356323,0.5088286995887756,0.625062882900238,-0.15089575946331024,0.9107349514961243,0.574421763420105,0.5835962295532227,0.0013776854611933231,0.9996602535247803,0.5287513136863708,0.5789222121238708,-0.0015353062190115452,0.9996584057807922,0.5712956786155701,0.7523981332778931,0.010961566120386124,0.9886632561683655,0.5249248147010803,0.7396768927574158,0.00523419352248311,0.9952162504196167,0.5737911462783813,0.8813866376876831,0.1627027690410614,0.9894986152648926,0.5199611783027649,0.8813050389289856,0.1498536616563797,0.9912232756614685,0.5673844218254089,0.8954773545265198,0.17194876074790955,0.913073718547821,0.5221206545829773,0.8923715949058533,0.1587516814470291,0.8373990654945374,0.5843529105186462,0.9378901124000549,0.07098168879747391,0.9829604029655457,0.5255865454673767,0.9369065165519714,0.053257476538419724,0.983789324760437
16500.000000000116,0.5373386144638062,0.30435559153556824,-0.3190390467643738,0.99998939037323,0.5418033599853516,0.28770774602890015,-0.31340935826301575,0.9999586343765259,0.5452437996864319,0.28678765892982483,-0.3133886456489563,0.9999594688415527,0.549089789390564,0.2859346568584442,-0.3133655786514282,0.9999584555625916,0.533964216709137,0.28942254185676575,-0.3058032989501953,0.9999514818191528,0.5314401388168335,0.28988662362098694,-0.30584853887557983,0.999950647354126,0.5291006565093994,0.29037612676620483,-0.3058837354183197,0.999947190284729,0.5604493021965027,0.2910407483577728,-0.24351762235164642,0.999901533126831,0.5302924513816833,0.2953096032142639,-0.2087061107158661,0.9998630285263062,0.5446029305458069,0.31873801350593567,-0.29019737243652344,0.9999879598617554,0.5354315638542175,0.32001349329948425,-0.2806316912174225,0.9999838471412659,0.5960384011268616,0.378497838973999,-0.16435222327709198,0.9999755620956421,0.51430743932724,0.38448694348335266,-0.13541610538959503,0.9999669790267944,0.6040374040603638,0.49963468313217163,-0.11430100351572037,0.9952589273452759,0.5069643259048462,0.49684059619903564,-0.08163705468177795,0.9660224318504333,0.6004837155342102,0.6047531962394714,-0.1660408228635788,0.9907717704772949,0.4998079836368561,0.6027359962463379,-0.14104503393173218,0.960112452507019,0.6024056673049927,0.6366747617721558,-0.1865193396806717,0.9749583005905151,0.49972566962242126,0.638516902923584,-0.1616852730512619,0.9268226623535156,0.5972676873207092,0.6338697075843811,-0.21222084760665894,0.9763660430908203,0.5066049695014954,0.6370284557342529,-0.18593332171440125,0.9280363917350769,0.5952809453010559,0.6228631734848022,-0.1757373958826065,0.9690178036689758,0.508587658405304,0.6250206828117371,-0.1512628048658371,0.9128236174583435,0.5744089484214783,0.5833505392074585,0.0013748457422479987,0.9996613264083862,0.5287333130836487,0.5788105726242065,-0.0015324801206588745,0.9996628761291504,0.5712804794311523,0.7521640062332153,0.011304744519293308,0.988654375076294,0.5253217816352844,0.739307701587677,0.0051061976701021194,0.9952448606491089,0.5735808610916138,0.8812703490257263,0.1630120426416397,0.9895818829536438,0.5199686288833618,0.881252110004425,0.14651791751384735,0.9912568926811218,0.5673297643661499,0.8952748775482178,0.17238833010196686,0.9140806794166565,0.5220941305160522,0.8923606276512146,0.15525421500205994,0.8378527760505676,0.5843122601509094,0.9377068877220154,0.0715961903333664,0.983056366443634,0.5255846381187439,0.9368177056312561,0.050310902297496796,0.9837735295295715
16533.33333333345,0.5375084280967712,0.30386313796043396,-0.32197973132133484,0.9999895095825195,0.5418623089790344,0.28737783432006836,-0.316112220287323,0.9999584555625916,0.545291543006897,0.28651076555252075,-0.31609126925468445,0.9999592304229736,0.5491296648979187,0.2857278287410736,-0.3160707354545593,0.9999581575393677,0.5339966416358948,0.28916504979133606,-0.30894482135772705,0.9999517202377319,0.5314662456512451,0.28962165117263794,-0.30899280309677124,0.9999510645866394,0.5291082859039307,0.2901468575000763,-0.30903175473213196,0.9999476671218872,0.5604345202445984,0.29087430238723755,-0.24377761781215668,0.9998993277549744,0.5302090048789978,0.2952730059623718,-0.21176081895828247,0.9998635649681091,0.5446943640708923,0.3181914687156677,-0.29245465993881226,0.9999878406524658,0.5354403853416443,0.31960728764533997,-0.2834784686565399,0.9999838471412659,0.5959367156028748,0.3781088888645172,-0.16457192599773407,0.9999749660491943,0.5142783522605896,0.3844223916530609,-0.1378626674413681,0.9999674558639526,0.6039047837257385,0.49808576703071594,-0.11602981388568878,0.9950923323631287,0.5068678855895996,0.49685364961624146,-0.08448810130357742,0.9672514200210571,0.6003742218017578,0.6046901941299438,-0.16969043016433716,0.990400493144989,0.49979379773139954,0.6027379631996155,-0.1434665322303772,0.9609728455543518,0.6024004220962524,0.6365171074867249,-0.19070257246494293,0.9740614891052246,0.4997882843017578,0.6384702324867249,-0.16431882977485657,0.9280886054039001,0.5973395109176636,0.6334410309791565,-0.21639908850193024,0.9755683541297913,0.5064783692359924,0.6370454430580139,-0.18840809166431427,0.9293084740638733,0.5953088998794556,0.62244713306427,-0.17940761148929596,0.9682121872901917,0.5084096193313599,0.6249359846115112,-0.15363286435604095,0.9144289493560791,0.5743705630302429,0.5828718543052673,0.0013805425260215998,0.9996612668037415,0.5286436676979065,0.5783949494361877,-0.0015410258201882243,0.9996644854545593,0.5712400078773499,0.7520650029182434,0.010598639026284218,0.9886447787284851,0.5255056619644165,0.7391795516014099,0.005000869277864695,0.9952406883239746,0.5735832452774048,0.8812676668167114,0.1638796031475067,0.9896541833877563,0.5199757218360901,0.881263792514801,0.14669829607009888,0.9912582039833069,0.5673711895942688,0.8952628970146179,0.17356480658054352,0.9144921898841858,0.5220643877983093,0.8923737406730652,0.1555604785680771,0.8372123837471008,0.5843830704689026,0.9377037286758423,0.07231245189905167,0.9831550121307373,0.5256251096725464,0.9367700815200806,0.050822582095861435,0.9837364554405212
16566.66666666678,0.5378721952438354,0.30340930819511414,-0.32540303468704224,0.9999896883964539,0.5420824885368347,0.28691068291664124,-0.31894490122795105,0.9999585747718811,0.5454942584037781,0.28605222702026367,-0.3189219534397125,0.9999592900276184,0.549331784248352,0.28528931736946106,-0.3188999891281128,0.9999580979347229,0.5341095328330994,0.28890806436538696,-0.312595009803772,0.9999523758888245,0.5315663814544678,0.2893999218940735,-0.3126465678215027,0.9999518990516663,0.5291119813919067,0.2899725139141083,-0.3126881420612335,0.9999486804008484,0.5604429841041565,0.29051506519317627,-0.2439562976360321,0.9998973608016968,0.5301322937011719,0.29522308707237244,-0.21587668359279633,0.9998658895492554,0.5450102686882019,0.3175904452800751,-0.29497140645980835,0.999987781047821,0.5355098843574524,0.3192756474018097,-0.2870892584323883,0.9999840259552002,0.5957130193710327,0.37738630175590515,-0.16430145502090454,0.9999740123748779,0.5142714977264404,0.3843543231487274,-0.14271065592765808,0.9999680519104004,0.6033999919891357,0.49612483382225037,-0.11436455696821213,0.9948065280914307,0.5067986845970154,0.49685606360435486,-0.09202995151281357,0.9686118960380554,0.6003496050834656,0.6035406589508057,-0.16819091141223907,0.9898815751075745,0.49980124831199646,0.6027489304542542,-0.15024128556251526,0.9619494080543518,0.6026540398597717,0.6350776553153992,-0.18869365751743317,0.972881555557251,0.4998360574245453,0.6384308934211731,-0.1713401824235916,0.9295157790184021,0.5978183746337891,0.6326318979263306,-0.21488884091377258,0.9745132923126221,0.5064093470573425,0.6370329260826111,-0.19527366757392883,0.9307324290275574,0.5956265330314636,0.6218586564064026,-0.1782594621181488,0.9671174883842468,0.5083109140396118,0.6248741149902344,-0.1603238582611084,0.9162479639053345,0.5743705034255981,0.5818305611610413,0.002065424807369709,0.9996597766876221,0.5285971760749817,0.5775805711746216,-0.002236089901998639,0.9996660947799683,0.5711988210678101,0.7497732639312744,0.012549739331007004,0.9886717200279236,0.5256692171096802,0.7383297085762024,0.004986104089766741,0.9952568411827087,0.5735844373703003,0.8801461458206177,0.16436371207237244,0.9898084402084351,0.5198918581008911,0.8809898495674133,0.14704760909080505,0.9913248419761658,0.5673941373825073,0.8939977884292603,0.17426005005836487,0.915358304977417,0.5215147733688354,0.8919894099235535,0.1560676395893097,0.8373280763626099,0.5843318104743958,0.9374656677246094,0.07275548577308655,0.9833666086196899,0.5256446003913879,0.9367238879203796,0.05031083524227142,0.9837902188301086
16600.000000000113,0.5380576252937317,0.30323174595832825,-0.32275959849357605,0.9999895095825195,0.5422066450119019,0.2867562472820282,-0.31701114773750305,0.9999570250511169,0.5456026196479797,0.28590309619903564,-0.31698915362358093,0.9999577403068542,0.5494332909584045,0.28513506054878235,-0.3169676661491394,0.9999562501907349,0.5342286229133606,0.2888006269931793,-0.3097381293773651,0.9999513626098633,0.5317242741584778,0.2892872095108032,-0.30978643894195557,0.9999510645866394,0.5291794538497925,0.28986501693725586,-0.3098267614841461,0.9999478459358215,0.5604444742202759,0.29027801752090454,-0.2416854351758957,0.9998907446861267,0.5301457643508911,0.2951655685901642,-0.21275582909584045,0.9998630881309509,0.545110285282135,0.31731030344963074,-0.29352977871894836,0.9999870657920837,0.5355488061904907,0.3191027045249939,-0.2842887341976166,0.999983549118042,0.5954884886741638,0.37682366371154785,-0.16177628934383392,0.9999724626541138,0.5142830014228821,0.3841097056865692,-0.13918930292129517,0.9999682903289795,0.6027237176895142,0.4944775700569153,-0.11214814335107803,0.994441568851471,0.5066969990730286,0.4967292547225952,-0.08720886707305908,0.9695767164230347,0.6007329225540161,0.6020249724388123,-0.16708548367023468,0.9892504811286926,0.4997476637363434,0.6026973724365234,-0.14618028700351715,0.9627029895782471,0.6038607954978943,0.6331979036331177,-0.187212735414505,0.971539318561554,0.4996394217014313,0.6383594870567322,-0.16724134981632233,0.9306002259254456,0.5993747115135193,0.6315716505050659,-0.2138562649488449,0.9733158946037292,0.5058663487434387,0.6370148658752441,-0.19141387939453125,0.9318286776542664,0.596839189529419,0.6211552619934082,-0.1774645447731018,0.9658798575401306,0.5078571438789368,0.6247163414955139,-0.15637902915477753,0.9176750779151917,0.5743523240089417,0.5816599130630493,0.0020014001056551933,0.9996570348739624,0.5284894704818726,0.5774783492088318,-0.002171282423660159,0.9996675252914429,0.5711049437522888,0.7494975924491882,0.014190142042934895,0.9887003898620605,0.5256786942481995,0.7381604909896851,0.005616931244730949,0.9952853918075562,0.573579728603363,0.8800718188285828,0.16580887138843536,0.9899423718452454,0.5198902487754822,0.8806638717651367,0.14764027297496796,0.9914178252220154,0.5673984885215759,0.8938854932785034,0.17544099688529968,0.9162895679473877,0.5215228199958801,0.8918651342391968,0.15656085312366486,0.8385626673698425,0.5842727422714233,0.9374444484710693,0.07460908591747284,0.9835901856422424,0.5256419777870178,0.9365215301513672,0.05094746872782707,0.9839268922805786
16633.333333333445,0.5381287336349487,0.3029952347278595,-0.3346821367740631,0.9999891519546509,0.5422629117965698,0.28667086362838745,-0.32909563183784485,0.9999544620513916,0.5456513166427612,0.2858307361602783,-0.3290815055370331,0.9999554753303528,0.549465000629425,0.2850681245326996,-0.32907626032829285,0.9999536275863647,0.5343219637870789,0.28871747851371765,-0.32201477885246277,0.9999486804008484,0.5318641066551208,0.2891877591609955,-0.322065532207489,0.9999485015869141,0.5292952656745911,0.2897510230541229,-0.3221133351325989,0.9999451041221619,0.5604323744773865,0.29014262557029724,-0.25394243001937866,0.999882698059082,0.5302395224571228,0.2950959801673889,-0.22359713912010193,0.9998557567596436,0.5451464056968689,0.3170904517173767,-0.3043768107891083,0.9999859929084778,0.5355993509292603,0.3189006447792053,-0.2954616844654083,0.999982476234436,0.595359742641449,0.3765958547592163,-0.17142896354198456,0.9999708533287048,0.5142831802368164,0.38403475284576416,-0.1457081139087677,0.9999678730964661,0.6021447777748108,0.4932384788990021,-0.1235102191567421,0.9939671754837036,0.5066448450088501,0.49661707878112793,-0.09392955899238586,0.9702140688896179,0.6022005081176758,0.5992282629013062,-0.1810191571712494,0.9882866144180298,0.4996596574783325,0.6026883125305176,-0.1515929102897644,0.9630444645881653,0.606390118598938,0.631075382232666,-0.20128364861011505,0.9694284796714783,0.49917343258857727,0.6383910775184631,-0.17221258580684662,0.9307108521461487,0.6021445393562317,0.6301479935646057,-0.22997945547103882,0.9714673757553101,0.5050786137580872,0.6371781229972839,-0.1967816799879074,0.9319834113121033,0.5993059277534485,0.6197608113288879,-0.192420095205307,0.9639169573783875,0.5072805881500244,0.624707818031311,-0.16200190782546997,0.9180626273155212,0.574211061000824,0.580231785774231,0.0019564388785511255,0.9996517300605774,0.5280471444129944,0.5763601660728455,-0.0021253027953207493,0.9996617436408997,0.5711212158203125,0.7489258050918579,0.012953272089362144,0.9887153506278992,0.5255874395370483,0.739162027835846,0.005988499149680138,0.9952839612960815,0.5736187696456909,0.8801483511924744,0.16863492131233215,0.9900487065315247,0.5198643207550049,0.8809082508087158,0.15638969838619232,0.9915285706520081,0.5674096345901489,0.8939526677131653,0.1788806915283203,0.9165695309638977,0.521556556224823,0.8920531272888184,0.16625024378299713,0.8393397331237793,0.5842496156692505,0.9375854730606079,0.07545127719640732,0.9837988018989563,0.5256317257881165,0.9365414381027222,0.05757320299744606,0.9841485619544983
16666.666666666777,0.5385072827339172,0.3025240898132324,-0.3401798903942108,0.999988853931427,0.5425771474838257,0.2864058315753937,-0.33401256799697876,0.9999520778656006,0.5459481477737427,0.2855975031852722,-0.333997905254364,0.9999533891677856,0.5497162342071533,0.28483322262763977,-0.3339967429637909,0.9999511241912842,0.534658670425415,0.2885003089904785,-0.32761529088020325,0.9999462366104126,0.532235860824585,0.2890183627605438,-0.3276664912700653,0.9999463558197021,0.529661238193512,0.2895873785018921,-0.32771384716033936,0.9999427199363708,0.5604360699653625,0.2898907959461212,-0.25712692737579346,0.9998757839202881,0.5304710268974304,0.2950547933578491,-0.2290121614933014,0.9998494982719421,0.5454182028770447,0.3167087733745575,-0.30902111530303955,0.9999851584434509,0.5358327031135559,0.318572074174881,-0.3009262681007385,0.9999816417694092,0.5952539443969727,0.37621966004371643,-0.1743014007806778,0.9999697208404541,0.5142019391059875,0.38409122824668884,-0.14979995787143707,0.9999675154685974,0.6015906929969788,0.4925881326198578,-0.12489289790391922,0.993518590927124,0.5065870881080627,0.49659502506256104,-0.09793619811534882,0.9709227085113525,0.6045933961868286,0.5973483324050903,-0.18295498192310333,0.9873772263526917,0.499267041683197,0.6026951670646667,-0.15500710904598236,0.9635473489761353,0.609962522983551,0.629935085773468,-0.2030172049999237,0.967494547367096,0.4980422258377075,0.6385993957519531,-0.17539769411087036,0.9311087131500244,0.6063311100006104,0.6298856735229492,-0.23217657208442688,0.9698293209075928,0.503411054611206,0.6374784708023071,-0.20046307146549225,0.932453989982605,0.6027448177337646,0.6193671822547913,-0.19468511641025543,0.9622743725776672,0.5059050917625427,0.6249008178710938,-0.16569408774375916,0.9188085198402405,0.574199914932251,0.5799879431724548,0.0018618232570588589,0.9996517300605774,0.5279251337051392,0.5762689113616943,-0.0020339712500572205,0.99965900182724,0.5711323022842407,0.7488455772399902,0.009771544486284256,0.9889902472496033,0.5254696607589722,0.739882230758667,0.007735163439065218,0.9953407049179077,0.5736191272735596,0.8800409436225891,0.17602799832820892,0.990313708782196,0.5198801159858704,0.8803826570510864,0.16876468062400818,0.9917389154434204,0.5674113035202026,0.8937367796897888,0.1874828338623047,0.9175726175308228,0.5218257904052734,0.8910945653915405,0.17961439490318298,0.842035174369812,0.5840058922767639,0.9374885559082031,0.08225992321968079,0.9842645525932312,0.5253123641014099,0.9362818002700806,0.07105133682489395,0.9846131205558777
16700.00000000011,0.5392255187034607,0.30219975113868713,-0.3407343327999115,0.999988853931427,0.5431584715843201,0.28623154759407043,-0.3343065679073334,0.9999513030052185,0.5465161800384521,0.2854761779308319,-0.3342961072921753,0.9999530911445618,0.5502700805664062,0.28473031520843506,-0.3342989683151245,0.9999504685401917,0.5352359414100647,0.28830257058143616,-0.3284270167350769,0.9999450445175171,0.5328038930892944,0.2888815104961395,-0.3284732699394226,0.999945342540741,0.5302829742431641,0.2894470989704132,-0.32851383090019226,0.9999411702156067,0.560495913028717,0.2897564470767975,-0.25549137592315674,0.9998745918273926,0.5307846665382385,0.2949921786785126,-0.22922921180725098,0.999846339225769,0.5459524989128113,0.31629395484924316,-0.308587908744812,0.9999846816062927,0.536281168460846,0.31823301315307617,-0.30112725496292114,0.9999810457229614,0.5949720740318298,0.375770628452301,-0.17269158363342285,0.9999699592590332,0.5141907334327698,0.383961021900177,-0.14779634773731232,0.9999672770500183,0.6004314422607422,0.4910426437854767,-0.12291322648525238,0.9932110905647278,0.5065499544143677,0.4963555335998535,-0.09604225307703018,0.97144615650177,0.6081025004386902,0.5929932594299316,-0.18217363953590393,0.9870284795761108,0.49843159317970276,0.6022616028785706,-0.1549428105354309,0.9637774229049683,0.6140495538711548,0.6263106465339661,-0.20291799306869507,0.9668102264404297,0.4961126148700714,0.6374802589416504,-0.17514711618423462,0.9310314059257507,0.6116765141487122,0.6272108554840088,-0.23119649291038513,0.9693716168403625,0.5006346702575684,0.6371269226074219,-0.2015819102525711,0.9325323104858398,0.6078624725341797,0.6167383193969727,-0.19350481033325195,0.9619163870811462,0.5034016966819763,0.6245815753936768,-0.16631773114204407,0.9191251993179321,0.5740902423858643,0.5794788002967834,0.0018056913977488875,0.9996569156646729,0.5277116894721985,0.5761828422546387,-0.0019751586951315403,0.9996586441993713,0.5711584687232971,0.7486053109169006,0.0059602344408631325,0.9892855286598206,0.5252459645271301,0.7401261329650879,0.007574799470603466,0.9954001307487488,0.5736167430877686,0.8800857663154602,0.1752534657716751,0.9906262755393982,0.5202012658119202,0.8803181052207947,0.16730915009975433,0.9919720888137817,0.5673792362213135,0.8938091397285461,0.18630459904670715,0.9189689755439758,0.5227217078208923,0.8910439610481262,0.17776602506637573,0.8453266024589539,0.5840054750442505,0.9375003576278687,0.07885972410440445,0.9848138689994812,0.5251536965370178,0.9361172318458557,0.06866782158613205,0.9851353168487549
16733.33333333344,0.5402585864067078,0.30144789814949036,-0.3414445221424103,0.9999889135360718,0.5441213250160217,0.2856085002422333,-0.3342132568359375,0.9999510645866394,0.5475819110870361,0.28493261337280273,-0.33420759439468384,0.9999533891677856,0.5513820052146912,0.2842811048030853,-0.33421555161476135,0.9999504685401917,0.5360201001167297,0.2875501215457916,-0.32917410135269165,0.9999440312385559,0.5334198474884033,0.2882387936115265,-0.3292172849178314,0.9999446272850037,0.5309199094772339,0.28883498907089233,-0.3292502462863922,0.9999396204948425,0.5607724785804749,0.2895107567310333,-0.25346049666404724,0.9998757243156433,0.5308419466018677,0.2948492467403412,-0.2296486496925354,0.9998434782028198,0.5470601320266724,0.3153947591781616,-0.3081609904766083,0.9999843835830688,0.5369470715522766,0.31740808486938477,-0.3017664849758148,0.9999804496765137,0.5946492552757263,0.3755384683609009,-0.17202574014663696,0.999970555305481,0.5141698718070984,0.38386911153793335,-0.14687307178974152,0.9999659657478333,0.6000092029571533,0.49067768454551697,-0.11858563125133514,0.9929133653640747,0.5064681172370911,0.4962032735347748,-0.09538998454809189,0.971633791923523,0.6107989549636841,0.5905863642692566,-0.18159082531929016,0.9866282343864441,0.4968695044517517,0.6006826162338257,-0.1563911885023117,0.9631394147872925,0.617605447769165,0.6215870976448059,-0.20245976746082306,0.9659579992294312,0.49361497163772583,0.6344337463378906,-0.17681139707565308,0.929531455039978,0.6163316965103149,0.6225422024726868,-0.2313636690378189,0.9687942266464233,0.49741294980049133,0.6350952386856079,-0.20456819236278534,0.9313399195671082,0.6124526858329773,0.6130507588386536,-0.19323772192001343,0.9614569544792175,0.5002281665802002,0.6228901743888855,-0.16852137446403503,0.9180838465690613,0.5739863514900208,0.5794672966003418,0.0017680756282061338,0.9996635913848877,0.527396559715271,0.5761945247650146,-0.0019372709793969989,0.9996548891067505,0.5714561939239502,0.748422384262085,0.0028522901702672243,0.9895787835121155,0.5251991748809814,0.7402728796005249,0.007460409309715033,0.995413601398468,0.573625922203064,0.8800767660140991,0.17728956043720245,0.9909008145332336,0.5205220580101013,0.8795296549797058,0.17483024299144745,0.9920804500579834,0.5673770904541016,0.8938105702400208,0.1889060139656067,0.9198630452156067,0.5233033299446106,0.8900293707847595,0.18616628646850586,0.8465861082077026,0.583975076675415,0.9374810457229614,0.07967888563871384,0.9853085875511169,0.525163471698761,0.9349792003631592,0.07534745335578918,0.9854841232299805
16766.666666666773,0.5419647097587585,0.30109867453575134,-0.34674569964408875,0.9999891519546509,0.5459663271903992,0.28539228439331055,-0.3382856547832489,0.9999517798423767,0.5496552586555481,0.28477683663368225,-0.3382841646671295,0.9999544024467468,0.5534390807151794,0.2842176854610443,-0.33829987049102783,0.9999514222145081,0.5376460552215576,0.2871153950691223,-0.33479732275009155,0.9999443888664246,0.5347976088523865,0.2878481447696686,-0.33484336733818054,0.9999452233314514,0.5321540236473083,0.28851309418678284,-0.3348712921142578,0.9999397397041321,0.561357855796814,0.2894948124885559,-0.2528655230998993,0.9998791217803955,0.5310165286064148,0.29484280943870544,-0.23623807728290558,0.9998451471328735,0.5490903854370117,0.3152022063732147,-0.3118225932121277,0.9999843835830688,0.5382087826728821,0.31708231568336487,-0.30750757455825806,0.9999803304672241,0.5939366221427917,0.3755374252796173,-0.1718422919511795,0.9999712705612183,0.5140746831893921,0.3838651776313782,-0.15046191215515137,0.9999643564224243,0.5996591448783875,0.48969167470932007,-0.11571769416332245,0.9927178621292114,0.5060436725616455,0.4962025284767151,-0.09931293874979019,0.9720821976661682,0.6142483353614807,0.5874142050743103,-0.18133416771888733,0.9863618016242981,0.49565088748931885,0.5999543070793152,-0.16257008910179138,0.962465226650238,0.6216944456100464,0.6172242760658264,-0.2021149843931198,0.9653157591819763,0.49176180362701416,0.6330741047859192,-0.18343092501163483,0.927869439125061,0.6207613348960876,0.6183898448944092,-0.23253580927848816,0.968402624130249,0.4950518012046814,0.6343632936477661,-0.21275362372398376,0.9300897121429443,0.6169078946113586,0.6098977327346802,-0.1938098818063736,0.9612004160881042,0.49808624386787415,0.6223173141479492,-0.1755131334066391,0.9170323610305786,0.5739863514900208,0.5794304013252258,0.001738241408020258,0.999668538570404,0.5273253321647644,0.5763887763023376,-0.0019076460739597678,0.9996518492698669,0.5715966820716858,0.7484307885169983,0.0029432554729282856,0.9899228811264038,0.5251618027687073,0.7408275604248047,0.007356904912739992,0.9954203367233276,0.5736262202262878,0.8801274299621582,0.17684371769428253,0.9912006855010986,0.5206983685493469,0.8793546557426453,0.1732543408870697,0.9922317862510681,0.5673607587814331,0.893879234790802,0.18812617659568787,0.9207122921943665,0.5237849950790405,0.8900068998336792,0.1839456409215927,0.8485348224639893,0.5838032364845276,0.9374792575836182,0.0783265009522438,0.9858264923095703,0.5250501036643982,0.9344800114631653,0.07193657010793686,0.9858717322349548
16800.000000000106,0.5433105826377869,0.3011440336704254,-0.346209317445755,0.9999895691871643,0.5475285649299622,0.28550606966018677,-0.3375794589519501,0.9999534487724304,0.5513368844985962,0.2849966883659363,-0.33757925033569336,0.9999560713768005,0.5550404787063599,0.2845570147037506,-0.33759361505508423,0.9999530911445618,0.539046585559845,0.2871159613132477,-0.3348486125469208,0.9999459981918335,0.5361829400062561,0.28783658146858215,-0.33489659428596497,0.9999468922615051,0.5332830548286438,0.2885080873966217,-0.3349262475967407,0.9999412894248962,0.5619081258773804,0.28953370451927185,-0.25164276361465454,0.999884307384491,0.5314297080039978,0.29483848810195923,-0.23694653809070587,0.9998509287834167,0.5505372881889343,0.31533655524253845,-0.31039369106292725,0.9999848008155823,0.5391603708267212,0.31710875034332275,-0.3069618046283722,0.9999808669090271,0.5934096574783325,0.3755631148815155,-0.16307027637958527,0.9999722242355347,0.5139796733856201,0.38355782628059387,-0.1508549302816391,0.9999635815620422,0.5997098684310913,0.48876479268074036,-0.10419140756130219,0.9925937652587891,0.5053232908248901,0.49614664912223816,-0.1015356108546257,0.9728879332542419,0.618963897228241,0.5820603966712952,-0.17593900859355927,0.9864156246185303,0.4944224953651428,0.5986867547035217,-0.16844242811203003,0.9626944065093994,0.6277689337730408,0.6105149984359741,-0.1965068131685257,0.9654442667961121,0.4901515543460846,0.6316235661506653,-0.19012567400932312,0.9278928637504578,0.6267307996749878,0.611178994178772,-0.23021240532398224,0.9686809182167053,0.49323979020118713,0.6334959864616394,-0.21978431940078735,0.9304410219192505,0.6230098009109497,0.6043629050254822,-0.19026456773281097,0.9616889357566833,0.4963490664958954,0.6214891076087952,-0.18151365220546722,0.9177381992340088,0.5739782452583313,0.5796834230422974,0.0017740830080583692,0.9996694326400757,0.5272144675254822,0.5770769715309143,-0.001936158980242908,0.9996451735496521,0.5715970396995544,0.748621940612793,0.0024202701169997454,0.9902352094650269,0.5248854160308838,0.741726815700531,0.006049971096217632,0.9954212307929993,0.5736170411109924,0.8801299333572388,0.17733018100261688,0.9914342761039734,0.5212814211845398,0.8808655142784119,0.17064566910266876,0.9923632740974426,0.5673608183860779,0.893879771232605,0.18862517178058624,0.9212161898612976,0.5250055193901062,0.8921376466751099,0.18113365769386292,0.8505567908287048,0.583495020866394,0.9375293254852295,0.07829166948795319,0.9862633943557739,0.5255218148231506,0.9354382753372192,0.07147224992513657,0.9862098693847656
16833.333333333438,0.5441104769706726,0.30112338066101074,-0.36334121227264404,0.9999902248382568,0.5485886931419373,0.2854527235031128,-0.35334837436676025,0.9999563694000244,0.552422285079956,0.2849797308444977,-0.35334300994873047,0.999958872795105,0.5560429692268372,0.28455498814582825,-0.3533574938774109,0.999955952167511,0.5397717952728271,0.2869313359260559,-0.35170766711235046,0.9999492764472961,0.5369036197662354,0.28761693835258484,-0.35176461935043335,0.9999501705169678,0.5337939858436584,0.28834059834480286,-0.35179105401039124,0.999944806098938,0.5622842907905579,0.2895055115222931,-0.2596767246723175,0.9998916983604431,0.5316027402877808,0.29479700326919556,-0.2530840337276459,0.999860942363739,0.551419198513031,0.31534039974212646,-0.3258480131626129,0.9999856352806091,0.5397023558616638,0.31710508465766907,-0.3241262137889862,0.9999819397926331,0.5928782820701599,0.3756007254123688,-0.16631509363651276,0.9999731779098511,0.5138843655586243,0.3834984600543976,-0.166459858417511,0.9999637007713318,0.5997533798217773,0.48809677362442017,-0.10764756798744202,0.9924571514129639,0.5044878721237183,0.49614354968070984,-0.12078610807657242,0.9739775061607361,0.6228451132774353,0.5792244672775269,-0.18168945610523224,0.986427366733551,0.4933018386363983,0.5979230999946594,-0.18983088433742523,0.9632593393325806,0.6329185962677002,0.6060421466827393,-0.20262043178081512,0.9653993844985962,0.4887163043022156,0.6304956078529358,-0.21256166696548462,0.9283396005630493,0.6320450305938721,0.6064510345458984,-0.23773537576198578,0.9688011407852173,0.4920138716697693,0.6326825022697449,-0.24234189093112946,0.931125819683075,0.6276654005050659,0.5999755859375,-0.196991428732872,0.9620122313499451,0.4952075183391571,0.6208245158195496,-0.20299360156059265,0.9187745451927185,0.5739546418190002,0.5794856548309326,0.002384146209806204,0.9996760487556458,0.527121901512146,0.5770567655563354,-0.0025372004602104425,0.9996480941772461,0.5715939998626709,0.7478079795837402,0.0040378631092607975,0.9905850887298584,0.5246894359588623,0.7417277097702026,0.006013626232743263,0.9954824447631836,0.5736156702041626,0.879912257194519,0.18305717408657074,0.991750180721283,0.5211988687515259,0.8805635571479797,0.1735604852437973,0.9925867915153503,0.5673609972000122,0.8936380743980408,0.19435857236385345,0.922620952129364,0.5249454975128174,0.89202481508255,0.18419121205806732,0.8530952334403992,0.583194375038147,0.9375232458114624,0.08172616362571716,0.9867887496948242,0.5255368947982788,0.9355685114860535,0.0703720897436142,0.9866626262664795
16866.66666666677,0.544576108455658,0.3007870316505432,-0.36552301049232483,0.9999908208847046,0.5491015911102295,0.2850387990474701,-0.3553401529788971,0.9999591112136841,0.5529081225395203,0.2846626341342926,-0.35533419251441956,0.9999614953994751,0.5564851760864258,0.28430068492889404,-0.35535159707069397,0.9999586343765259,0.5400412082672119,0.2863922715187073,-0.3539978265762329,0.9999523758888245,0.5371897220611572,0.28705596923828125,-0.3540574312210083,0.9999533295631409,0.5340078473091125,0.28784188628196716,-0.35408374667167664,0.9999481439590454,0.5624192953109741,0.2892935276031494,-0.26160886883735657,0.9998986124992371,0.531620442867279,0.2946551740169525,-0.25688299536705017,0.9998705983161926,0.5519565343856812,0.31513160467147827,-0.3283194303512573,0.9999864101409912,0.540002167224884,0.31688281893730164,-0.3269960582256317,0.9999829530715942,0.5927128195762634,0.375627338886261,-0.16812951862812042,0.9999738335609436,0.5136070847511292,0.3835729956626892,-0.17254827916622162,0.9999637603759766,0.6000452041625977,0.4880720376968384,-0.1092873141169548,0.9922648668289185,0.5038568377494812,0.4961477816104889,-0.1287982314825058,0.9749276041984558,0.6259030699729919,0.5777691602706909,-0.18338370323181152,0.9863114953041077,0.4921609163284302,0.5972059965133667,-0.1976979374885559,0.9635743498802185,0.6378775238990784,0.6025539040565491,-0.20420433580875397,0.9650593400001526,0.48707228899002075,0.6300138831138611,-0.22036093473434448,0.9283839464187622,0.6375067830085754,0.6028206944465637,-0.23912771046161652,0.9686721563339233,0.4904009699821472,0.632314920425415,-0.25008445978164673,0.9314301609992981,0.6325099468231201,0.596764087677002,-0.19877181947231293,0.9620890617370605,0.49396368861198425,0.6202189922332764,-0.21088409423828125,0.9194132089614868,0.5738581418991089,0.5794192552566528,0.002856035018339753,0.9996799826622009,0.5269612073898315,0.5770533680915833,-0.0030059763230383396,0.9996493458747864,0.5715973973274231,0.7478265166282654,0.006414072122424841,0.9908443093299866,0.5246719121932983,0.7420525550842285,0.006300588604062796,0.9954850673675537,0.573694109916687,0.8798160552978516,0.18516108393669128,0.9919524788856506,0.5211545825004578,0.8805656433105469,0.1755165308713913,0.9926678538322449,0.5675908327102661,0.8934201598167419,0.19636456668376923,0.9229266047477722,0.5247090458869934,0.8921140432357788,0.18622030317783356,0.8537060618400574,0.5831146240234375,0.9375225901603699,0.08410131186246872,0.9871056079864502,0.5255053043365479,0.9355406165122986,0.07121492922306061,0.9868671894073486
16900.000000000102,0.5448941588401794,0.2999263405799866,-0.3602048456668854,0.9999911785125732,0.5494813919067383,0.28396478295326233,-0.3502834737300873,0.999960720539093,0.5532540678977966,0.28367137908935547,-0.3502804636955261,0.9999630451202393,0.5568182468414307,0.283377468585968,-0.35029804706573486,0.99996018409729,0.5401983857154846,0.28530359268188477,-0.3489457070827484,0.9999542832374573,0.5373460650444031,0.28601211309432983,-0.3490053117275238,0.9999553561210632,0.5341272950172424,0.2868349850177765,-0.34903621673583984,0.9999503493309021,0.5625006556510925,0.2887146770954132,-0.25932884216308594,0.9999026656150818,0.5316178798675537,0.29430583119392395,-0.2543206810951233,0.9998778700828552,0.5523772835731506,0.31452852487564087,-0.3238561451435089,0.9999867081642151,0.5401490330696106,0.31620022654533386,-0.32256942987442017,0.9999834895133972,0.5925775170326233,0.3757006525993347,-0.16780273616313934,0.9999733567237854,0.5131910443305969,0.38379305601119995,-0.17343582212924957,0.9999630451202393,0.6003507375717163,0.48780015110969543,-0.10999009758234024,0.9915679097175598,0.5034565329551697,0.4964079260826111,-0.13339166343212128,0.9756537675857544,0.6280152797698975,0.5748413801193237,-0.18420593440532684,0.9854528903961182,0.49127277731895447,0.5973968505859375,-0.20057286322116852,0.9633780121803284,0.6412137746810913,0.5976621508598328,-0.20489399135112762,0.9632511734962463,0.48536863923072815,0.6312565803527832,-0.22270260751247406,0.9275638461112976,0.6414380669593811,0.5980973243713379,-0.23931898176670074,0.9672860503196716,0.4883459806442261,0.6339610815048218,-0.25231048464775085,0.9309417605400085,0.636021077632904,0.5926187038421631,-0.19955278933048248,0.9608309864997864,0.4924265742301941,0.6215990781784058,-0.21374160051345825,0.9193975329399109,0.5737372040748596,0.5792704224586487,0.003406509989872575,0.999672532081604,0.526808500289917,0.5769686102867126,-0.0035505415871739388,0.999640941619873,0.5715373158454895,0.7478328347206116,0.010779434815049171,0.990973174571991,0.5246197581291199,0.74311763048172,0.006614886224269867,0.9953798055648804,0.5737414956092834,0.8797553181648254,0.18421968817710876,0.9920215606689453,0.5208714604377747,0.8813351988792419,0.17361275851726532,0.9925894141197205,0.5677992701530457,0.8932855129241943,0.19505825638771057,0.9218447208404541,0.5240962505340576,0.8932405114173889,0.18415899574756622,0.8519304990768433,0.582950234413147,0.9375426769256592,0.08400882035493851,0.9871712327003479,0.5252735018730164,0.935688316822052,0.07115332037210464,0.9867568016052246
16933.333333333434,0.5448085069656372,0.29922816157341003,-0.3564471900463104,0.9999915361404419,0.5494184494018555,0.28302520513534546,-0.3484455347061157,0.9999621510505676,0.5532270669937134,0.2827138602733612,-0.34842824935913086,0.9999644160270691,0.5568433403968811,0.2824191451072693,-0.3484233319759369,0.9999615550041199,0.5401018261909485,0.2844882309436798,-0.34445562958717346,0.999955952167511,0.5372494459152222,0.2852512001991272,-0.34451061487197876,0.9999570846557617,0.5340554714202881,0.2861177623271942,-0.3445431888103485,0.9999522566795349,0.5625277161598206,0.28803253173828125,-0.25491073727607727,0.9999063611030579,0.531498908996582,0.2939551770687103,-0.2489641010761261,0.9998842477798462,0.5524135231971741,0.3139798641204834,-0.32218360900878906,0.9999869465827942,0.5401031970977783,0.3156905770301819,-0.31777843832969666,0.9999839067459106,0.5923821926116943,0.3758135437965393,-0.16290970146656036,0.9999726414680481,0.5129042267799377,0.3839065134525299,-0.16927698254585266,0.9999620318412781,0.6004896759986877,0.48751938343048096,-0.10662525147199631,0.9907609820365906,0.5033127665519714,0.49641141295433044,-0.12909100949764252,0.9761388897895813,0.6300097703933716,0.5716115832328796,-0.1821538507938385,0.9845216870307922,0.49050530791282654,0.5972824096679688,-0.19550582766532898,0.9630175828933716,0.6435249447822571,0.5934133529663086,-0.20207437872886658,0.9613902568817139,0.48411113023757935,0.6312472820281982,-0.21708588302135468,0.9266168475151062,0.6444695591926575,0.5941575765609741,-0.23779909312725067,0.9658544659614563,0.48675259947776794,0.6339656114578247,-0.24641457200050354,0.93033367395401,0.639051079750061,0.5889908671379089,-0.19868208467960358,0.9595359563827515,0.49108123779296875,0.6215965747833252,-0.2085728496313095,0.9192646145820618,0.5733687877655029,0.578967809677124,0.003769098548218608,0.9996606111526489,0.5264719724655151,0.5766931176185608,-0.0039129178039729595,0.999627411365509,0.5712607502937317,0.7477441430091858,0.011732935905456543,0.9910299181938171,0.5246082544326782,0.7439655065536499,0.006338353268802166,0.9952470064163208,0.5738040208816528,0.8796495199203491,0.18175913393497467,0.9920655488967896,0.5201546549797058,0.88353431224823,0.16775856912136078,0.9924448728561401,0.5680904984474182,0.893240213394165,0.19153404235839844,0.9202613830566406,0.5221711993217468,0.8956358432769775,0.17738822102546692,0.8488131761550903,0.5828164219856262,0.937535285949707,0.08045747876167297,0.9871538877487183,0.5252260565757751,0.9362214207649231,0.06210886687040329,0.986506462097168
16966.666666666766,0.5447006225585938,0.29915153980255127,-0.3577656149864197,0.9999918341636658,0.5492658615112305,0.2829969823360443,-0.3488728702068329,0.9999633431434631,0.553048849105835,0.2826577126979828,-0.3488672971725464,0.9999656081199646,0.5566874742507935,0.28234606981277466,-0.34888172149658203,0.9999627470970154,0.5400427579879761,0.2844753861427307,-0.3464297354221344,0.999957263469696,0.5372312664985657,0.2852393686771393,-0.3464888334274292,0.9999585151672363,0.5339869856834412,0.28611689805984497,-0.3465217053890228,0.9999537467956543,0.5625212788581848,0.287899374961853,-0.2579062283039093,0.9999093413352966,0.5313260555267334,0.293938547372818,-0.25167354941368103,0.9998893141746521,0.5522509217262268,0.31392860412597656,-0.32256704568862915,0.9999871253967285,0.5400752425193787,0.31564193964004517,-0.3198402523994446,0.9999842047691345,0.5921926498413086,0.3760412037372589,-0.16548514366149902,0.9999720454216003,0.5128160119056702,0.3841664493083954,-0.17191198468208313,0.9999613761901855,0.6006796956062317,0.48726382851600647,-0.10991107672452927,0.9900263547897339,0.5033061504364014,0.4965437650680542,-0.1319645792245865,0.9766468405723572,0.6313430666923523,0.5708972215652466,-0.18674378097057343,0.9836504459381104,0.490263968706131,0.5975099802017212,-0.19809943437576294,0.9630210995674133,0.6452775597572327,0.5920477509498596,-0.206625297665596,0.9596038460731506,0.48355281352996826,0.6313979625701904,-0.21951882541179657,0.9262481331825256,0.6463966965675354,0.5925494432449341,-0.24156026542186737,0.9644938707351685,0.48591044545173645,0.6343916058540344,-0.24888545274734497,0.9302282333374023,0.6410055756568909,0.5877606272697449,-0.2025868147611618,0.958310604095459,0.4902854263782501,0.6222044229507446,-0.21120168268680573,0.9195899963378906,0.57318514585495,0.5786848664283752,0.0038534263148903847,0.9996513724327087,0.5262547135353088,0.5764791965484619,-0.004000967368483543,0.9996154308319092,0.5712145566940308,0.7474985122680664,0.011286797933280468,0.9909905195236206,0.5246084928512573,0.7439453601837158,0.006282085552811623,0.9950949549674988,0.5739692449569702,0.8794589042663574,0.18172910809516907,0.9920312166213989,0.5201607346534729,0.8841679692268372,0.16860024631023407,0.9922707676887512,0.5682731866836548,0.8931388258934021,0.1919756829738617,0.9183457493782043,0.522187352180481,0.8958985209465027,0.17856092751026154,0.8457138538360596,0.5828122496604919,0.9375219345092773,0.08112480491399765,0.9870619773864746,0.5252563953399658,0.9368634819984436,0.06266245245933533,0.9862528443336487
17000.0000000001,0.5446125864982605,0.2991653084754944,-0.36389046907424927,0.9999919533729553,0.5491849184036255,0.28305870294570923,-0.35466358065605164,0.9999639391899109,0.5530030727386475,0.2826967239379883,-0.3546610176563263,0.9999662041664124,0.5565999150276184,0.28237205743789673,-0.35468432307243347,0.9999632835388184,0.5399379730224609,0.284544438123703,-0.3527200520038605,0.9999580979347229,0.5370470881462097,0.28532958030700684,-0.3527856171131134,0.9999594688415527,0.5338274836540222,0.28623390197753906,-0.35282275080680847,0.9999548196792603,0.5624724626541138,0.2878924608230591,-0.26436087489128113,0.9999104738235474,0.5311887264251709,0.29400813579559326,-0.2574959993362427,0.999893307685852,0.5521868467330933,0.3139330744743347,-0.32817956805229187,0.999987006187439,0.5399815440177917,0.31564638018608093,-0.3259808123111725,0.9999842643737793,0.5920869708061218,0.37623992562294006,-0.17117473483085632,0.9999704957008362,0.5127076506614685,0.38472557067871094,-0.17758724093437195,0.9999607801437378,0.6008902788162231,0.4871496558189392,-0.11764685809612274,0.9892090559005737,0.5032387375831604,0.49680379033088684,-0.13936379551887512,0.9771398305892944,0.632371187210083,0.5716344714164734,-0.19190768897533417,0.9823617339134216,0.49012768268585205,0.5983526706695557,-0.204941987991333,0.9628897309303284,0.6463927030563354,0.5930103659629822,-0.2114115059375763,0.956855833530426,0.4832092225551605,0.6327092051506042,-0.22631114721298218,0.9255585670471191,0.6475919485092163,0.593402624130249,-0.2459069788455963,0.9622762799263,0.485755980014801,0.6357488632202148,-0.25558358430862427,0.9297865629196167,0.6424696445465088,0.588738203048706,-0.20737697184085846,0.9561555981636047,0.49018701910972595,0.623697817325592,-0.2179781049489975,0.9194359183311462,0.5730971693992615,0.5779911279678345,0.004007167182862759,0.9996348023414612,0.5262131690979004,0.5760876536369324,-0.004158990457653999,0.9996018409729004,0.5711514353752136,0.7472704648971558,0.012286534532904625,0.9908374547958374,0.5246455073356628,0.7432311773300171,0.006258663721382618,0.9949353933334351,0.5741884112358093,0.8792426586151123,0.17963747680187225,0.9919748902320862,0.5201694369316101,0.8842776417732239,0.16599398851394653,0.9921137690544128,0.5684983730316162,0.8928713798522949,0.18932586908340454,0.9167913198471069,0.5221928954124451,0.8961262702941895,0.17558494210243225,0.8429775238037109,0.5827815532684326,0.937483549118042,0.07809153944253922,0.9869419932365417,0.5252572298049927,0.9369283318519592,0.0596163310110569,0.9859836101531982
17033.33333333343,0.5440312623977661,0.2991894781589508,-0.362691193819046,0.9999921321868896,0.5486257672309875,0.28307634592056274,-0.35403305292129517,0.9999644160270691,0.5525246262550354,0.2827090322971344,-0.354030966758728,0.9999666810035706,0.556283175945282,0.2823783755302429,-0.35405632853507996,0.9999635815620422,0.5394572615623474,0.2846408486366272,-0.3525201380252838,0.9999587535858154,0.5363808870315552,0.2855111360549927,-0.3525927662849426,0.99996018409729,0.5333164930343628,0.2864176034927368,-0.3526350259780884,0.9999555945396423,0.5622460246086121,0.28783029317855835,-0.26418301463127136,0.9999111294746399,0.5308910012245178,0.29406094551086426,-0.2555937170982361,0.9998964667320251,0.5518009662628174,0.313932329416275,-0.3270006775856018,0.9999869465827942,0.5396168231964111,0.3156563341617584,-0.3251095414161682,0.9999843239784241,0.5918812155723572,0.37624281644821167,-0.16841138899326324,0.9999698400497437,0.5125257968902588,0.38495299220085144,-0.17369438707828522,0.9999606013298035,0.6011830568313599,0.48602697253227234,-0.1132562905550003,0.988692581653595,0.5030419826507568,0.4968841075897217,-0.13176250457763672,0.9776630401611328,0.6308332085609436,0.5698189735412598,-0.1881389617919922,0.9818120002746582,0.4903671443462372,0.598986029624939,-0.19732104241847992,0.9632536768913269,0.6442822813987732,0.5911059975624084,-0.2068212330341339,0.9557408690452576,0.48376572132110596,0.6337032318115234,-0.21899737417697906,0.9258010387420654,0.6449950933456421,0.5918821096420288,-0.24136893451213837,0.9614279866218567,0.4865362048149109,0.6364176273345947,-0.2482791244983673,0.9301304817199707,0.6397693157196045,0.586959958076477,-0.20386239886283875,0.9553778767585754,0.4908820688724518,0.6243085265159607,-0.21023911237716675,0.9201264381408691,0.5729522705078125,0.577812910079956,0.003985883668065071,0.999626636505127,0.5261186957359314,0.5760600566864014,-0.004138369578868151,0.9995928406715393,0.57102370262146,0.7472448348999023,0.012015924789011478,0.990729570388794,0.5246652364730835,0.7432307600975037,0.0060815270990133286,0.9948107004165649,0.5742003321647644,0.8791571855545044,0.1789737194776535,0.9919254779815674,0.5201923251152039,0.8842121362686157,0.16564801335334778,0.9919951558113098,0.5685136914253235,0.8927834033966064,0.18876102566719055,0.915601372718811,0.5221982002258301,0.896043598651886,0.17535077035427094,0.8412925601005554,0.5827362537384033,0.9374818801879883,0.07813560962677002,0.9868606328964233,0.5252569913864136,0.936939001083374,0.06014809384942055,0.9858353734016418
17066.666666666762,0.5435032248497009,0.29928117990493774,-0.35635268688201904,0.9999924898147583,0.5481848120689392,0.2832179069519043,-0.34759700298309326,0.9999658465385437,0.552104115486145,0.2828080654144287,-0.3475911319255829,0.9999680519104004,0.555957555770874,0.28244030475616455,-0.3476109802722931,0.9999649524688721,0.539111852645874,0.28481319546699524,-0.3459469974040985,0.9999605417251587,0.535973846912384,0.28571972250938416,-0.3460153341293335,0.9999620318412781,0.5329949259757996,0.28660115599632263,-0.34604278206825256,0.9999576210975647,0.561974823474884,0.28783050179481506,-0.2577611804008484,0.9999144077301025,0.5307099223136902,0.2941077947616577,-0.24950285255908966,0.9999021291732788,0.5513530373573303,0.31394028663635254,-0.32035523653030396,0.9999873638153076,0.5392597913742065,0.3156778812408447,-0.31830182671546936,0.999984860420227,0.5916316509246826,0.3761943280696869,-0.16184073686599731,0.9999698996543884,0.5123214721679688,0.3850524127483368,-0.1687929630279541,0.9999615550041199,0.6014611721038818,0.4851955771446228,-0.1030949056148529,0.9885284900665283,0.5029082894325256,0.4967750906944275,-0.124864861369133,0.9784539937973022,0.6295417547225952,0.5693235993385315,-0.17506107687950134,0.9816252589225769,0.4910888373851776,0.5989892482757568,-0.1896577626466751,0.9639794230461121,0.6420467495918274,0.591326117515564,-0.193982794880867,0.9552687406539917,0.4849744141101837,0.6337031126022339,-0.21124021708965302,0.9267116189002991,0.6423260569572449,0.5923653244972229,-0.2276858389377594,0.9610655307769775,0.48844096064567566,0.636321485042572,-0.23905505239963531,0.9310469031333923,0.6373506188392639,0.5870112776756287,-0.18999585509300232,0.9550681114196777,0.4925517439842224,0.6241077780723572,-0.2018302083015442,0.9212729930877686,0.5729151964187622,0.5770714282989502,0.003987904172390699,0.9996271133422852,0.5260629057884216,0.5758813619613647,-0.004140406381338835,0.9995962977409363,0.5709515810012817,0.7470703125,0.009424606338143349,0.9907423853874207,0.5247175097465515,0.7431777119636536,5.993816739646718e-05,0.9948144555091858,0.5742042660713196,0.8791260719299316,0.167886883020401,0.9919560551643372,0.5201676487922668,0.8841612935066223,0.15555770695209503,0.9919518828392029,0.5685084462165833,0.8927819728851318,0.1771680861711502,0.9156714081764221,0.522155225276947,0.8959811329841614,0.16495804488658905,0.8403263092041016,0.5827720761299133,0.9374998211860657,0.06858495622873306,0.9869089126586914,0.5252566933631897,0.9369239807128906,0.05182521790266037,0.9857919216156006
17100.000000000095,0.5428511500358582,0.29961317777633667,-0.3521340787410736,0.9999929070472717,0.5476043820381165,0.283769816160202,-0.34312546253204346,0.9999676942825317,0.551501989364624,0.2833988666534424,-0.3431134819984436,0.9999697208404541,0.5554245710372925,0.28299570083618164,-0.34312909841537476,0.9999668002128601,0.53877192735672,0.28517043590545654,-0.34091123938560486,0.9999626874923706,0.5356466174125671,0.28602397441864014,-0.34097233414649963,0.9999641180038452,0.5327447056770325,0.2868201732635498,-0.3409894108772278,0.9999599456787109,0.5617021918296814,0.2879839241504669,-0.25348547101020813,0.9999188780784607,0.5306347012519836,0.29413172602653503,-0.2435346096754074,0.9999080300331116,0.5506072640419006,0.3141465485095978,-0.3162176012992859,0.9999880194664001,0.5388564467430115,0.31580767035484314,-0.3135696351528168,0.9999856352806091,0.5916129946708679,0.37619906663894653,-0.1593874841928482,0.9999709129333496,0.512182891368866,0.3850446343421936,-0.1612110733985901,0.9999623894691467,0.6023991107940674,0.4840521216392517,-0.09974543005228043,0.9888830184936523,0.5024292469024658,0.49652189016342163,-0.11437252908945084,0.9792919754981995,0.6251823902130127,0.5690999031066895,-0.17087773978710175,0.9822207093238831,0.49366337060928345,0.5991636514663696,-0.1791497766971588,0.9647889733314514,0.6362388134002686,0.592540979385376,-0.19101403653621674,0.956466555595398,0.48971378803253174,0.6339192986488342,-0.201675146818161,0.9277614951133728,0.635048508644104,0.5935307145118713,-0.22418074309825897,0.9621033668518066,0.494832307100296,0.636191725730896,-0.22839762270450592,0.9320316314697266,0.6306401491165161,0.587851345539093,-0.1851622313261032,0.9561854004859924,0.4982560873031616,0.6238558888435364,-0.1907803863286972,0.922393262386322,0.5728626251220703,0.5764442086219788,0.003973267041146755,0.9996321201324463,0.5259693264961243,0.5754515528678894,-0.004125860054045916,0.999600887298584,0.570949137210846,0.7471489310264587,0.003319330746307969,0.990862250328064,0.5247171521186829,0.7436008453369141,-0.004058560822159052,0.9948267936706543,0.5740834474563599,0.8796087503433228,0.16319097578525543,0.9920205473899841,0.5199275612831116,0.8842079043388367,0.14868125319480896,0.9919528365135193,0.5683969855308533,0.8930667638778687,0.1727323830127716,0.9152560830116272,0.5217821598052979,0.896070122718811,0.15775369107723236,0.8389439582824707,0.5827710032463074,0.9383662939071655,0.06256040930747986,0.9869750142097473,0.525347888469696,0.9370885491371155,0.042611561715602875,0.9857991337776184
17133.333333333427,0.5419357419013977,0.30106356739997864,-0.36012616753578186,0.9999932646751404,0.5467569231987,0.28537890315055847,-0.35148993134498596,0.9999693036079407,0.5506101846694946,0.28521671891212463,-0.35147279500961304,0.9999711513519287,0.5546500086784363,0.28489524126052856,-0.3514845073223114,0.9999683499336243,0.5381532311439514,0.28636792302131653,-0.34844979643821716,0.9999646544456482,0.5350305438041687,0.2870502173900604,-0.34850913286209106,0.999966025352478,0.5322979092597961,0.28768354654312134,-0.34852948784828186,0.9999621510505676,0.561330258846283,0.2889239490032196,-0.26139596104621887,0.9999223947525024,0.5304076075553894,0.2945558726787567,-0.24838823080062866,0.9999135136604309,0.5494555830955505,0.3153608441352844,-0.3238583505153656,0.9999886155128479,0.5382226705551147,0.31684228777885437,-0.320180207490921,0.999986469745636,0.5916013717651367,0.37620192766189575,-0.164240300655365,0.9999721646308899,0.5119950175285339,0.38508468866348267,-0.16258050501346588,0.9999637007713318,0.603113055229187,0.48177558183670044,-0.1018666923046112,0.9892762899398804,0.5021042227745056,0.49651026725769043,-0.1144670695066452,0.9803911447525024,0.6169452667236328,0.5682981610298157,-0.17482887208461761,0.9828500747680664,0.4971403181552887,0.5999826192855835,-0.17986102402210236,0.966312050819397,0.6256179809570312,0.5928826928138733,-0.1972532719373703,0.9577677845954895,0.4952368140220642,0.635209858417511,-0.20389024913311005,0.9301795959472656,0.623866856098175,0.5938125252723694,-0.22970739006996155,0.9631866216659546,0.5020374059677124,0.6363186836242676,-0.22932027280330658,0.9342474341392517,0.6194095015525818,0.5876786112785339,-0.18820157647132874,0.9572564363479614,0.5048077702522278,0.623939573764801,-0.1911170929670334,0.9247812032699585,0.5726279020309448,0.5756822824478149,0.003730765776708722,0.9996424913406372,0.5259062051773071,0.5747267603874207,-0.003888907842338085,0.9996097683906555,0.5707980990409851,0.7472369074821472,-0.0029635687824338675,0.9909704923629761,0.5246725678443909,0.7435243725776672,-0.006651182193309069,0.9947380423545837,0.5740907788276672,0.8803473114967346,0.1598685383796692,0.9920480251312256,0.5199569463729858,0.8843275904655457,0.1494985669851303,0.991855800151825,0.5684066414833069,0.893669068813324,0.16980840265750885,0.914212167263031,0.5218762159347534,0.8963966965675354,0.15902607142925262,0.8373318910598755,0.5828001499176025,0.9389493465423584,0.05851360410451889,0.9870195388793945,0.525416910648346,0.9371899962425232,0.04431772604584694,0.9857292771339417
17166.66666666676,0.5412530303001404,0.30246204137802124,-0.3612256646156311,0.9999935626983643,0.5460394620895386,0.28678444027900696,-0.3526829183101654,0.9999706149101257,0.549841046333313,0.2867412269115448,-0.3526679277420044,0.9999722838401794,0.5539036393165588,0.28650012612342834,-0.3526797890663147,0.9999696016311646,0.537577211856842,0.2875637114048004,-0.3494921922683716,0.9999663233757019,0.5344933867454529,0.28809577226638794,-0.34954679012298584,0.9999675154685974,0.5319105386734009,0.2886866629123688,-0.3495645523071289,0.9999638795852661,0.5608276128768921,0.2900662422180176,-0.2630843222141266,0.9999253749847412,0.530189037322998,0.29518771171569824,-0.24955196678638458,0.9999181032180786,0.5486139059066772,0.3164350688457489,-0.3251287043094635,0.9999891519546509,0.5376546382904053,0.31795114278793335,-0.32126808166503906,0.9999871850013733,0.5915924310684204,0.3762950003147125,-0.16693101823329926,0.999973475933075,0.5118551254272461,0.385155588388443,-0.1634722501039505,0.9999648928642273,0.6039513349533081,0.4814358055591583,-0.10810348391532898,0.9897899627685547,0.5011690258979797,0.49652180075645447,-0.11460550129413605,0.9813939929008484,0.6103745698928833,0.5688080787658691,-0.1822805106639862,0.9836347103118896,0.5014344453811646,0.6001886129379272,-0.18116919696331024,0.9677900671958923,0.6175675988197327,0.5948123931884766,-0.20671014487743378,0.9593917727470398,0.5006668567657471,0.6353598833084106,-0.20648248493671417,0.9326582551002502,0.6135711669921875,0.5947167277336121,-0.237932026386261,0.9645377397537231,0.5087902545928955,0.6362732648849487,-0.23088569939136505,0.9364838004112244,0.6089766025543213,0.5882160663604736,-0.19496826827526093,0.9586556553840637,0.5112029314041138,0.6239309906959534,-0.19138221442699432,0.9271194338798523,0.5724137425422668,0.5756945013999939,0.0037536330055445433,0.9996557235717773,0.5257577300071716,0.574759304523468,-0.003911090083420277,0.9996224045753479,0.570761501789093,0.7482998967170715,-0.000983120407909155,0.9910408854484558,0.5246871113777161,0.7435263395309448,-0.004992440342903137,0.9947221279144287,0.5741345882415771,0.8806649446487427,0.16264809668064117,0.9919960498809814,0.5210413336753845,0.8843080997467041,0.15296177566051483,0.991850733757019,0.5684916973114014,0.8939990401268005,0.1737367957830429,0.914379358291626,0.523571789264679,0.896368145942688,0.16343270242214203,0.837812602519989,0.5829518437385559,0.938959002494812,0.0650973692536354,0.9869877696037292,0.5254257917404175,0.9369760155677795,0.05041719228029251,0.9857503771781921
17200.00000000009,0.5411672592163086,0.30462533235549927,-0.3790300786495209,0.9999938607215881,0.545917272567749,0.2884953022003174,-0.37005388736724854,0.9999721646308899,0.5497334599494934,0.28839612007141113,-0.37003985047340393,0.9999735355377197,0.5537481307983398,0.28811416029930115,-0.3700506389141083,0.9999709725379944,0.5373737812042236,0.28928840160369873,-0.3678051233291626,0.9999682903289795,0.5342913866043091,0.28968238830566406,-0.3678699731826782,0.9999693632125854,0.5317063927650452,0.2902473509311676,-0.36789581179618835,0.9999660849571228,0.5605438947677612,0.2912696897983551,-0.27425482869148254,0.9999285936355591,0.5299413204193115,0.29605019092559814,-0.2652698755264282,0.9999237656593323,0.548579752445221,0.31792810559272766,-0.3400672972202301,0.9999897480010986,0.5374586582183838,0.31989145278930664,-0.3375343382358551,0.9999880790710449,0.5915841460227966,0.37642902135849,-0.17243187129497528,0.9999750256538391,0.5116117596626282,0.3851546347141266,-0.17685098946094513,0.9999666810035706,0.604924738407135,0.48019668459892273,-0.12356079369783401,0.9903336763381958,0.4998464286327362,0.4969066381454468,-0.13302160799503326,0.9826133251190186,0.6027563810348511,0.5686318278312683,-0.214942067861557,0.9845152497291565,0.5068926215171814,0.6004282236099243,-0.20878174901008606,0.9696551561355591,0.6054667234420776,0.594964861869812,-0.2450152188539505,0.9613622426986694,0.5066242814064026,0.6355025172233582,-0.23879458010196686,0.9361637830734253,0.5992206335067749,0.5946837663650513,-0.2744152843952179,0.9661352634429932,0.5156677961349487,0.636038064956665,-0.261584997177124,0.9396706223487854,0.5962803363800049,0.5873857140541077,-0.2273687869310379,0.9602299928665161,0.5182824730873108,0.6239147186279297,-0.21823135018348694,0.9303414821624756,0.5723589062690735,0.5770854949951172,0.004100390709936619,0.9996721148490906,0.5257343649864197,0.5762501955032349,-0.004247632343322039,0.9996407628059387,0.5707343816757202,0.7493257522583008,0.010730746202170849,0.9912818670272827,0.5246461033821106,0.7440312504768372,0.0049285911954939365,0.9947386384010315,0.5742103457450867,0.8809189200401306,0.18250219523906708,0.9920716881752014,0.521513044834137,0.8846041560173035,0.16976404190063477,0.9920039176940918,0.5685245394706726,0.8944034576416016,0.19400762021541595,0.9157806038856506,0.524527907371521,0.8965829610824585,0.18056482076644897,0.8401975631713867,0.583231508731842,0.9389756917953491,0.08651431649923325,0.9871650338172913,0.5258193016052246,0.9370816349983215,0.06717313826084137,0.9859833717346191
17233.333333333423,0.5411210656166077,0.30513903498649597,-0.37320467829704285,0.9999939799308777,0.5458410978317261,0.288653165102005,-0.36456459760665894,0.9999733567237854,0.5496436357498169,0.2885010540485382,-0.36455240845680237,0.9999744892120361,0.5536289215087891,0.28815510869026184,-0.36456701159477234,0.9999721050262451,0.537219226360321,0.2897069454193115,-0.3619164526462555,0.9999697208404541,0.5341454148292542,0.29018333554267883,-0.3619774281978607,0.999970555305481,0.5315410494804382,0.29084882140159607,-0.3620058298110962,0.9999675750732422,0.5602693557739258,0.29144802689552307,-0.2717558443546295,0.9999316334724426,0.5296889543533325,0.2965880334377289,-0.2608785331249237,0.9999278783798218,0.5485891699790955,0.31827184557914734,-0.3354912996292114,0.9999903440475464,0.5373111963272095,0.32052409648895264,-0.3323838412761688,0.9999887943267822,0.591586709022522,0.3765740692615509,-0.17614854872226715,0.9999764561653137,0.5114988684654236,0.3850877583026886,-0.1738884598016739,0.9999672770500183,0.6055095195770264,0.4802384078502655,-0.14324632287025452,0.9908931255340576,0.4987803101539612,0.4972655773162842,-0.1303422600030899,0.9833675622940063,0.5943726897239685,0.5688531398773193,-0.24655093252658844,0.985450029373169,0.5111423134803772,0.6005406379699707,-0.20740792155265808,0.9704568386077881,0.5931233763694763,0.5960296392440796,-0.2807679772377014,0.9635459184646606,0.5115769505500793,0.6356676816940308,-0.23785535991191864,0.9376941323280334,0.5863732695579529,0.5945879220962524,-0.3075493574142456,0.9679334163665771,0.5210108160972595,0.6353772878646851,-0.25962311029434204,0.9409240484237671,0.5845935344696045,0.586466908454895,-0.25804346799850464,0.9620208740234375,0.5235962867736816,0.6233100295066833,-0.2165786176919937,0.9313420653343201,0.572381854057312,0.5773518681526184,0.00350359664298594,0.9996827840805054,0.525827944278717,0.5766217112541199,-0.0036349662113934755,0.9996534585952759,0.5707328915596008,0.7511863112449646,0.011299076490104198,0.9915347695350647,0.5241246819496155,0.7452520132064819,0.012105974368751049,0.9947293996810913,0.5744210481643677,0.8813202381134033,0.1813645213842392,0.9921699166297913,0.5217889547348022,0.8847242593765259,0.1721954196691513,0.9920993447303772,0.5686806440353394,0.8946874737739563,0.1924828141927719,0.9165424108505249,0.525349497795105,0.8966699242591858,0.18244963884353638,0.8417162299156189,0.5833895802497864,0.9394130706787109,0.08499540388584137,0.9872808456420898,0.5259807109832764,0.9375690817832947,0.0705442950129509,0.9860677123069763
17266.666666666755,0.5409769415855408,0.3054417371749878,-0.36967113614082336,0.9999942183494568,0.5456908345222473,0.2887260317802429,-0.3612648844718933,0.9999746680259705,0.5494792461395264,0.2885439395904541,-0.361248642206192,0.9999756217002869,0.553468644618988,0.2881602942943573,-0.36126524209976196,0.9999734163284302,0.5369715094566345,0.2899586856365204,-0.3585130274295807,0.9999714493751526,0.5338743329048157,0.29049381613731384,-0.3585744798183441,0.9999721646308899,0.5312607288360596,0.2912518382072449,-0.35860490798950195,0.999969482421875,0.5600101351737976,0.2916240692138672,-0.2707217037677765,0.9999348521232605,0.5293935537338257,0.2969966530799866,-0.25953012704849243,0.9999328255653381,0.5485671758651733,0.31851842999458313,-0.3327430188655853,0.9999908804893494,0.537070095539093,0.32094818353652954,-0.3295559585094452,0.9999895095825195,0.5915728211402893,0.3769039809703827,-0.17482246458530426,0.9999773502349854,0.5114812254905701,0.38490739464759827,-0.17594432830810547,0.9999680519104004,0.6057146787643433,0.48038557171821594,-0.13290190696716309,0.9913818836212158,0.49787622690200806,0.49725082516670227,-0.14015869796276093,0.9839755296707153,0.5867605805397034,0.5676517486572266,-0.2273242473602295,0.9861955046653748,0.5153831839561462,0.5993802547454834,-0.21522517502307892,0.9705334305763245,0.5836254954338074,0.5961088538169861,-0.24964149296283722,0.9650501608848572,0.517833411693573,0.6347153782844543,-0.24437624216079712,0.9375505447387695,0.576257586479187,0.5912230610847473,-0.2972375452518463,0.969083845615387,0.5269958972930908,0.6313612461090088,-0.26307952404022217,0.9404259920120239,0.5744105577468872,0.5823381543159485,-0.2501924932003021,0.9629505276679993,0.5280964374542236,0.6191556453704834,-0.22285667061805725,0.9303064346313477,0.5721972584724426,0.5771551728248596,0.0035967067815363407,0.9996846914291382,0.5258981585502625,0.5766212344169617,-0.003725165966898203,0.9996609091758728,0.570782482624054,0.7509351372718811,0.014686545357108116,0.9918081164360046,0.5239576101303101,0.7458302974700928,0.011424107477068901,0.9947652816772461,0.5748165249824524,0.8813580274581909,0.16088786721229553,0.9923995733261108,0.5219448804855347,0.8853651285171509,0.15088202059268951,0.9922786355018616,0.568820595741272,0.8947587013244629,0.16887123882770538,0.9190234541893005,0.5258440971374512,0.8970393538475037,0.158555269241333,0.8436058759689331,0.5839293003082275,0.9395005106925964,0.06424155831336975,0.9875249266624451,0.5259811878204346,0.9382756948471069,0.04970245435833931,0.9862284660339355
17300.000000000087,0.540930449962616,0.3055227994918823,-0.35953032970428467,0.9999943971633911,0.545604407787323,0.2887289226055145,-0.3511175513267517,0.9999759793281555,0.5493777394294739,0.2885112464427948,-0.3510904610157013,0.9999766945838928,0.553350031375885,0.2881021201610565,-0.35111093521118164,0.9999746680259705,0.5367990136146545,0.29013654589653015,-0.34854623675346375,0.9999730587005615,0.5337139964103699,0.29072001576423645,-0.34860509634017944,0.999973714351654,0.5310778021812439,0.2915332317352295,-0.3486405611038208,0.9999712705612183,0.5597189664840698,0.2916898727416992,-0.26244792342185974,0.9999382495880127,0.5291319489479065,0.2972407341003418,-0.25246554613113403,0.9999374747276306,0.548569917678833,0.3185812830924988,-0.32335951924324036,0.9999913573265076,0.5369622707366943,0.32108867168426514,-0.32055580615997314,0.9999901652336121,0.5913277864456177,0.3768775761127472,-0.16687899827957153,0.9999780654907227,0.5114818811416626,0.3838634490966797,-0.17225579917430878,0.9999681115150452,0.6058289408683777,0.48053672909736633,-0.1247021034359932,0.991865873336792,0.49700218439102173,0.49675315618515015,-0.13662320375442505,0.9842750430107117,0.5816646218299866,0.5645753145217896,-0.19507431983947754,0.9869310259819031,0.5187107920646667,0.5946534276008606,-0.21068620681762695,0.9698714017868042,0.5765672326087952,0.5940091609954834,-0.2220226228237152,0.9665196537971497,0.5235167145729065,0.6302775144577026,-0.23881413042545319,0.9358711242675781,0.5693157911300659,0.5840121507644653,-0.24337910115718842,0.9701982736587524,0.5320137143135071,0.6236221790313721,-0.25761982798576355,0.9383355379104614,0.5681443810462952,0.5748915076255798,-0.20345044136047363,0.9638113975524902,0.5321171283721924,0.6114381551742554,-0.21837066113948822,0.9274777173995972,0.5721985101699829,0.5749039649963379,0.003457167651504278,0.999680757522583,0.526322603225708,0.5755746960639954,-0.003579347627237439,0.9996632933616638,0.5709140300750732,0.7497868537902832,0.014953011646866798,0.9920682311058044,0.5237639546394348,0.7458800673484802,0.0108016487210989,0.9947144389152527,0.5750836133956909,0.8809970021247864,0.1426960527896881,0.9925771355628967,0.5219590663909912,0.8853505253791809,0.1328582763671875,0.9924265742301941,0.5691438317298889,0.8943945169448853,0.14878588914871216,0.9208074808120728,0.5261332392692566,0.8969511985778809,0.13877727091312408,0.8459020853042603,0.5840308666229248,0.9394763708114624,0.043637242168188095,0.9876454472541809,0.5258219242095947,0.9384625554084778,0.030229641124606133,0.9863409996032715
17333.33333333342,0.5408275723457336,0.3055386543273926,-0.33792468905448914,0.9999943971633911,0.5454601645469666,0.28874003887176514,-0.3288765549659729,0.9999765157699585,0.5492652654647827,0.28848111629486084,-0.3288581669330597,0.9999769330024719,0.5532417297363281,0.2880513370037079,-0.32887521386146545,0.9999750852584839,0.5365152359008789,0.29025018215179443,-0.3258803188800812,0.9999738931655884,0.5333746671676636,0.2908284664154053,-0.3259299695491791,0.9999744296073914,0.5307444930076599,0.2916484475135803,-0.325967937707901,0.9999722242355347,0.5595659017562866,0.2916733920574188,-0.2414180338382721,0.999939501285553,0.5287752747535706,0.2973211407661438,-0.2294924557209015,0.9999405741691589,0.5485674142837524,0.3186084032058716,-0.30278733372688293,0.9999915957450867,0.5367950797080994,0.32121410965919495,-0.29941046237945557,0.9999905824661255,0.59108567237854,0.37685686349868774,-0.14941351115703583,0.9999781250953674,0.5114462375640869,0.3825541138648987,-0.15340347588062286,0.9999671578407288,0.6057876348495483,0.4814296066761017,-0.10715838521718979,0.992173433303833,0.4967673718929291,0.4963938891887665,-0.12617704272270203,0.9842650294303894,0.5773252844810486,0.5606740713119507,-0.17642471194267273,0.987393856048584,0.5225757360458374,0.5877456665039062,-0.206370547413826,0.9683906435966492,0.5708145499229431,0.5904890298843384,-0.2041880190372467,0.9673314690589905,0.5293383598327637,0.6221005320549011,-0.23760850727558136,0.9328014850616455,0.5638196468353271,0.5779041051864624,-0.22236408293247223,0.9706816077232361,0.5374440550804138,0.6151742935180664,-0.2477804720401764,0.9347926378250122,0.5630338191986084,0.5689225792884827,-0.18319864571094513,0.9638428688049316,0.5368015766143799,0.6037442684173584,-0.21028538048267365,0.9229996800422668,0.5721889734268188,0.5732071399688721,0.0034970189444720745,0.9996726512908936,0.526544451713562,0.5752258896827698,-0.003612938802689314,0.9996606111526489,0.5714408755302429,0.7478979229927063,0.014094655402004719,0.9921426177024841,0.5237016677856445,0.7457390427589417,0.009420729242265224,0.994580090045929,0.5751721262931824,0.8801449537277222,0.13667087256908417,0.9925256967544556,0.5220110416412354,0.8846286535263062,0.12421643733978271,0.9923983216285706,0.5692785978317261,0.8936111927032471,0.14263859391212463,0.9214252233505249,0.526165783405304,0.896462082862854,0.12998336553573608,0.8459323048591614,0.5840281844139099,0.9393112063407898,0.037211425602436066,0.9873473644256592,0.5258015990257263,0.9377784132957458,0.020726440474390984,0.9861146211624146
17366.66666666675,0.5407864451408386,0.30563318729400635,-0.3304370045661926,0.9999940395355225,0.5453740954399109,0.2887730300426483,-0.3207382559776306,0.9999759197235107,0.5491829514503479,0.2884611487388611,-0.3207305669784546,0.9999760389328003,0.5531327724456787,0.28801122307777405,-0.32074815034866333,0.9999741911888123,0.5363267064094543,0.2904137074947357,-0.3184598982334137,0.9999735951423645,0.5331848859786987,0.29099681973457336,-0.3185066282749176,0.9999739527702332,0.53049236536026,0.2918251156806946,-0.31854355335235596,0.9999719858169556,0.5593615174293518,0.2916591465473175,-0.23033373057842255,0.9999380707740784,0.528412401676178,0.2974309027194977,-0.2209482640028,0.9999419450759888,0.548567533493042,0.3187118172645569,-0.2940905690193176,0.9999913573265076,0.5366548299789429,0.3214876353740692,-0.29144325852394104,0.9999905228614807,0.5906386971473694,0.3764447271823883,-0.13809865713119507,0.999977707862854,0.511186957359314,0.38183262944221497,-0.14513692259788513,0.9999655485153198,0.6057599186897278,0.4815490245819092,-0.09845642745494843,0.9922915101051331,0.4967844784259796,0.49586740136146545,-0.11823521554470062,0.984354555606842,0.5755068063735962,0.5532192587852478,-0.1763906031847,0.987474262714386,0.5268245339393616,0.581195056438446,-0.2000398337841034,0.9670946598052979,0.56781405210495,0.5851732492446899,-0.2052641659975052,0.9672770500183105,0.5349902510643005,0.6113494038581848,-0.23391728103160858,0.9302080273628235,0.5616807341575623,0.5694513320922852,-0.22416168451309204,0.9703418612480164,0.5418795943260193,0.6025629639625549,-0.24223822355270386,0.931759238243103,0.561600923538208,0.5596565008163452,-0.18381363153457642,0.9627982974052429,0.5404707789421082,0.5921532511711121,-0.20406393706798553,0.9187516570091248,0.5720463991165161,0.5733163356781006,0.00368055934086442,0.9996627569198608,0.5265447497367859,0.5754531621932983,-0.0037799144629389048,0.9996550679206848,0.5717344284057617,0.7477662563323975,0.014690897427499294,0.9923359155654907,0.5236498713493347,0.7456809282302856,0.009355539456009865,0.9946290850639343,0.5752378106117249,0.8806408047676086,0.1429034322500229,0.9926429390907288,0.5219690203666687,0.8844634294509888,0.13223522901535034,0.9925232529640198,0.5692962408065796,0.8943679928779602,0.14947587251663208,0.9232001304626465,0.5261121392250061,0.8964568972587585,0.1388150155544281,0.8483460545539856,0.5840071439743042,0.9392977952957153,0.041805434972047806,0.9873994588851929,0.5257800817489624,0.9371395111083984,0.028495335951447487,0.9862242937088013
17400.000000000084,0.540778398513794,0.3057594895362854,-0.3287176191806793,0.9999933242797852,0.5453205704689026,0.28882479667663574,-0.31871381402015686,0.9999743103981018,0.5491224527359009,0.28845319151878357,-0.31871187686920166,0.9999741315841675,0.5530210733413696,0.2879794239997864,-0.318735271692276,0.9999722242355347,0.5362312197685242,0.2906210422515869,-0.3169149160385132,0.9999722242355347,0.5331127643585205,0.29124030470848083,-0.31696081161499023,0.9999724626541138,0.5303729176521301,0.2920885384082794,-0.31699782609939575,0.9999706745147705,0.5591247081756592,0.2916482388973236,-0.22667346894741058,0.9999346137046814,0.5281503796577454,0.2976212501525879,-0.21908360719680786,0.999941885471344,0.5485661029815674,0.3188532590866089,-0.2915462553501129,0.9999907612800598,0.536585807800293,0.3218138515949249,-0.28945082426071167,0.9999901056289673,0.5900596380233765,0.37564048171043396,-0.13347159326076508,0.9999768137931824,0.5108944177627563,0.3816092908382416,-0.14391747117042542,0.9999625086784363,0.605567216873169,0.4816064238548279,-0.09387817233800888,0.9922686219215393,0.49691882729530334,0.49585914611816406,-0.1177457720041275,0.9843173027038574,0.5739265084266663,0.5471282601356506,-0.17144565284252167,0.9871379137039185,0.5293042659759521,0.5769462585449219,-0.19753432273864746,0.9653241038322449,0.563660204410553,0.579350471496582,-0.20011082291603088,0.9662088751792908,0.5380212664604187,0.6048715114593506,-0.23230113089084625,0.9268125891685486,0.5578344464302063,0.5632233023643494,-0.21774761378765106,0.9690148830413818,0.5443249940872192,0.5960655212402344,-0.23968705534934998,0.9279163479804993,0.5585179924964905,0.5532965064048767,-0.17846781015396118,0.9605036973953247,0.5425539612770081,0.5866443514823914,-0.20170922577381134,0.9133070111274719,0.5717469453811646,0.5733461976051331,0.0037817461416125298,0.9996523857116699,0.5263506770133972,0.5757662057876587,-0.0038692958187311888,0.9996447563171387,0.5719331502914429,0.7477473616600037,0.01465281005948782,0.9925415515899658,0.5235332250595093,0.7456744313240051,0.009132694453001022,0.994691789150238,0.5752840042114258,0.8812015652656555,0.14450359344482422,0.9927727580070496,0.5219644904136658,0.8844838738441467,0.13528089225292206,0.9926897883415222,0.5693361759185791,0.8953032493591309,0.15143953263759613,0.925265908241272,0.5260970592498779,0.8966012001037598,0.14219269156455994,0.8515332341194153,0.5840050578117371,0.9392610192298889,0.043575841933488846,0.9874633550643921,0.5257763266563416,0.9366872310638428,0.03192304074764252,0.9864040613174438
17433.333333333416,0.5407339930534363,0.3058137595653534,-0.3206448256969452,0.9999926686286926,0.5451704263687134,0.28887027502059937,-0.30992206931114197,0.9999730587005615,0.5489586591720581,0.2884484827518463,-0.309928297996521,0.9999726414680481,0.5528109669685364,0.28795379400253296,-0.3099513053894043,0.9999706745147705,0.5360483527183533,0.29081371426582336,-0.3082882761955261,0.9999710321426392,0.5329665541648865,0.29148122668266296,-0.3083299398422241,0.9999710917472839,0.5301909446716309,0.2923640310764313,-0.3083658516407013,0.999969482421875,0.5588110089302063,0.2916399836540222,-0.21682573854923248,0.999932050704956,0.5279262065887451,0.2978518307209015,-0.20968538522720337,0.9999417066574097,0.5485458970069885,0.31890472769737244,-0.28330644965171814,0.9999902248382568,0.5364669561386108,0.3219952881336212,-0.2813369333744049,0.9999896883964539,0.5894996523857117,0.37523406744003296,-0.12506571412086487,0.999975860118866,0.5106055736541748,0.38161709904670715,-0.13591954112052917,0.9999593496322632,0.6051345467567444,0.4813748300075531,-0.0872211754322052,0.9922463297843933,0.4970032870769501,0.4953174293041229,-0.10976183414459229,0.9842433333396912,0.5743743777275085,0.5446939468383789,-0.17021267116069794,0.9868916273117065,0.5298290252685547,0.5699028968811035,-0.1912664920091629,0.964400589466095,0.5646929144859314,0.5770837068557739,-0.19978980720043182,0.9654573202133179,0.538327157497406,0.5971713066101074,-0.2245510369539261,0.9251917600631714,0.5597540140151978,0.5624407529830933,-0.2184453010559082,0.9680386185646057,0.5449473261833191,0.5874399542808533,-0.23559971153736115,0.9259563088417053,0.560382604598999,0.5516851544380188,-0.17788216471672058,0.9587771892547607,0.5432407259941101,0.5776126384735107,-0.19660300016403198,0.9101462364196777,0.571101188659668,0.5734639167785645,0.003818860510364175,0.9996391534805298,0.5253560543060303,0.5759768486022949,-0.0038997353985905647,0.999630868434906,0.5719293355941772,0.7473753094673157,0.013195933774113655,0.9926852583885193,0.5228960514068604,0.746202290058136,0.008994901552796364,0.9947277307510376,0.575252115726471,0.8816415071487427,0.14496393501758575,0.992857038974762,0.5219268202781677,0.8844833970069885,0.1356588453054428,0.9927882552146912,0.5693222284317017,0.8957710862159729,0.15202811360359192,0.9268417358398438,0.5260800719261169,0.8965970873832703,0.1425609141588211,0.8539772033691406,0.5840000510215759,0.9390407800674438,0.04348799213767052,0.9874893426895142,0.5257748961448669,0.9362968802452087,0.031620271503925323,0.986495316028595
17466.666666666748,0.5407091975212097,0.3058049976825714,-0.30792275071144104,0.9999921917915344,0.5450373888015747,0.2888631224632263,-0.296908438205719,0.999972403049469,0.5487892031669617,0.28844010829925537,-0.29692313075065613,0.9999718070030212,0.5525805354118347,0.2879045903682709,-0.29694607853889465,0.9999697208404541,0.5358968377113342,0.2908957302570343,-0.29489216208457947,0.9999704957008362,0.532856285572052,0.29160985350608826,-0.2949240505695343,0.9999703764915466,0.5300509929656982,0.2925219237804413,-0.2949523627758026,0.999968945980072,0.5584363341331482,0.29152852296829224,-0.2045869678258896,0.9999312162399292,0.5277380347251892,0.29796507954597473,-0.19514450430870056,0.999942421913147,0.5485061407089233,0.318899929523468,-0.2710214853286743,0.999989926815033,0.5363613963127136,0.3219999670982361,-0.2684050500392914,0.9999894499778748,0.589066743850708,0.3747687041759491,-0.11718485504388809,0.99997478723526,0.5105799436569214,0.3816356658935547,-0.12036270648241043,0.9999567270278931,0.6050063967704773,0.48053601384162903,-0.08685461431741714,0.9921252131462097,0.4972586929798126,0.49475058913230896,-0.09297501295804977,0.9839093089103699,0.5770948529243469,0.5413736701011658,-0.17219872772693634,0.9863258004188538,0.5308601260185242,0.5648506879806519,-0.17983368039131165,0.9635124802589417,0.5690214037895203,0.5708796977996826,-0.20801731944084167,0.9642657041549683,0.5396553874015808,0.5915926098823547,-0.21165601909160614,0.9238892197608948,0.5646231174468994,0.5555205345153809,-0.22226543724536896,0.9666324257850647,0.5458304286003113,0.5799546837806702,-0.22583040595054626,0.9243302941322327,0.5645086765289307,0.5461100935935974,-0.17873509228229523,0.956564724445343,0.5441418290138245,0.5704267621040344,-0.18609574437141418,0.9073906540870667,0.5710442662239075,0.5753927230834961,0.0016103502130135894,0.9996209144592285,0.5252269506454468,0.5771105289459229,-0.001656140317209065,0.9996116757392883,0.5718739032745361,0.747376024723053,0.007983388379216194,0.9928839206695557,0.5222926735877991,0.7461898922920227,0.011015709489583969,0.9947995543479919,0.5752338767051697,0.8817469477653503,0.14257200062274933,0.9929596185684204,0.5219215750694275,0.8844736218452454,0.13750773668289185,0.9929094314575195,0.5694549679756165,0.8958090543746948,0.1496235877275467,0.9277748465538025,0.5260432958602905,0.8966662287712097,0.14475367963314056,0.8576192259788513,0.583831787109375,0.9382263422012329,0.04086543247103691,0.9875625371932983,0.5255865454673767,0.9362384080886841,0.03318227827548981,0.9866663217544556
17500.00000000008,0.5407137274742126,0.3057938814163208,-0.27075907588005066,0.9999923706054688,0.54497230052948,0.28885945677757263,-0.2592245936393738,0.9999736547470093,0.5486669540405273,0.28842753171920776,-0.2592446506023407,0.9999730587005615,0.5523518323898315,0.2878834903240204,-0.25925809144973755,0.9999709725379944,0.5358562469482422,0.2909158170223236,-0.2570452392101288,0.9999717473983765,0.5328488945960999,0.2916611433029175,-0.2570638656616211,0.9999714493751526,0.5300395488739014,0.2925894260406494,-0.2570650279521942,0.9999700784683228,0.5578039288520813,0.29151928424835205,-0.16541226208209991,0.9999351501464844,0.5276821851730347,0.29800862073898315,-0.15489816665649414,0.9999454617500305,0.5484555959701538,0.31888172030448914,-0.23348523676395416,0.9999904036521912,0.5363321304321289,0.3219664394855499,-0.23047976195812225,0.999989926815033,0.5882123708724976,0.3733500838279724,-0.08564956486225128,0.9999761581420898,0.510581374168396,0.38159605860710144,-0.07907430082559586,0.9999570250511169,0.6049925088882446,0.473823606967926,-0.08159927278757095,0.9923137426376343,0.49808579683303833,0.4931216239929199,-0.06319110840559006,0.9838243722915649,0.5787293314933777,0.5308578014373779,-0.21366432309150696,0.9870221018791199,0.529596209526062,0.5578101277351379,-0.17740513384342194,0.9649024605751038,0.5713152289390564,0.5510936975479126,-0.25423482060432434,0.9662542939186096,0.5376920104026794,0.5867340564727783,-0.21199478209018707,0.9271779656410217,0.5669226050376892,0.5403763055801392,-0.27584221959114075,0.9684354662895203,0.5441000461578369,0.5753070116043091,-0.22798871994018555,0.9275248050689697,0.5668143033981323,0.5340539216995239,-0.2242279201745987,0.9586171507835388,0.5425835847854614,0.5650978684425354,-0.18489757180213928,0.9105837345123291,0.5711300373077393,0.5753574371337891,-0.0007770074880681932,0.9996242523193359,0.5253263711929321,0.577009916305542,0.0007705911411903799,0.999613344669342,0.5718694925308228,0.747018039226532,-0.0059190914034843445,0.9930785894393921,0.5221995115280151,0.7443346381187439,0.0044863601215183735,0.9948692917823792,0.5752537846565247,0.8819538950920105,0.12262400984764099,0.9929909110069275,0.5219173431396484,0.8846876621246338,0.1226499155163765,0.9929689764976501,0.5694960355758667,0.8959901332855225,0.12867631018161774,0.9276979565620422,0.5260196924209595,0.8968786597251892,0.1282806098461151,0.8608267903327942,0.5837798714637756,0.9379509687423706,0.017874324694275856,0.9875226020812988,0.5252556204795837,0.9362227320671082,0.01824427768588066,0.9867266416549683
17533.333333333412,0.540709376335144,0.3057844638824463,-0.2648407220840454,0.9999927878379822,0.544728696346283,0.28885823488235474,-0.25335320830345154,0.9999754428863525,0.5482922792434692,0.2884182035923004,-0.25337597727775574,0.9999749064445496,0.5518265962600708,0.2878742218017578,-0.25339433550834656,0.999972939491272,0.5357284545898438,0.29102790355682373,-0.25132790207862854,0.9999735355377197,0.5327998995780945,0.29185840487480164,-0.2513391077518463,0.9999731183052063,0.5299841165542603,0.29283982515335083,-0.25132596492767334,0.9999717473983765,0.5569840669631958,0.29149335622787476,-0.15843673050403595,0.9999402165412903,0.527555525302887,0.2981511354446411,-0.14865642786026,0.9999491572380066,0.5483428835868835,0.31881827116012573,-0.2270556539297104,0.9999910593032837,0.536302924156189,0.32192039489746094,-0.22426217794418335,0.9999905824661255,0.5870488286018372,0.3721289038658142,-0.07865367084741592,0.9999780058860779,0.5105839371681213,0.3814750015735626,-0.07062599062919617,0.9999580979347229,0.605036199092865,0.47025415301322937,-0.07806780934333801,0.9926813244819641,0.4987972378730774,0.49117138981819153,-0.05573258176445961,0.9835777878761292,0.5865284204483032,0.5261475443840027,-0.22157402336597443,0.9878983497619629,0.5278644561767578,0.5527381896972656,-0.17697234451770782,0.9661686420440674,0.580181360244751,0.5441256165504456,-0.262588232755661,0.9685758948326111,0.5352284908294678,0.5821601748466492,-0.2127010077238083,0.9302484393119812,0.5741550922393799,0.5351927280426025,-0.28510957956314087,0.9705768823623657,0.5417187213897705,0.5710140466690063,-0.22960934042930603,0.930526077747345,0.5734983086585999,0.5291122198104858,-0.23264719545841217,0.9612005352973938,0.5405744910240173,0.5606864094734192,-0.18512560427188873,0.9136006236076355,0.5710993409156799,0.5751482248306274,-0.002336805919185281,0.9996359944343567,0.5253158211708069,0.5766384601593018,0.002344805747270584,0.9996195435523987,0.5717728137969971,0.746157705783844,-0.011503640562295914,0.9932731986045837,0.5218084454536438,0.7432971596717834,0.0022355210967361927,0.9949291944503784,0.5753437280654907,0.882264256477356,0.11953611671924591,0.9930651783943176,0.5219140648841858,0.8852174282073975,0.12193601578474045,0.9930447340011597,0.5696459412574768,0.8965151309967041,0.12586160004138947,0.927631676197052,0.526039183139801,0.8971593379974365,0.12766236066818237,0.8643629550933838,0.5838384032249451,0.9377403259277344,0.014040456153452396,0.9876005053520203,0.5250634551048279,0.9362401366233826,0.017664741724729538,0.9868518710136414
17566.666666666744,0.5402407050132751,0.30533456802368164,-0.26642003655433655,0.9999933242797852,0.5438123345375061,0.2884041965007782,-0.25473877787590027,0.9999775290489197,0.5472381114959717,0.28786739706993103,-0.2547585070133209,0.9999769926071167,0.5507518649101257,0.28722116351127625,-0.25477200746536255,0.9999752044677734,0.5350551009178162,0.29094064235687256,-0.251647025346756,0.9999756813049316,0.5321961045265198,0.29184162616729736,-0.2516557574272156,0.9999752044677734,0.5293924808502197,0.2928514778614044,-0.2516358196735382,0.9999738931655884,0.556298553943634,0.29106777906417847,-0.15995602309703827,0.9999455213546753,0.5271677374839783,0.29820260405540466,-0.14536865055561066,0.9999533295631409,0.5479187369346619,0.3183525800704956,-0.22906069457530975,0.9999918341636658,0.5359847545623779,0.32157832384109497,-0.2248842865228653,0.9999913573265076,0.5864993333816528,0.3718702495098114,-0.0811157152056694,0.9999798536300659,0.5105918645858765,0.3813956379890442,-0.06618360430002213,0.9999599456787109,0.6054369807243347,0.4683433771133423,-0.08330845087766647,0.9930686950683594,0.4988659918308258,0.48957473039627075,-0.05571646988391876,0.9833571314811707,0.5948617458343506,0.5231620073318481,-0.23978306353092194,0.9887864589691162,0.5248978137969971,0.5506720542907715,-0.18423999845981598,0.9676275849342346,0.5898946523666382,0.5400235056877136,-0.2820568382740021,0.9709120988845825,0.5325995683670044,0.5794256925582886,-0.2249617874622345,0.9336457848548889,0.5836582183837891,0.5314455628395081,-0.30567723512649536,0.9727469682693481,0.5393779873847961,0.5675646066665649,-0.24235722422599792,0.9338685274124146,0.582800567150116,0.5252119302749634,-0.251459002494812,0.9638738632202148,0.5382585525512695,0.5576931834220886,-0.19356685876846313,0.917192280292511,0.5710027813911438,0.5743458271026611,-0.003107186406850815,0.9996554255485535,0.5250146985054016,0.5755091309547424,0.0030934400856494904,0.9996350407600403,0.5716168284416199,0.7455831170082092,-0.01674359291791916,0.9935142993927002,0.5214415788650513,0.7425978183746338,0.0009873358067125082,0.9950709342956543,0.5756192803382874,0.8823424577713013,0.1262785792350769,0.993218183517456,0.5220158100128174,0.885342001914978,0.126458540558815,0.9932182431221008,0.5697813630104065,0.8968668580055237,0.13363103568553925,0.9280145764350891,0.5265299081802368,0.8973994851112366,0.13274848461151123,0.868313729763031,0.5838541388511658,0.9373965263366699,0.02113591507077217,0.9878426790237427,0.5250574350357056,0.9362512826919556,0.02266569621860981,0.9871776103973389
17600.000000000076,0.5398603677749634,0.30478209257125854,-0.25596365332603455,0.9999936819076538,0.5431832671165466,0.28793996572494507,-0.24426965415477753,0.9999790191650391,0.5465211272239685,0.28736811876296997,-0.24429155886173248,0.9999784827232361,0.5500280261039734,0.2866581380367279,-0.2443051040172577,0.9999767541885376,0.5346260666847229,0.2907247543334961,-0.2413114756345749,0.999977171421051,0.5318278670310974,0.2917240858078003,-0.2413221001625061,0.9999765753746033,0.5290469527244568,0.2928261160850525,-0.24130599200725555,0.9999753832817078,0.5558260083198547,0.29073724150657654,-0.15047381818294525,0.9999496936798096,0.5269268751144409,0.2982223331928253,-0.13633345067501068,0.999956488609314,0.5474900603294373,0.3179711401462555,-0.21919897198677063,0.9999923706054688,0.5357409119606018,0.32115182280540466,-0.21510615944862366,0.9999919533729553,0.5863084197044373,0.3718861937522888,-0.0734407901763916,0.9999811053276062,0.5105661749839783,0.3816138803958893,-0.0625261440873146,0.9999610185623169,0.605725884437561,0.467720627784729,-0.08381062000989914,0.9929550290107727,0.4987870752811432,0.4881596267223358,-0.06640194356441498,0.9824321866035461,0.6021423935890198,0.5227749943733215,-0.24353107810020447,0.9890217781066895,0.5174005031585693,0.5505439043045044,-0.21321511268615723,0.9681270122528076,0.6010591387748718,0.5402063131332397,-0.2857942581176758,0.9719887971878052,0.5222486853599548,0.5773748755455017,-0.2535058259963989,0.9355414509773254,0.5956663489341736,0.5316429734230042,-0.3113127052783966,0.9737637639045715,0.5293253064155579,0.5665823221206665,-0.27169084548950195,0.9357468485832214,0.5933314561843872,0.5245653390884399,-0.2565167248249054,0.965010404586792,0.5291993618011475,0.5573891401290894,-0.22305148839950562,0.9190285205841064,0.5708957314491272,0.5726456046104431,-0.00268039433285594,0.9996709227561951,0.524581253528595,0.5734532475471497,0.002656175522133708,0.9996470212936401,0.5715183019638062,0.7454668283462524,-0.02284523844718933,0.9936692118644714,0.5214788913726807,0.7415879964828491,-0.006276004482060671,0.9951624870300293,0.5756445527076721,0.8828315734863281,0.12310133874416351,0.9933143258094788,0.5225912928581238,0.8855446577072144,0.12449020892381668,0.9933393001556396,0.5697934031486511,0.8979769945144653,0.13052596151828766,0.9272847175598145,0.5275942087173462,0.898436963558197,0.13097192347049713,0.8708357810974121,0.5838481187820435,0.9374241232872009,0.013991150073707104,0.987948477268219,0.525134265422821,0.9362732768058777,0.017256377264857292,0.987414538860321
17633.33333333341,0.5394314527511597,0.3027450144290924,-0.2322378158569336,0.9999939799308777,0.5426023602485657,0.28666383028030396,-0.22049087285995483,0.9999802112579346,0.5458797216415405,0.28601011633872986,-0.2205168902873993,0.9999797344207764,0.5493725538253784,0.28516867756843567,-0.2205187827348709,0.9999780654907227,0.5342041254043579,0.28976860642433167,-0.21750383079051971,0.9999783039093018,0.5314352512359619,0.29097214341163635,-0.21750956773757935,0.9999775886535645,0.5287085175514221,0.29237398505210876,-0.21749337017536163,0.999976396560669,0.5553053021430969,0.2898254096508026,-0.1303912252187729,0.9999533891677856,0.5267274975776672,0.298206090927124,-0.11598005890846252,0.9999589323997498,0.5469383001327515,0.3162713944911957,-0.1974371075630188,0.9999929070472717,0.5355304479598999,0.3190813362598419,-0.19324128329753876,0.9999924302101135,0.5861083269119263,0.3719150722026825,-0.059394337236881256,0.9999823570251465,0.5105048418045044,0.38187310099601746,-0.05060947686433792,0.9999622106552124,0.6061373949050903,0.4664778411388397,-0.07946576923131943,0.9927526116371155,0.4981778562068939,0.48597458004951477,-0.06959126889705658,0.9814818501472473,0.6105395555496216,0.5228642225265503,-0.24264122545719147,0.9891396760940552,0.5086247324943542,0.5447282791137695,-0.22544008493423462,0.9686921834945679,0.6133909821510315,0.5381880402565002,-0.2836636006832123,0.9728485345840454,0.5113338828086853,0.5723345279693604,-0.263956218957901,0.9373459219932556,0.6093841791152954,0.5304563641548157,-0.3097315728664398,0.9746454358100891,0.5180166959762573,0.5624281167984009,-0.28313493728637695,0.9375947713851929,0.6064094305038452,0.5243132710456848,-0.2562710642814636,0.9661434292793274,0.5187921524047852,0.5536842346191406,-0.23604756593704224,0.9212296009063721,0.5706971883773804,0.5717008709907532,-0.0016974699683487415,0.9996887445449829,0.5238820910453796,0.5726999640464783,0.001683668466284871,0.9996597766876221,0.5714818239212036,0.7445714473724365,-0.025693228468298912,0.9937560558319092,0.5216335654258728,0.7408191561698914,-0.014144991524517536,0.9952273964881897,0.5757097005844116,0.8828544616699219,0.12269081175327301,0.9933534264564514,0.5240222215652466,0.8842962980270386,0.12408465892076492,0.9933122992515564,0.5698636770248413,0.8983736038208008,0.13020233809947968,0.9258893132209778,0.5285916924476624,0.8966842889785767,0.13115479052066803,0.8713245987892151,0.584089994430542,0.9374158978462219,0.012610419653356075,0.9879645109176636,0.5254647135734558,0.9358860850334167,0.01767551340162754,0.987486720085144
17666.66666666674,0.5388787388801575,0.3015090823173523,-0.20925971865653992,0.9999943375587463,0.5420516729354858,0.2859850823879242,-0.19761934876441956,0.9999815225601196,0.5453283190727234,0.2853751480579376,-0.19765311479568481,0.9999811053276062,0.5488516092300415,0.2845418155193329,-0.19765304028987885,0.999979555606842,0.5337410569190979,0.2889192998409271,-0.19412875175476074,0.999979555606842,0.5309686064720154,0.2900732755661011,-0.1941240429878235,0.99997878074646,0.5283352136611938,0.29151493310928345,-0.19409993290901184,0.9999775886535645,0.5549560785293579,0.2893812656402588,-0.11013004183769226,0.9999571442604065,0.5263827443122864,0.2979985475540161,-0.09354399889707565,0.9999613761901855,0.5461708307266235,0.3151967227458954,-0.17567001283168793,0.9999934434890747,0.5351695418357849,0.31756919622421265,-0.17083503305912018,0.9999929070472717,0.5859283804893494,0.37195247411727905,-0.04456191137433052,0.999983549118042,0.5101698040962219,0.3820089101791382,-0.029461294412612915,0.9999632239341736,0.6061586141586304,0.46509310603141785,-0.06191173568367958,0.9926846027374268,0.49704405665397644,0.48285964131355286,-0.04900708422064781,0.98112553358078,0.6165100932121277,0.5229525566101074,-0.2379516214132309,0.9895853400230408,0.5005136728286743,0.543606698513031,-0.22412404417991638,0.9699355363845825,0.623266875743866,0.538571834564209,-0.2727217376232147,0.9742547869682312,0.5031147003173828,0.5709261894226074,-0.2564024031162262,0.9400634765625,0.6207244992256165,0.5329573154449463,-0.29359981417655945,0.9760359525680542,0.5088530778884888,0.5615864396095276,-0.27108314633369446,0.9404005408287048,0.6168133616447449,0.5271108150482178,-0.24441447854042053,0.9680051803588867,0.5097253322601318,0.55313640832901,-0.2268005907535553,0.9248391389846802,0.5701977610588074,0.5717403292655945,-0.0015603950014337897,0.9997037053108215,0.5230036973953247,0.5727214813232422,0.0015416961396113038,0.9996677041053772,0.5714771747589111,0.7446115612983704,-0.03120037540793419,0.9937986135482788,0.52169269323349,0.7412777543067932,-0.016902288421988487,0.9952681064605713,0.5757410526275635,0.882855236530304,0.12346933782100677,0.9933032393455505,0.5241546630859375,0.8843048810958862,0.12158548831939697,0.993264377117157,0.5698516368865967,0.8985466957092285,0.13155050575733185,0.9233375787734985,0.5288720726966858,0.8968721032142639,0.12877725064754486,0.8712480068206787,0.5840964913368225,0.9374539852142334,0.014535784721374512,0.9879235029220581,0.5255052447319031,0.9360665082931519,0.01373900193721056,0.9875625967979431
17700.000000000073,0.5384313464164734,0.2994527220726013,-0.2288215458393097,0.999994695186615,0.5415018796920776,0.2841837704181671,-0.21789996325969696,0.9999827742576599,0.5447844862937927,0.2833363711833954,-0.2179315835237503,0.9999823570251465,0.5483514070510864,0.282349556684494,-0.21793369948863983,0.9999809265136719,0.5331037640571594,0.2875381112098694,-0.21442891657352448,0.9999807476997375,0.5302974581718445,0.2888708710670471,-0.21443209052085876,0.9999799132347107,0.5276322960853577,0.2904508411884308,-0.21441906690597534,0.9999787211418152,0.5546499490737915,0.28769442439079285,-0.13144215941429138,0.9999605417251587,0.5257678627967834,0.2977299392223358,-0.11543619632720947,0.9999634623527527,0.5459093451499939,0.31279999017715454,-0.19541898369789124,0.9999939203262329,0.5348889231681824,0.31557387113571167,-0.19074995815753937,0.9999933242797852,0.5857165455818176,0.37194952368736267,-0.06089557707309723,0.9999845027923584,0.5100411176681519,0.3820049464702606,-0.047893453389406204,0.9999639987945557,0.6062721610069275,0.46430590748786926,-0.06202599033713341,0.992708683013916,0.49638640880584717,0.4793102741241455,-0.05885537341237068,0.9804677367210388,0.6232202053070068,0.5242380499839783,-0.20889900624752045,0.9900844693183899,0.4906664490699768,0.5411221385002136,-0.2154611498117447,0.9710633754730225,0.6339996457099915,0.5398205518722534,-0.24138647317886353,0.9756345152854919,0.49097445607185364,0.5675501227378845,-0.24874581396579742,0.9426088929176331,0.6332732439041138,0.5351901650428772,-0.27182674407958984,0.9774050116539001,0.4965629577636719,0.5590199828147888,-0.26931580901145935,0.9430845975875854,0.6281253695487976,0.5293595194816589,-0.22320914268493652,0.9698824286460876,0.49797919392585754,0.5511049032211304,-0.2252834439277649,0.9284117817878723,0.5699538588523865,0.5713444948196411,-0.0014682670589536428,0.9997091889381409,0.5227342844009399,0.5719906687736511,0.0014431077288463712,0.9996671080589294,0.5714317560195923,0.7445269227027893,-0.026534251868724823,0.9937848448753357,0.5217077136039734,0.7413196563720703,-0.01652601547539234,0.9952715039253235,0.575537383556366,0.8828135132789612,0.12007269263267517,0.9931878447532654,0.5238882303237915,0.8847340941429138,0.11398622393608093,0.9931185841560364,0.5696200132369995,0.8985431790351868,0.12733927369117737,0.9198657274246216,0.5286659598350525,0.8978325128555298,0.12032310664653778,0.8692803978919983,0.58402019739151,0.9377936124801636,0.01053745485842228,0.9877731800079346,0.5255072116851807,0.9368394017219543,0.0045389398001134396,0.9874833822250366
17733.333333333405,0.5381278991699219,0.2973388433456421,-0.23831923305988312,0.9999950528144836,0.5411298274993896,0.2822684049606323,-0.22732621431350708,0.9999840259552002,0.5444226861000061,0.28123557567596436,-0.22736266255378723,0.9999836683273315,0.5479894876480103,0.28019705414772034,-0.2273724228143692,0.9999822974205017,0.5326566100120544,0.28594112396240234,-0.22353053092956543,0.9999819397926331,0.5298122763633728,0.28744250535964966,-0.223536416888237,0.9999810457229614,0.527131199836731,0.2890566289424896,-0.22352580726146698,0.9999798536300659,0.554412305355072,0.2861327528953552,-0.1400708258152008,0.9999638199806213,0.5252558588981628,0.2971331775188446,-0.12267406284809113,0.9999654293060303,0.5457782745361328,0.3105960786342621,-0.20467104017734528,0.9999943971633911,0.5346747040748596,0.31361883878707886,-0.19964711368083954,0.9999937415122986,0.585732638835907,0.37198323011398315,-0.06796767562627792,0.99998539686203,0.5100017786026001,0.38163256645202637,-0.054187171161174774,0.9999642372131348,0.6067284941673279,0.46488216519355774,-0.05850379914045334,0.9927656650543213,0.4959821403026581,0.475039005279541,-0.060045741498470306,0.9792108535766602,0.6293873190879822,0.5255201458930969,-0.1874111294746399,0.9905136227607727,0.4838622510433197,0.5388893485069275,-0.21199241280555725,0.9715152978897095,0.6422830820083618,0.5416957139968872,-0.21779748797416687,0.9768047332763672,0.4804352819919586,0.5654755234718323,-0.2453688532114029,0.9441184401512146,0.6418947577476501,0.5368701219558716,-0.25093743205070496,0.9785836935043335,0.48551350831985474,0.5591602921485901,-0.26976409554481506,0.9448509216308594,0.6358280181884766,0.530543863773346,-0.20341341197490692,0.9715415835380554,0.48854881525039673,0.5509659647941589,-0.2248326689004898,0.9310854077339172,0.5697630047798157,0.5717166066169739,-0.0013999195070937276,0.9997168779373169,0.5226168036460876,0.5720536112785339,0.0013789695221930742,0.9996688961982727,0.5714271664619446,0.7448909282684326,-0.02529403567314148,0.9939256906509399,0.5215278267860413,0.7422082424163818,-0.02238541655242443,0.9953997731208801,0.5754391551017761,0.8825891017913818,0.12453313171863556,0.9931572079658508,0.5227882266044617,0.8847411274909973,0.11526022851467133,0.9928839802742004,0.5693374872207642,0.8981614112854004,0.13337966799736023,0.9167709350585938,0.5275444984436035,0.897691011428833,0.12367116659879684,0.8661476373672485,0.5840202569961548,0.9384123086929321,0.01607353240251541,0.9877122640609741,0.5254212617874146,0.9369972944259644,0.012184840627014637,0.9872817993164062
17766.666666666737,0.537975549697876,0.2949216663837433,-0.24496062099933624,0.9999953508377075,0.5409514904022217,0.28004276752471924,-0.23388637602329254,0.9999848008155823,0.5442768335342407,0.27895238995552063,-0.23392464220523834,0.9999845623970032,0.5478241443634033,0.27806931734085083,-0.2339339256286621,0.9999832510948181,0.5324400663375854,0.2837320864200592,-0.23047177493572235,0.9999824166297913,0.5295366644859314,0.2854096591472626,-0.23047740757465363,0.9999814629554749,0.5268572568893433,0.2869243323802948,-0.2304675430059433,0.9999799728393555,0.5542775392532349,0.284694641828537,-0.14665739238262177,0.9999663233757019,0.5248690843582153,0.29590365290641785,-0.1310928612947464,0.9999654293060303,0.5457035899162292,0.3082834780216217,-0.21134760975837708,0.999994695186615,0.5345665812492371,0.3111765384674072,-0.20684395730495453,0.9999939203262329,0.5857554078102112,0.37199461460113525,-0.0723700225353241,0.9999862909317017,0.5097224116325378,0.38158881664276123,-0.06144266948103905,0.9999632239341736,0.6068075299263,0.4652811288833618,-0.06463554501533508,0.9928956627845764,0.4955357313156128,0.47507843375205994,-0.06094775348901749,0.9779168963432312,0.6333990097045898,0.5262278914451599,-0.19338324666023254,0.9910473227500916,0.47988468408584595,0.5398713946342468,-0.20471297204494476,0.9718820452690125,0.6474528908729553,0.5428657531738281,-0.22412507236003876,0.9781720042228699,0.47294339537620544,0.5660684108734131,-0.23476819694042206,0.9454816579818726,0.6468047499656677,0.5377910137176514,-0.256585031747818,0.9799295663833618,0.47624102234840393,0.5612174868583679,-0.26934778690338135,0.9465048313140869,0.6402462720870972,0.5313768982887268,-0.20893387496471405,0.9733961820602417,0.4807496964931488,0.5528980493545532,-0.22425805032253265,0.9336466789245605,0.569664716720581,0.5726677775382996,-0.0011543543078005314,0.9997262954711914,0.5225834846496582,0.5723131895065308,0.0011247411603108048,0.9996678829193115,0.5713897347450256,0.7460245490074158,-0.02097882516682148,0.9940248131752014,0.5215388536453247,0.7422163486480713,-0.02100983075797558,0.9954638481140137,0.5751340389251709,0.8823557496070862,0.14416135847568512,0.9931105375289917,0.5226134061813354,0.8820629715919495,0.13835856318473816,0.9926775097846985,0.56889808177948,0.8974689841270447,0.1536838710308075,0.9142030477523804,0.5269057154655457,0.8938079476356506,0.14782848954200745,0.8627862334251404,0.5838619470596313,0.9386946558952332,0.039880312979221344,0.9876831769943237,0.5254114270210266,0.9369140267372131,0.03697851672768593,0.9871594309806824
17800.00000000007,0.5378801822662354,0.29393765330314636,-0.26074662804603577,0.9999956488609314,0.5408366322517395,0.2790471017360687,-0.24949786067008972,0.9999856948852539,0.5441896915435791,0.2779565453529358,-0.24954399466514587,0.9999855756759644,0.5477322340011597,0.27718326449394226,-0.24955572187900543,0.9999843239784241,0.532281756401062,0.2827014923095703,-0.24701857566833496,0.9999831914901733,0.529319703578949,0.2844274938106537,-0.24702748656272888,0.9999822974205017,0.5266690254211426,0.2858501374721527,-0.24701620638370514,0.9999805688858032,0.5541883707046509,0.28387880325317383,-0.1612873524427414,0.9999688267707825,0.5245583057403564,0.295060396194458,-0.15056972205638885,0.9999666810035706,0.5456623435020447,0.30736860632896423,-0.2269277423620224,0.9999950528144836,0.5344898700714111,0.3101975917816162,-0.22379040718078613,0.999994158744812,0.5857696533203125,0.3720051348209381,-0.08703406155109406,0.9999871850013733,0.5090670585632324,0.3817208707332611,-0.08032311499118805,0.9999634623527527,0.6069288849830627,0.46556684374809265,-0.06751169264316559,0.9930220246315002,0.49390220642089844,0.4760679602622986,-0.07640406489372253,0.9774119257926941,0.6367348432540894,0.5267214179039001,-0.19286420941352844,0.9915367364883423,0.47509127855300903,0.5418217182159424,-0.2131657600402832,0.9725059270858765,0.6512059569358826,0.5438109040260315,-0.22207854688167572,0.9793793559074402,0.465433269739151,0.5674050450325012,-0.2426515370607376,0.9470186233520508,0.6509954929351807,0.5390227437019348,-0.2561259865760803,0.9811382293701172,0.46705466508865356,0.5629245042800903,-0.274507611989975,0.9483077526092529,0.6444311738014221,0.532463788986206,-0.20915529131889343,0.9750855565071106,0.4718593955039978,0.5543733239173889,-0.23016031086444855,0.9363152384757996,0.5695436596870422,0.5739903450012207,0.0005831954767927527,0.9997344017028809,0.5224581360816956,0.5731887817382812,-0.0006265789270401001,0.9996671676635742,0.5712473392486572,0.7470055222511292,-0.009130076505243778,0.9941272735595703,0.5215314626693726,0.7423830628395081,-0.01610383950173855,0.9955370426177979,0.574386477470398,0.8820443749427795,0.15474635362625122,0.9931555986404419,0.5221970677375793,0.8816688656806946,0.14697451889514923,0.9925181269645691,0.5681001543998718,0.8966261744499207,0.16406457126140594,0.9137696623802185,0.5263341069221497,0.8934434056282043,0.15648683905601501,0.8594664335250854,0.5836427211761475,0.9387274384498596,0.051792409271001816,0.9878008365631104,0.5254209637641907,0.9367800951004028,0.0455285869538784,0.9870587587356567
17833.3333333334,0.5377817749977112,0.2937939763069153,-0.27567318081855774,0.9999958872795105,0.5407102704048157,0.27885010838508606,-0.2648845314979553,0.9999862909317017,0.5440602898597717,0.2777881324291229,-0.26492059230804443,0.9999862909317017,0.5475941896438599,0.2770349383354187,-0.26492932438850403,0.9999850392341614,0.5321469306945801,0.28242063522338867,-0.2626175880432129,0.999983549118042,0.529156506061554,0.2841242849826813,-0.26263418793678284,0.9999827146530151,0.526541531085968,0.28549739718437195,-0.26262927055358887,0.999980628490448,0.5540638566017151,0.28351762890815735,-0.1766398549079895,0.9999706745147705,0.524430513381958,0.29463934898376465,-0.16715171933174133,0.9999669790267944,0.5456069707870483,0.30720168352127075,-0.2415616363286972,0.999995231628418,0.5344154834747314,0.31000110507011414,-0.23873667418956757,0.9999942183494568,0.5857773423194885,0.3721948266029358,-0.09892331808805466,0.9999878406524658,0.5086227059364319,0.3821321129798889,-0.09611499309539795,0.9999634623527527,0.6069968342781067,0.46572184562683105,-0.06905811280012131,0.9930562376976013,0.49239209294319153,0.4767471253871918,-0.08367606997489929,0.9771625995635986,0.6399431228637695,0.5271044969558716,-0.18493375182151794,0.9919483065605164,0.4692678451538086,0.5429220795631409,-0.21295996010303497,0.9732295274734497,0.6544830203056335,0.5444342494010925,-0.21119430661201477,0.9803867936134338,0.45898956060409546,0.5681598782539368,-0.23677679896354675,0.9485465884208679,0.654629647731781,0.5401729941368103,-0.24680426716804504,0.9821718335151672,0.46007201075553894,0.5639492869377136,-0.2708430290222168,0.9501010179519653,0.6483561396598816,0.5334227681159973,-0.20188449323177338,0.976568877696991,0.46483781933784485,0.5551034808158875,-0.2258022129535675,0.9389793872833252,0.5692867040634155,0.5748656988143921,0.003051561303436756,0.9997393488883972,0.5223180055618286,0.5739710927009583,-0.0031083086505532265,0.9996656179428101,0.5710502862930298,0.7470388412475586,0.004104463383555412,0.994145929813385,0.521626353263855,0.7426304817199707,-0.008640115149319172,0.9956048130989075,0.5737019181251526,0.8798947930335999,0.1653832346200943,0.9932494759559631,0.5218340754508972,0.880943775177002,0.15225039422512054,0.992515504360199,0.5671873092651367,0.8933864831924438,0.17460176348686218,0.9150112271308899,0.5255546569824219,0.8926782608032227,0.16181954741477966,0.858578622341156,0.5832138657569885,0.9381058216094971,0.06433357298374176,0.9879938364028931,0.5254343748092651,0.9361914992332458,0.05113660544157028,0.9871444702148438
17866.666666666733,0.5377920269966125,0.2935825288295746,-0.29515907168388367,0.9999960660934448,0.5407140254974365,0.2787068486213684,-0.2848668396472931,0.9999865889549255,0.5440713167190552,0.2776624858379364,-0.28489068150520325,0.9999867677688599,0.5476018786430359,0.2769472897052765,-0.2849006652832031,0.9999854564666748,0.5321370363235474,0.28222009539604187,-0.28271999955177307,0.9999834895133972,0.5291399359703064,0.2839154899120331,-0.28274112939834595,0.9999827146530151,0.5265246629714966,0.28530022501945496,-0.28273576498031616,0.9999802112579346,0.5539877414703369,0.28327447175979614,-0.1980297863483429,0.9999718070030212,0.5243500471115112,0.29449379444122314,-0.18887872993946075,0.9999663829803467,0.5456122159957886,0.30694112181663513,-0.26128891110420227,0.9999952912330627,0.5344104766845703,0.3097865879535675,-0.2585647702217102,0.9999940395355225,0.5857964754104614,0.37240156531333923,-0.11781612783670425,0.9999883770942688,0.5083633065223694,0.3826172351837158,-0.11515410244464874,0.9999630451202393,0.6070451736450195,0.4657636880874634,-0.07282612472772598,0.9930403232574463,0.4903838336467743,0.47708603739738464,-0.08287276327610016,0.9778252840042114,0.6419822573661804,0.5272522568702698,-0.1732224076986313,0.9922806620597839,0.4625904858112335,0.5454800128936768,-0.17139217257499695,0.974256694316864,0.6573682427406311,0.5446854829788208,-0.1953807771205902,0.9811460375785828,0.4522271752357483,0.5683420300483704,-0.19270724058151245,0.9501867294311523,0.6580302715301514,0.5427864193916321,-0.23178339004516602,0.9829843044281006,0.4532777667045593,0.5665528178215027,-0.22600995004177094,0.9519725441932678,0.6518932580947876,0.5360704660415649,-0.19015653431415558,0.9778031706809998,0.45857080817222595,0.5593352913856506,-0.18716835975646973,0.9417149424552917,0.5690537095069885,0.5749777555465698,0.003719016909599304,0.9997413754463196,0.5222195386886597,0.5743228197097778,-0.0037937122397124767,0.9996564388275146,0.5709895491600037,0.7471837401390076,0.004285061731934547,0.9941182136535645,0.5217418074607849,0.7426419854164124,-0.006748630665242672,0.9956516027450562,0.5734432935714722,0.8797240853309631,0.16610294580459595,0.9932774305343628,0.5219371914863586,0.8808330297470093,0.15636710822582245,0.9923499226570129,0.5667237043380737,0.8930708765983582,0.17571106553077698,0.9147176742553711,0.5257517099380493,0.8925349712371826,0.1668035387992859,0.8548344969749451,0.5832141041755676,0.9381054639816284,0.0669250413775444,0.9880615472793579,0.5255681872367859,0.9361710548400879,0.059440262615680695,0.987000584602356
17900.000000000065,0.5377715826034546,0.2936171889305115,-0.31553253531455994,0.9999961853027344,0.5406760573387146,0.27872028946876526,-0.30633750557899475,0.9999867677688599,0.5440429449081421,0.27766451239585876,-0.30634805560112,0.9999871253967285,0.5475794076919556,0.2769332230091095,-0.30636584758758545,0.9999857544898987,0.5320751667022705,0.28222528100013733,-0.30384016036987305,0.9999833703041077,0.5290784239768982,0.2838958501815796,-0.30387264490127563,0.9999827146530151,0.52645343542099,0.28528961539268494,-0.30386629700660706,0.9999799132347107,0.5539314150810242,0.2831447720527649,-0.221669539809227,0.9999727010726929,0.5243031978607178,0.2944270074367523,-0.2111356258392334,0.9999657273292542,0.545617938041687,0.3069111108779907,-0.2820764183998108,0.999995231628418,0.5343722105026245,0.30988413095474243,-0.2789679765701294,0.9999938011169434,0.585803747177124,0.3727303445339203,-0.139667809009552,0.9999886155128479,0.5082836747169495,0.3828763961791992,-0.13451792299747467,0.9999620914459229,0.6074217557907104,0.4668532907962799,-0.08473491668701172,0.9930146932601929,0.489217609167099,0.47792354226112366,-0.09228796511888504,0.9782710671424866,0.6460141539573669,0.5298862457275391,-0.1632816195487976,0.9924792051315308,0.45927512645721436,0.5491114258766174,-0.1698627471923828,0.9747540354728699,0.6614847183227539,0.5482483506202698,-0.18161903321743011,0.9815136194229126,0.4479706585407257,0.5706911087036133,-0.19009031355381012,0.9508388638496399,0.6628219485282898,0.5484145879745483,-0.21780970692634583,0.983452558517456,0.4486493468284607,0.5706596374511719,-0.22271238267421722,0.9529303312301636,0.6562929153442383,0.5418883562088013,-0.17966565489768982,0.9786581993103027,0.45432478189468384,0.5644030570983887,-0.18560844659805298,0.9434202909469604,0.5689279437065125,0.5750772953033447,0.003613784210756421,0.9997398853302002,0.522125780582428,0.574361264705658,-0.0036833477206528187,0.9996446967124939,0.5709418654441833,0.7478333711624146,0.001340310787782073,0.9940249919891357,0.5217806100845337,0.7426503300666809,-0.005379792768508196,0.9956514239311218,0.5729246735572815,0.8794059753417969,0.1639181226491928,0.9931958913803101,0.5215645432472229,0.8804441690444946,0.1585565060377121,0.9920439124107361,0.5661175847053528,0.8923437595367432,0.17400680482387543,0.9131057858467102,0.5249951481819153,0.8919991254806519,0.16949276626110077,0.8497796058654785,0.5831124782562256,0.9381004571914673,0.06822105497121811,0.9879319071769714,0.5255545377731323,0.9361693859100342,0.06576403975486755,0.9866039156913757
17933.333333333398,0.5377761125564575,0.2937774360179901,-0.34187594056129456,0.9999963641166687,0.5406895875930786,0.2788366675376892,-0.3319943845272064,0.9999871850013733,0.544059693813324,0.27779245376586914,-0.33200395107269287,0.9999876618385315,0.5475970506668091,0.27705520391464233,-0.3320233225822449,0.9999862313270569,0.532084047794342,0.2823193073272705,-0.32990655303001404,0.9999836683273315,0.5290898680686951,0.2839677929878235,-0.32994601130485535,0.9999831318855286,0.5264597535133362,0.28536033630371094,-0.32994186878204346,0.999980092048645,0.5539356470108032,0.2831900417804718,-0.24143148958683014,0.9999738931655884,0.5243068337440491,0.29443424940109253,-0.2329021394252777,0.999966025352478,0.5456213355064392,0.3070768415927887,-0.30605775117874146,0.9999952912330627,0.5343598127365112,0.31004661321640015,-0.3035642206668854,0.9999937415122986,0.5858113765716553,0.37279993295669556,-0.15290723741054535,0.9999890327453613,0.5082541704177856,0.38306477665901184,-0.1491272747516632,0.9999617338180542,0.6074270009994507,0.4678123891353607,-0.09549334645271301,0.9930994510650635,0.4883086383342743,0.4795592129230499,-0.10503140836954117,0.9790303707122803,0.646837592124939,0.5321129560470581,-0.1720239520072937,0.9927659034729004,0.4567939341068268,0.5521089434623718,-0.17932510375976562,0.9756229519844055,0.6616806387901306,0.5509824752807617,-0.19176602363586426,0.9820658564567566,0.44456133246421814,0.5743721127510071,-0.20216180384159088,0.9520891308784485,0.6628260016441345,0.5515539050102234,-0.2286195307970047,0.9840612411499023,0.44524893164634705,0.5749430060386658,-0.2337416708469391,0.954399824142456,0.6570718288421631,0.5455435514450073,-0.1884695142507553,0.9796134233474731,0.4512373208999634,0.5687283277511597,-0.19403812289237976,0.9455328583717346,0.5688208937644958,0.5750176310539246,0.003582542296499014,0.9997431635856628,0.5220744013786316,0.5744213461875916,-0.003662524977698922,0.9996401071548462,0.5709218978881836,0.747234582901001,0.0001359225279884413,0.9939835071563721,0.5219710469245911,0.7426573634147644,-0.005437010433524847,0.9956709742546082,0.5729280114173889,0.8790814876556396,0.169229656457901,0.9931758642196655,0.5214698314666748,0.879890501499176,0.16434146463871002,0.991864800453186,0.5660451054573059,0.8919578194618225,0.1800527125597,0.9123391509056091,0.5243882536888123,0.8912568688392639,0.176085963845253,0.8456817865371704,0.5830079317092896,0.9379610419273376,0.07246790826320648,0.9879640936851501,0.5255613923072815,0.9360867738723755,0.07014884054660797,0.9864200353622437
17966.66666666673,0.5377790927886963,0.29383090138435364,-0.3461514115333557,0.9999964833259583,0.5407155156135559,0.2789941430091858,-0.33585822582244873,0.9999875426292419,0.5441149473190308,0.2779625952243805,-0.33587485551834106,0.9999880790710449,0.5476726293563843,0.2771929204463959,-0.3358977138996124,0.9999866485595703,0.5320879220962524,0.2823706567287445,-0.3338817358016968,0.9999838471412659,0.5290958285331726,0.2839919924736023,-0.33392271399497986,0.9999833703041077,0.5264672040939331,0.285401314496994,-0.33392393589019775,0.999980092048645,0.5539406538009644,0.28320416808128357,-0.24272774159908295,0.9999749660491943,0.5243156552314758,0.2944439649581909,-0.23454928398132324,0.9999661445617676,0.5456340909004211,0.30724361538887024,-0.309327632188797,0.9999954104423523,0.5343509316444397,0.3101719319820404,-0.3069527745246887,0.9999936819076538,0.5858233571052551,0.3728794753551483,-0.15238291025161743,0.9999895095825195,0.5082610249519348,0.383236825466156,-0.14979133009910583,0.9999614953994751,0.6074104905128479,0.46909669041633606,-0.0955442413687706,0.9930945038795471,0.4879637062549591,0.4809842109680176,-0.10632230341434479,0.9795138239860535,0.646645188331604,0.5342143774032593,-0.17358991503715515,0.9929183721542358,0.4546109139919281,0.5545593500137329,-0.1830311268568039,0.9762488007545471,0.6613531708717346,0.5538853406906128,-0.19269166886806488,0.9823198318481445,0.44171249866485596,0.5777326822280884,-0.20611287653446198,0.9529374241828918,0.6627422571182251,0.5544575452804565,-0.2306872308254242,0.9844221472740173,0.44171303510665894,0.5785952806472778,-0.2380463033914566,0.9555114507675171,0.6572525501251221,0.5484320521354675,-0.19050441682338715,0.9802845120429993,0.4479265809059143,0.5720790028572083,-0.19732621312141418,0.947234034538269,0.5686996579170227,0.5751811861991882,0.003817477962002158,0.9997494220733643,0.5219730138778687,0.5749877095222473,-0.003913217689841986,0.9996386766433716,0.5708219408988953,0.7472720146179199,-0.0009453684324398637,0.9939496517181396,0.522131621837616,0.743331789970398,-0.010041877627372742,0.9956822395324707,0.5729506611824036,0.8785820603370667,0.18079473078250885,0.9931159019470215,0.5214337110519409,0.8798579573631287,0.1748829185962677,0.9915583729743958,0.566080629825592,0.8911219239234924,0.19324663281440735,0.9112248420715332,0.5239611864089966,0.8910697102546692,0.188615620136261,0.8407368063926697,0.5830009579658508,0.9379561543464661,0.08573244512081146,0.9879289865493774,0.5255939960479736,0.9361369013786316,0.08367125689983368,0.9860855937004089
18000.000000000062,0.5377820730209351,0.294711172580719,-0.3511490225791931,0.9999966025352478,0.5407459735870361,0.2799738645553589,-0.34147024154663086,0.9999879002571106,0.5441698431968689,0.2791907489299774,-0.3414844572544098,0.9999884963035583,0.5477502346038818,0.27846547961235046,-0.34150978922843933,0.9999870657920837,0.5321092009544373,0.28280267119407654,-0.3392421305179596,0.999984085559845,0.5291210412979126,0.28423038125038147,-0.33928611874580383,0.9999836683273315,0.5264852643013,0.28555235266685486,-0.3392885625362396,0.9999802112579346,0.5539640188217163,0.28385496139526367,-0.24816210567951202,0.9999760389328003,0.5243602991104126,0.29444992542266846,-0.23907418549060822,0.9999665021896362,0.5456167459487915,0.3084118664264679,-0.31394556164741516,0.9999954700469971,0.5343255996704102,0.310922235250473,-0.31132248044013977,0.9999936819076538,0.5858306884765625,0.3730643391609192,-0.15474271774291992,0.999989926815033,0.5082909464836121,0.38324159383773804,-0.15248019993305206,0.9999619722366333,0.6072839498519897,0.47090619802474976,-0.09604164958000183,0.9931660890579224,0.48816144466400146,0.48185107111930847,-0.10784585773944855,0.980095386505127,0.6466596722602844,0.5362887978553772,-0.17323261499404907,0.9931027889251709,0.4540633261203766,0.5554535388946533,-0.18463806807994843,0.9769538044929504,0.6617375612258911,0.5567150115966797,-0.19177128374576569,0.9826309084892273,0.4415683448314667,0.579563558101654,-0.20871035754680634,0.9539980292320251,0.6632388830184937,0.5572589635848999,-0.2304510921239853,0.9848053455352783,0.4417645037174225,0.5804280042648315,-0.23919261991977692,0.9567767381668091,0.6577333211898804,0.5510814785957336,-0.19042150676250458,0.980951726436615,0.44754818081855774,0.573834240436554,-0.19799235463142395,0.9490038752555847,0.5685709118843079,0.5751907229423523,0.004122740123420954,0.9997528195381165,0.521894633769989,0.5750040411949158,-0.004231111612170935,0.9996360540390015,0.5708184838294983,0.7471666932106018,-0.0010778696741908789,0.9938307404518127,0.5222074389457703,0.7435250878334045,-0.014487904496490955,0.9956750273704529,0.5735011696815491,0.8783035278320312,0.1764916628599167,0.9929603338241577,0.5201542973518372,0.879885733127594,0.16810546815395355,0.9912128448486328,0.5665470957756042,0.8907749056816101,0.18841931223869324,0.9098379015922546,0.5210844278335571,0.8910571932792664,0.18097588419914246,0.8350664973258972,0.5832259058952332,0.9379621148109436,0.08062973618507385,0.987734854221344,0.5255945324897766,0.9362793564796448,0.07464431971311569,0.9856157302856445
18033.333333333394,0.5378040671348572,0.29562899470329285,-0.3525804281234741,0.9999966621398926,0.5409097075462341,0.28097230195999146,-0.34323370456695557,0.9999880790710449,0.5443834662437439,0.28043028712272644,-0.3432503640651703,0.9999887347221375,0.5479720234870911,0.2798001170158386,-0.34327638149261475,0.9999872446060181,0.53226238489151,0.2832241952419281,-0.34099292755126953,0.9999840259552002,0.5292948484420776,0.2844811677932739,-0.34103891253471375,0.9999836683273315,0.526638388633728,0.2857044041156769,-0.3410467207431793,0.9999800324440002,0.5540787577629089,0.28460338711738586,-0.24967242777347565,0.9999768137931824,0.5245692729949951,0.2944577932357788,-0.24039269983768463,0.9999663829803467,0.5456152558326721,0.3095187544822693,-0.3150787353515625,0.9999955296516418,0.5343218445777893,0.3116410970687866,-0.3124008774757385,0.999993622303009,0.5858374834060669,0.3730812072753906,-0.15432029962539673,0.9999902248382568,0.5083335638046265,0.3832043409347534,-0.15329650044441223,0.999962568283081,0.6070750951766968,0.47206467390060425,-0.0954665020108223,0.9931910037994385,0.4884583652019501,0.48405060172080994,-0.10744881629943848,0.980465292930603,0.6462400555610657,0.5384141802787781,-0.17373161017894745,0.9931804537773132,0.4540202021598816,0.5555996894836426,-0.1856188029050827,0.9775615930557251,0.6611212491989136,0.559783399105072,-0.1925514191389084,0.9827031493186951,0.4420062303543091,0.5805244445800781,-0.2099847048521042,0.955020010471344,0.6624155044555664,0.5600886344909668,-0.23146368563175201,0.9849782586097717,0.4421681761741638,0.5810432434082031,-0.24079421162605286,0.9580029249191284,0.6572778224945068,0.5538030862808228,-0.1910935491323471,0.9813836812973022,0.44759783148765564,0.5741811990737915,-0.19953082501888275,0.9506967067718506,0.568479597568512,0.5751440525054932,0.004447619896382093,0.9997537136077881,0.5218865275382996,0.5749943852424622,-0.004560212139040232,0.9996324181556702,0.5707771182060242,0.7468462586402893,-0.0036750263534486294,0.9936840534210205,0.5222815275192261,0.7436568140983582,-0.017311030998826027,0.995639979839325,0.5740097165107727,0.8777969479560852,0.17244639992713928,0.9928005933761597,0.5191882848739624,0.8800432085990906,0.16393440961837769,0.9909495115280151,0.5672145485877991,0.8899890780448914,0.1839561015367508,0.9085052013397217,0.5192217230796814,0.8910742998123169,0.1755383014678955,0.8304377794265747,0.5832882523536682,0.9375737905502319,0.07555939257144928,0.9875521063804626,0.5255466103553772,0.9364074468612671,0.06842511147260666,0.9852498769760132
18066.666666666726,0.5380274057388306,0.2957427501678467,-0.3588906228542328,0.9999966621398926,0.5413129925727844,0.2811187207698822,-0.3491465747356415,0.9999880790710449,0.5448789596557617,0.2806561589241028,-0.34916335344314575,0.999988853931427,0.5484182238578796,0.28007787466049194,-0.34919387102127075,0.9999873042106628,0.5325497388839722,0.2832677960395813,-0.34756529331207275,0.9999837279319763,0.5295999050140381,0.2845112979412079,-0.3476128876209259,0.9999834895133972,0.5268709063529968,0.28570297360420227,-0.3476199507713318,0.999979555606842,0.5542681813240051,0.2847488820552826,-0.2548339068889618,0.9999772310256958,0.5246582627296448,0.29432201385498047,-0.2486819177865982,0.9999656081199646,0.5456914305686951,0.3097612261772156,-0.32119277119636536,0.9999954700469971,0.5343340039253235,0.31177398562431335,-0.31942886114120483,0.9999933838844299,0.5857919454574585,0.3730993866920471,-0.16003619134426117,0.9999902844429016,0.5083868503570557,0.383203387260437,-0.16142605245113373,0.9999619722366333,0.6066514253616333,0.47290313243865967,-0.09998951107263565,0.9931139945983887,0.488554447889328,0.4861097037792206,-0.11560036987066269,0.9805869460105896,0.6458213925361633,0.5435125827789307,-0.17513960599899292,0.9931186437606812,0.4536491930484772,0.5569373369216919,-0.19184651970863342,0.9777116775512695,0.6604790091514587,0.5650374293327332,-0.19372813403606415,0.9824112057685852,0.441643089056015,0.5826497077941895,-0.2129204124212265,0.955181360244751,0.6618306636810303,0.5656869411468506,-0.23232737183570862,0.9848477840423584,0.441688597202301,0.5828418135643005,-0.2488197535276413,0.9584493041038513,0.6567978262901306,0.559444010257721,-0.19227617979049683,0.981490433216095,0.4469566345214844,0.5759320259094238,-0.20844048261642456,0.951528787612915,0.568092405796051,0.5751630067825317,0.004809485748410225,0.999755859375,0.5216657519340515,0.574951708316803,-0.004930815659463406,0.999629020690918,0.5707046985626221,0.7469000816345215,-0.003130019176751375,0.9935482740402222,0.522370457649231,0.7436364889144897,-0.0161603931337595,0.9956117868423462,0.5740463733673096,0.877808153629303,0.17581363022327423,0.9926861524581909,0.5189356207847595,0.8798632621765137,0.1662183552980423,0.9907378554344177,0.567237913608551,0.8900690078735352,0.18751192092895508,0.9078618884086609,0.519195020198822,0.890914797782898,0.1787840723991394,0.8265156745910645,0.5834227204322815,0.9375990629196167,0.07935227453708649,0.9874120950698853,0.5254794955253601,0.9363178610801697,0.07122406363487244,0.9849488139152527
18100.00000000006,0.5380799770355225,0.2964783012866974,-0.36523252725601196,0.999996542930603,0.541513204574585,0.28162041306495667,-0.3558937609195709,0.9999874830245972,0.5451169610023499,0.281278520822525,-0.3559126853942871,0.9999884366989136,0.5486502051353455,0.28074827790260315,-0.35594654083251953,0.9999867677688599,0.5327064394950867,0.2834039628505707,-0.3541129231452942,0.9999826550483704,0.5297620296478271,0.28455397486686707,-0.35416296124458313,0.999982476234436,0.5269865989685059,0.2857249081134796,-0.35417789220809937,0.9999781250953674,0.5544124841690063,0.28517958521842957,-0.2619898319244385,0.999976634979248,0.5247179269790649,0.2942880392074585,-0.25468355417251587,0.9999629259109497,0.545694887638092,0.3106284439563751,-0.32751983404159546,0.999995231628418,0.5343305468559265,0.31238406896591187,-0.32542601227760315,0.999992847442627,0.5857766270637512,0.3732284903526306,-0.1666443794965744,0.9999901056289673,0.5083917379379272,0.3832199275493622,-0.16525177657604218,0.999960720539093,0.6065036654472351,0.47416818141937256,-0.1070035919547081,0.9929754734039307,0.4887142479419708,0.49021443724632263,-0.11930384486913681,0.9804746508598328,0.6452100872993469,0.5488126277923584,-0.17861942946910858,0.9929173588752747,0.4524470865726471,0.5627603530883789,-0.1965327262878418,0.9777122735977173,0.6596215963363647,0.57148277759552,-0.19544513523578644,0.9817770719528198,0.4401147663593292,0.5881305932998657,-0.21651670336723328,0.9551296234130859,0.6606559157371521,0.5720891356468201,-0.23362946510314941,0.9844264984130859,0.4398619532585144,0.587757408618927,-0.25410178303718567,0.9586842656135559,0.655714750289917,0.5656902194023132,-0.1960366666316986,0.9812659621238708,0.4450511336326599,0.5807328224182129,-0.2139081358909607,0.9520849585533142,0.5677856802940369,0.5761265158653259,0.004789738915860653,0.9997515678405762,0.5212422609329224,0.575427234172821,-0.004912666976451874,0.999616801738739,0.570604145526886,0.7477257251739502,-0.0017321296036243439,0.9933940768241882,0.5223793387413025,0.7444072365760803,-0.012481958605349064,0.9955428838729858,0.574154257774353,0.8781943321228027,0.18115520477294922,0.9925808310508728,0.518970787525177,0.8802528381347656,0.17212602496147156,0.9906007647514343,0.567471444606781,0.8905770778656006,0.19318723678588867,0.9073935151100159,0.5195438265800476,0.8917462825775146,0.18484178185462952,0.824251651763916,0.5834595561027527,0.937638521194458,0.08396914601325989,0.9873024821281433,0.5255025625228882,0.9363362193107605,0.07498978823423386,0.9847615361213684
18133.33333333339,0.538162350654602,0.29775601625442505,-0.3675926923751831,0.9999964833259583,0.5416759848594666,0.28251299262046814,-0.3581618666648865,0.9999872446060181,0.5452622175216675,0.28225693106651306,-0.358188271522522,0.999988317489624,0.5487975478172302,0.28178295493125916,-0.35822486877441406,0.9999865889549255,0.5328428149223328,0.2840186059474945,-0.35647231340408325,0.9999819397926331,0.5298756957054138,0.2850607931613922,-0.35652029514312744,0.9999818205833435,0.5270508527755737,0.2861674427986145,-0.35653382539749146,0.9999771118164062,0.5544686913490295,0.2859243154525757,-0.26313316822052,0.9999766945838928,0.5247357487678528,0.2943463623523712,-0.2559715211391449,0.9999610185623169,0.5457049608230591,0.3118668794631958,-0.32940953969955444,0.9999951720237732,0.5343291759490967,0.31342899799346924,-0.32734259963035583,0.9999925494194031,0.5857588648796082,0.3733806312084198,-0.16802698373794556,0.9999902844429016,0.508398711681366,0.38334786891937256,-0.16490259766578674,0.999959409236908,0.6063511371612549,0.47546347975730896,-0.11041272431612015,0.9930006265640259,0.48893508315086365,0.49368879199028015,-0.11869935691356659,0.9803146123886108,0.6444287896156311,0.5526837110519409,-0.18467049300670624,0.9929092526435852,0.4514521658420563,0.5696950554847717,-0.19746163487434387,0.9776977300643921,0.6587992906570435,0.5758721232414246,-0.20121550559997559,0.9816194772720337,0.43851232528686523,0.5942143201828003,-0.21757249534130096,0.955089271068573,0.6599050760269165,0.5769259333610535,-0.24077026546001434,0.9843845963478088,0.4379437267780304,0.5937837958335876,-0.25590068101882935,0.9589250683784485,0.6544679999351501,0.5704882144927979,-0.20204713940620422,0.9814074039459229,0.4434513449668884,0.5861327648162842,-0.21518395841121674,0.9526580572128296,0.5675443410873413,0.5768848657608032,0.004784054588526487,0.9997515678405762,0.5209228992462158,0.5756738185882568,-0.004907266236841679,0.9996090531349182,0.5702751874923706,0.7481784224510193,-0.0019731742795556784,0.9933169484138489,0.5224277973175049,0.7450117468833923,-0.012184616178274155,0.9954763054847717,0.5741651058197021,0.8781043887138367,0.18489116430282593,0.9924949407577515,0.5183798670768738,0.8804650902748108,0.17391102015972137,0.9904678463935852,0.5676109194755554,0.8904099464416504,0.19747422635555267,0.9071565866470337,0.5182706117630005,0.8920114040374756,0.18687935173511505,0.8219231963157654,0.5834946036338806,0.9375268220901489,0.08841987699270248,0.9871921539306641,0.5251128673553467,0.9363903403282166,0.07632798701524734,0.9845531582832336
18166.666666666722,0.5383632183074951,0.29887452721595764,-0.3775581121444702,0.9999963641166687,0.5418998599052429,0.28329896926879883,-0.368143230676651,0.9999865293502808,0.5454486608505249,0.28305789828300476,-0.3681718111038208,0.9999877214431763,0.548968493938446,0.28259822726249695,-0.3682152032852173,0.999985933303833,0.5330309271812439,0.28467878699302673,-0.36652040481567383,0.999980628490448,0.5300561785697937,0.2856835424900055,-0.3665692210197449,0.9999805688858032,0.5271704196929932,0.28675180673599243,-0.36658433079719543,0.9999754428863525,0.5544881820678711,0.28647229075431824,-0.27176767587661743,0.999975860118866,0.5247611403465271,0.2944200932979584,-0.26472529768943787,0.9999579787254333,0.5457766652107239,0.3128862977027893,-0.33872902393341064,0.9999949336051941,0.5343358516693115,0.31428027153015137,-0.33670324087142944,0.9999920725822449,0.5856713652610779,0.3734450936317444,-0.1746932417154312,0.9999902844429016,0.5083873867988586,0.3833658695220947,-0.17187140882015228,0.9999576210975647,0.6062098741531372,0.47661930322647095,-0.1172647699713707,0.9928079843521118,0.489006906747818,0.4963779151439667,-0.12608499825000763,0.9801141023635864,0.6439418196678162,0.5560886263847351,-0.1921440213918686,0.9924560189247131,0.4514230787754059,0.5780954957008362,-0.20355814695358276,0.9772239327430725,0.657113254070282,0.5800089240074158,-0.20952671766281128,0.9803961515426636,0.43793052434921265,0.6036553978919983,-0.22401195764541626,0.9541338086128235,0.6573683619499207,0.5815522074699402,-0.24842394888401031,0.9834554195404053,0.43746301531791687,0.6038264632225037,-0.2621684670448303,0.9583300352096558,0.6525724530220032,0.5749485492706299,-0.2092210352420807,0.9806504845619202,0.44310063123703003,0.5949240922927856,-0.22129946947097778,0.952353835105896,0.5673192739486694,0.5770468711853027,0.004771506413817406,0.9997517466545105,0.5207700133323669,0.5757184028625488,-0.004895221907645464,0.9995990991592407,0.5701864957809448,0.748384952545166,-0.003433940466493368,0.9931601285934448,0.5224902629852295,0.7450369000434875,-0.011850161477923393,0.9953035712242126,0.5741087794303894,0.877849280834198,0.1907278448343277,0.9922599196434021,0.5183046460151672,0.8803521394729614,0.18119511008262634,0.9901372790336609,0.5676156878471375,0.8897964358329773,0.20440779626369476,0.905498206615448,0.5179316997528076,0.8915522694587708,0.1951201856136322,0.8180413246154785,0.5834691524505615,0.9371090531349182,0.09515294432640076,0.9868617653846741,0.5250464677810669,0.9365750551223755,0.08386536687612534,0.984102725982666
18200.000000000055,0.5384666919708252,0.29978445172309875,-0.37973177433013916,0.9999961853027344,0.5420641303062439,0.28397414088249207,-0.3700256645679474,0.9999858140945435,0.5456061959266663,0.28371086716651917,-0.3700524568557739,0.9999871253967285,0.5491317510604858,0.2832229435443878,-0.37009531259536743,0.9999852180480957,0.5331513285636902,0.28534772992134094,-0.3685538172721863,0.9999792575836182,0.5301746129989624,0.28634175658226013,-0.3686026632785797,0.9999792575836182,0.5272498726844788,0.2873823642730713,-0.36861976981163025,0.9999736547470093,0.5545209050178528,0.2869763970375061,-0.2731163799762726,0.9999748468399048,0.5247851610183716,0.2945745289325714,-0.26695460081100464,0.9999544024467468,0.5458292365074158,0.31363704800605774,-0.34080636501312256,0.999994695186615,0.5343377590179443,0.31493470072746277,-0.3390440344810486,0.9999915957450867,0.5854912400245667,0.3736194372177124,-0.1763027161359787,0.9999902844429016,0.5083129405975342,0.3834904432296753,-0.17538276314735413,0.9999554753303528,0.6059051156044006,0.47752243280410767,-0.11850340664386749,0.9925984144210815,0.48904165625572205,0.4981401860713959,-0.13015960156917572,0.9797881841659546,0.6426759362220764,0.5588744878768921,-0.19368478655815125,0.9920151233673096,0.4526861011981964,0.5812024474143982,-0.20640458166599274,0.9765029549598694,0.6555002331733704,0.5843243598937988,-0.21158041059970856,0.9792377352714539,0.43983373045921326,0.6086354851722717,-0.22722308337688446,0.9527784585952759,0.6553218960762024,0.5855574011802673,-0.24986501038074493,0.9825704097747803,0.43936192989349365,0.6090808510780334,-0.26442036032676697,0.9573279619216919,0.6507197022438049,0.578646183013916,-0.2105034440755844,0.9799246788024902,0.44490882754325867,0.5992597937583923,-0.22373606264591217,0.9515535235404968,0.5671709179878235,0.5772086381912231,0.005060992203652859,0.999754786491394,0.5206001996994019,0.5760546922683716,-0.005191965494304895,0.999593198299408,0.5701736211776733,0.7485187649726868,-0.0038146597798913717,0.9929642081260681,0.5226356387138367,0.7450354099273682,-0.01177683100104332,0.9951543807983398,0.5738666653633118,0.8778429627418518,0.1985461562871933,0.9919866323471069,0.5183132290840149,0.879978358745575,0.18852302432060242,0.9897769689559937,0.5674704909324646,0.8897494673728943,0.21318821609020233,0.9045870304107666,0.5179882645606995,0.8903454542160034,0.20351152122020721,0.8143140077590942,0.5833522081375122,0.9367302060127258,0.10536136478185654,0.986516535282135,0.5249878168106079,0.9366820454597473,0.09345777332782745,0.9836084842681885
18233.333333333387,0.5384719371795654,0.3005991578102112,-0.3783235549926758,0.9999960660934448,0.5421363711357117,0.2846362292766571,-0.36865848302841187,0.9999850988388062,0.5456982851028442,0.28436264395713806,-0.36867964267730713,0.9999865293502808,0.5492445230484009,0.2838689386844635,-0.36871764063835144,0.9999845027923584,0.5331989526748657,0.28591564297676086,-0.36701732873916626,0.9999781250953674,0.5302266478538513,0.2868274450302124,-0.36706843972206116,0.999978244304657,0.5272780656814575,0.2877972722053528,-0.3670872747898102,0.9999723434448242,0.5546097159385681,0.2875947654247284,-0.2727449834346771,0.9999736547470093,0.5248352885246277,0.29466497898101807,-0.2660227119922638,0.999951958656311,0.545832633972168,0.3143409788608551,-0.339863121509552,0.9999944567680359,0.5343241095542908,0.3155215084552765,-0.3379448354244232,0.9999911785125732,0.5854484438896179,0.3740423321723938,-0.17532405257225037,0.9999899864196777,0.5082696676254272,0.3836270272731781,-0.1769295036792755,0.999954104423523,0.6051027178764343,0.4787803888320923,-0.11703591793775558,0.9923085570335388,0.48956534266471863,0.49815571308135986,-0.13345615565776825,0.9796223044395447,0.6403278708457947,0.5613501667976379,-0.192050039768219,0.991490364074707,0.4536656141281128,0.5843782424926758,-0.2083422988653183,0.9759663343429565,0.6527062654495239,0.5874886512756348,-0.21065066754817963,0.9778916239738464,0.44133204221725464,0.6122949719429016,-0.22967863082885742,0.9517008662223816,0.6523932814598083,0.5887247323989868,-0.2486318200826645,0.9815064072608948,0.44116106629371643,0.6132808923721313,-0.26570624113082886,0.956517219543457,0.6478722095489502,0.5821859836578369,-0.20877519249916077,0.9789903163909912,0.4465804398059845,0.6031107902526855,-0.2252056747674942,0.950899064540863,0.5668970942497253,0.5772145986557007,0.005900122690945864,0.9997544288635254,0.5203336477279663,0.5760738849639893,-0.006037438288331032,0.999585747718811,0.5701207518577576,0.7485962510108948,-0.002349752001464367,0.9927573800086975,0.5227181315422058,0.7449618577957153,-0.009914716705679893,0.9950873255729675,0.5734322667121887,0.877695620059967,0.19577251374721527,0.9918522238731384,0.5183423757553101,0.8797726035118103,0.1829386055469513,0.9897704720497131,0.566933274269104,0.8897485733032227,0.20943883061408997,0.9048147797584534,0.5180543661117554,0.8900703191757202,0.19668054580688477,0.8137933015823364,0.5831144452095032,0.9367052912712097,0.10105885565280914,0.9863759875297546,0.5249884724617004,0.9366271495819092,0.08597031235694885,0.9835656881332397
18266.66666666672,0.5384749174118042,0.30153530836105347,-0.37102603912353516,0.9999958872795105,0.5421714186668396,0.28541094064712524,-0.3616620600223541,0.9999843835830688,0.5457445383071899,0.28510013222694397,-0.36168262362480164,0.999985933303833,0.5493038296699524,0.284580796957016,-0.36171770095825195,0.9999837875366211,0.5332165956497192,0.28674978017807007,-0.3599287271499634,0.9999769330024719,0.5302503705024719,0.28762298822402954,-0.3599780797958374,0.9999771118164062,0.527290940284729,0.28853434324264526,-0.3599962592124939,0.9999708533287048,0.5546723008155823,0.28829094767570496,-0.267192006111145,0.9999725222587585,0.5248955488204956,0.2949000597000122,-0.26005008816719055,0.9999492764472961,0.5458353757858276,0.3150303065776825,-0.3330250680446625,0.9999942183494568,0.534307599067688,0.31618398427963257,-0.33098554611206055,0.9999907612800598,0.5854530930519104,0.374403178691864,-0.17072893679141998,0.9999897480010986,0.5082523822784424,0.3837582767009735,-0.17250846326351166,0.99995356798172,0.6037877798080444,0.48040732741355896,-0.11373919993638992,0.9921543002128601,0.4908505976200104,0.49772655963897705,-0.1283748894929886,0.9794283509254456,0.6377540230751038,0.5636612772941589,-0.18748022615909576,0.9912157654762268,0.4551568329334259,0.585565447807312,-0.2081441730260849,0.9756230711936951,0.6498628258705139,0.5903142094612122,-0.2052440643310547,0.9771620631217957,0.44245046377182007,0.6134264469146729,-0.2286025583744049,0.9511151909828186,0.6493328213691711,0.5911144614219666,-0.24235476553440094,0.980933427810669,0.4422532916069031,0.6148586869239807,-0.2649523913860321,0.9561189413070679,0.6445877552032471,0.5846008062362671,-0.2037106603384018,0.9785051941871643,0.4478437304496765,0.6049804091453552,-0.2249782681465149,0.9506170749664307,0.566461980342865,0.5780836939811707,0.0063162329606711864,0.9997515678405762,0.5200412273406982,0.5766758918762207,-0.0064546698704361916,0.9995772242546082,0.5700442790985107,0.7494657039642334,5.680358299287036e-05,0.9924335479736328,0.5227708220481873,0.7452241778373718,-0.008158490993082523,0.9949630498886108,0.5732493996620178,0.8778144717216492,0.19160886108875275,0.9916283488273621,0.5184413194656372,0.8798090219497681,0.1814470887184143,0.9896190166473389,0.5667337775230408,0.889991819858551,0.20487238466739655,0.9043324589729309,0.51888108253479,0.8900832533836365,0.19415239989757538,0.8122174739837646,0.5830175280570984,0.9367793202400208,0.09604532271623611,0.9860907196998596,0.5250219702720642,0.936554491519928,0.08020737767219543,0.9833051562309265
18300.00000000005,0.5384445786476135,0.30208373069763184,-0.386888325214386,0.9999958276748657,0.5421738028526306,0.2858961224555969,-0.37746313214302063,0.9999840259552002,0.5457515716552734,0.28558316826820374,-0.377483069896698,0.9999856352806091,0.5493280291557312,0.2850682735443115,-0.3775232136249542,0.9999834299087524,0.5332149863243103,0.2871723473072052,-0.37552592158317566,0.9999763369560242,0.530248761177063,0.2879863679409027,-0.3755837082862854,0.9999765753746033,0.527288556098938,0.28884637355804443,-0.37560927867889404,0.9999701380729675,0.5547221302986145,0.2886908948421478,-0.2808336913585663,0.9999719262123108,0.5249024629592896,0.2949517071247101,-0.27261772751808167,0.9999480247497559,0.5458329319953918,0.3155641555786133,-0.34794169664382935,0.9999940991401672,0.5342422127723694,0.31663841009140015,-0.34562599658966064,0.9999905228614807,0.5855060815811157,0.3748234510421753,-0.18040648102760315,0.9999895691871643,0.5082391500473022,0.3839341104030609,-0.1814243644475937,0.9999532103538513,0.6027998328208923,0.4823114573955536,-0.12124790996313095,0.99195796251297,0.4917512834072113,0.4979435205459595,-0.13679559528827667,0.9792886972427368,0.6358299255371094,0.5659976601600647,-0.19502781331539154,0.9908196330070496,0.4567643404006958,0.5891672372817993,-0.21397043764591217,0.9752339720726013,0.6479908227920532,0.5928050875663757,-0.2134265899658203,0.9761520028114319,0.44419118762016296,0.6183775067329407,-0.2358543425798416,0.9503582715988159,0.6477037072181702,0.5932864546775818,-0.2510455846786499,0.9801234006881714,0.44425538182258606,0.6205735802650452,-0.27208587527275085,0.9555450081825256,0.6429836750030518,0.5873032808303833,-0.21143938601016998,0.9777430891990662,0.449872761964798,0.6103540062904358,-0.23079606890678406,0.9501191973686218,0.5662954449653625,0.5781384706497192,0.006270712707191706,0.9997518658638,0.5199120044708252,0.5766734480857849,-0.006407995242625475,0.9995740652084351,0.5699984431266785,0.7505800724029541,-0.00130396184977144,0.9922849535942078,0.522778332233429,0.7453985214233398,-0.00823999848216772,0.9948676228523254,0.57317715883255,0.8789121508598328,0.19019804894924164,0.9915102124214172,0.5189241766929626,0.8796952366828918,0.17894898355007172,0.9894906878471375,0.5667312145233154,0.8913289308547974,0.20311042666435242,0.9042360186576843,0.520255982875824,0.8900951743125916,0.19164341688156128,0.811012327671051,0.5829810500144958,0.9372590780258179,0.09384681284427643,0.9859081506729126,0.5250194668769836,0.9361928701400757,0.08005635440349579,0.9830724596977234
18333.333333333383,0.5384090542793274,0.3025791347026825,-0.38746005296707153,0.9999957084655762,0.5421731472015381,0.28642845153808594,-0.37843993306159973,0.9999834895133972,0.5457537770271301,0.2861078977584839,-0.37845614552497864,0.9999851584434509,0.5493354797363281,0.28559741377830505,-0.37849441170692444,0.9999828934669495,0.5332067012786865,0.2876318693161011,-0.37644582986831665,0.9999755620956421,0.5302407145500183,0.28838038444519043,-0.376502126455307,0.999975860118866,0.5272774696350098,0.2891921401023865,-0.37652653455734253,0.9999692440032959,0.5547459721565247,0.2890990972518921,-0.2826632559299469,0.9999709129333496,0.524910032749176,0.2950438857078552,-0.27411508560180664,0.9999462962150574,0.5458164215087891,0.3160659372806549,-0.3486592173576355,0.9999939203262329,0.5341708660125732,0.31710758805274963,-0.3462490439414978,0.9999902844429016,0.5855268836021423,0.375088095664978,-0.18181712925434113,0.9999894499778748,0.508212149143219,0.3840676546096802,-0.1818881779909134,0.999953031539917,0.6024148464202881,0.48346570134162903,-0.12199460715055466,0.9918549060821533,0.49228331446647644,0.4980885684490204,-0.13685160875320435,0.9792301058769226,0.6344016790390015,0.567482054233551,-0.1955382525920868,0.9905502200126648,0.45888301730155945,0.5911684036254883,-0.21330171823501587,0.9749518632888794,0.6466785669326782,0.5936333537101746,-0.2141726016998291,0.9754066467285156,0.4468003809452057,0.6206573247909546,-0.23533537983894348,0.9497514367103577,0.6462569832801819,0.5940248370170593,-0.25153908133506775,0.9795231819152832,0.44738849997520447,0.6230146288871765,-0.2710503041744232,0.9550779461860657,0.6412707567214966,0.5880193710327148,-0.2118336260318756,0.977165699005127,0.4527253806591034,0.6127812266349792,-0.22986093163490295,0.9496827125549316,0.5661353468894958,0.5781312584877014,0.0061424123123288155,0.9997506141662598,0.5198574662208557,0.5764329433441162,-0.00628186110407114,0.999569833278656,0.5698177814483643,0.7511433959007263,-0.0021138223819434643,0.9921461939811707,0.522692859172821,0.745193600654602,-0.007437285967171192,0.994747519493103,0.5729513764381409,0.8793535232543945,0.18489477038383484,0.9914442300796509,0.5189349055290222,0.8796998858451843,0.17744697630405426,0.9894612431526184,0.5664017796516418,0.8922968506813049,0.19708861410617828,0.9039670825004578,0.5206702351570129,0.8904620409011841,0.18932904303073883,0.8108171820640564,0.5827487707138062,0.9375318884849548,0.08510031551122665,0.9858237504959106,0.5247527956962585,0.9361507296562195,0.07436753809452057,0.9830312728881836
18366.666666666715,0.5383591055870056,0.302829772233963,-0.38410165905952454,0.9999956488609314,0.5421663522720337,0.28663748502731323,-0.37531912326812744,0.999983012676239,0.5457548499107361,0.2863091230392456,-0.3753325641155243,0.9999848008155823,0.54933762550354,0.2857905626296997,-0.37536999583244324,0.999982476234436,0.533191442489624,0.2878230810165405,-0.3733081817626953,0.9999749064445496,0.5302282571792603,0.2885456085205078,-0.3733636438846588,0.9999752640724182,0.5272662043571472,0.28933194279670715,-0.37338677048683167,0.9999684691429138,0.5547732710838318,0.2892581820487976,-0.28057682514190674,0.9999701380729675,0.5249168872833252,0.29506930708885193,-0.2719765305519104,0.9999447464942932,0.5457924604415894,0.3163131773471832,-0.3456185460090637,0.9999937415122986,0.5340980887413025,0.31736862659454346,-0.34320423007011414,0.9999899864196777,0.5855433344841003,0.375323623418808,-0.18061470985412598,0.9999892115592957,0.5081980228424072,0.38405299186706543,-0.18036478757858276,0.9999532103538513,0.6020784378051758,0.48392412066459656,-0.12040602415800095,0.9918251037597656,0.49288198351860046,0.4978811740875244,-0.13495446741580963,0.979059636592865,0.6335459351539612,0.5683693289756775,-0.19451668858528137,0.9903387427330017,0.4616996943950653,0.5899174213409424,-0.21128082275390625,0.9744817018508911,0.6458138227462769,0.5945984721183777,-0.21369408071041107,0.9747569561004639,0.45013320446014404,0.6200043559074402,-0.23327676951885223,0.9488685727119446,0.6454184651374817,0.5948672890663147,-0.25141069293022156,0.9789913892745972,0.4507993459701538,0.6224064826965332,-0.2687985301017761,0.9543437957763672,0.6403984427452087,0.5888938903808594,-0.21109315752983093,0.9766384363174438,0.45602652430534363,0.611728847026825,-0.22778111696243286,0.9489158391952515,0.5660691857337952,0.5781065821647644,0.005957065150141716,0.9997467994689941,0.5198171734809875,0.5761511921882629,-0.006098009645938873,0.9995659589767456,0.5696064829826355,0.7512300610542297,-0.0021510059013962746,0.9920345544815063,0.5225666165351868,0.7450340390205383,-0.004296331200748682,0.9946733713150024,0.5729650855064392,0.8805074691772461,0.1790182888507843,0.991450309753418,0.5193053483963013,0.8806316256523132,0.17328821122646332,0.9895711541175842,0.56644606590271,0.8945435881614685,0.19033893942832947,0.9046401381492615,0.521894633769989,0.893211305141449,0.18402442336082458,0.8122846484184265,0.5827399492263794,0.9379338026046753,0.07763264328241348,0.9858668446540833,0.5245791673660278,0.9361333847045898,0.0673501268029213,0.9831711649894714
18400.000000000047,0.538277804851532,0.3033001720905304,-0.3837442696094513,0.9999954700469971,0.5421316623687744,0.2870411276817322,-0.37538135051727295,0.9999819397926331,0.5457349419593811,0.28666794300079346,-0.37539270520210266,0.9999839663505554,0.5493324995040894,0.2861177325248718,-0.37543079257011414,0.9999814629554749,0.5331513285636902,0.2882481515407562,-0.37335672974586487,0.9999732971191406,0.5301991105079651,0.28892260789871216,-0.37341219186782837,0.9999738335609436,0.5272423624992371,0.28965625166893005,-0.3734356164932251,0.9999666213989258,0.5547780394554138,0.28946614265441895,-0.2816275954246521,0.9999685287475586,0.5249200463294983,0.2951198220252991,-0.27281486988067627,0.9999411106109619,0.5457284450531006,0.3166522681713104,-0.34543368220329285,0.9999933838844299,0.5340015292167664,0.31779682636260986,-0.342977911233902,0.9999894499778748,0.58555668592453,0.37566930055618286,-0.18228496611118317,0.9999890923500061,0.5081300139427185,0.38403093814849854,-0.18021951615810394,0.999953031539917,0.6018423438072205,0.4847298562526703,-0.12158211320638657,0.9918445944786072,0.4932151138782501,0.4978407621383667,-0.13398313522338867,0.978793203830719,0.6331374049186707,0.5693474411964417,-0.19412806630134583,0.99019455909729,0.4631773829460144,0.589913547039032,-0.2100919634103775,0.9738802313804626,0.6454076766967773,0.5954301357269287,-0.2131275236606598,0.9742637872695923,0.45205143094062805,0.6203427314758301,-0.23211748898029327,0.9477731585502625,0.6449575424194336,0.595548689365387,-0.25048840045928955,0.9785856604576111,0.45268458127975464,0.6226779222488403,-0.2675590217113495,0.953423261642456,0.6399139165878296,0.5896437764167786,-0.21045932173728943,0.9762184619903564,0.4577743709087372,0.6118466258049011,-0.2265995591878891,0.9479398727416992,0.5659977197647095,0.5779571533203125,0.0050344872288405895,0.99974125623703,0.5197823643684387,0.5755589008331299,-0.00517552113160491,0.9995577335357666,0.569494903087616,0.7512195706367493,-0.002216483000665903,0.9919618368148804,0.5225008726119995,0.744211733341217,0.00011477145744720474,0.9945393800735474,0.5729681253433228,0.8813058137893677,0.17437346279621124,0.9914589524269104,0.5198184847831726,0.8807698488235474,0.1723221242427826,0.9895980954170227,0.5666087865829468,0.8956254124641418,0.18524900078773499,0.9041900038719177,0.5226725935935974,0.8935306668281555,0.18255335092544556,0.812791109085083,0.5823561549186707,0.9383904337882996,0.07096760720014572,0.9858999848365784,0.5245411992073059,0.9359579086303711,0.06526198983192444,0.983246922492981
18433.33333333338,0.5382401347160339,0.3035498559474945,-0.38105690479278564,0.9999954104423523,0.5421173572540283,0.28731411695480347,-0.37258246541023254,0.9999815225601196,0.5457170605659485,0.28690773248672485,-0.37259358167648315,0.9999836087226868,0.5493184924125671,0.2863360643386841,-0.3726303279399872,0.9999810457229614,0.5331416726112366,0.28862616419792175,-0.37066709995269775,0.9999727606773376,0.5301924347877502,0.2893122136592865,-0.3707216680049896,0.9999733567237854,0.5272341370582581,0.2900486886501312,-0.37074318528175354,0.999966025352478,0.5547839403152466,0.28967612981796265,-0.27881965041160583,0.9999679923057556,0.5249055027961731,0.29532530903816223,-0.27059927582740784,0.9999398589134216,0.5456723570823669,0.31681305170059204,-0.3427998125553131,0.9999932050704956,0.5339375138282776,0.31804147362709045,-0.3404785394668579,0.9999892115592957,0.5855515599250793,0.375833123922348,-0.18007643520832062,0.9999890327453613,0.5080128908157349,0.38403990864753723,-0.17837421596050262,0.9999536871910095,0.6017521619796753,0.4849769175052643,-0.1200728714466095,0.9919734001159668,0.4933532178401947,0.49768975377082825,-0.13272744417190552,0.9787387847900391,0.6328573226928711,0.5692863464355469,-0.19182954728603363,0.9902023077011108,0.46383562684059143,0.5903424024581909,-0.20780979096889496,0.9736208915710449,0.6449487805366516,0.5953308343887329,-0.21040190756320953,0.9741271138191223,0.45308220386505127,0.6209831833839417,-0.2292643040418625,0.9472593069076538,0.6443783640861511,0.5954978466033936,-0.2471686154603958,0.9784744381904602,0.453642338514328,0.6232959032058716,-0.2652525007724762,0.9530100226402283,0.639369010925293,0.5895649790763855,-0.20773880183696747,0.976094126701355,0.4586235284805298,0.6123268604278564,-0.22426548600196838,0.947480320930481,0.5659814476966858,0.5779751539230347,0.004597404971718788,0.9997352361679077,0.5197707414627075,0.5755571722984314,-0.004734805319458246,0.9995545744895935,0.5694485902786255,0.7511372566223145,-0.0016628098674118519,0.9919677376747131,0.5224639773368835,0.7440917491912842,0.0010720030404627323,0.9944953322410583,0.573286235332489,0.8813290596008301,0.17140555381774902,0.9915294051170349,0.519833505153656,0.8820288181304932,0.16793300211429596,0.9897550940513611,0.5673335790634155,0.8957692384719849,0.1819012463092804,0.9046940803527832,0.5226508378982544,0.895441472530365,0.1775912195444107,0.8146792650222778,0.5823485851287842,0.9384920001029968,0.0682423934340477,0.9860450029373169,0.5243479013442993,0.9362384080886841,0.059899549931287766,0.9834648966789246
18466.66666666671,0.5381336808204651,0.30368950963020325,-0.3799906075000763,0.9999953508377075,0.5420622229576111,0.28745144605636597,-0.37154099345207214,0.9999812245368958,0.5456552505493164,0.2870243191719055,-0.3715510368347168,0.9999833703041077,0.5492739081382751,0.28644511103630066,-0.3715869188308716,0.9999807476997375,0.533087968826294,0.2888658940792084,-0.36955899000167847,0.999972403049469,0.5301308631896973,0.2895648181438446,-0.36961308121681213,0.9999730587005615,0.5271698832511902,0.29032066464424133,-0.3696335256099701,0.9999656081199646,0.5547683238983154,0.2898551821708679,-0.27784299850463867,0.9999675154685974,0.5248346328735352,0.29551079869270325,-0.26934513449668884,0.9999390244483948,0.5455515384674072,0.3169332444667816,-0.34176716208457947,0.9999931454658508,0.5338053107261658,0.3182368576526642,-0.33938977122306824,0.9999890923500061,0.5854515433311462,0.37595346570014954,-0.17902155220508575,0.9999890327453613,0.5078892111778259,0.384025514125824,-0.1776808202266693,0.9999544620513916,0.6016738414764404,0.4850774109363556,-0.1191990077495575,0.9920552372932434,0.4933925271034241,0.4976053237915039,-0.13177509605884552,0.978778064250946,0.632716715335846,0.5692561864852905,-0.19078212976455688,0.990152895450592,0.46440407633781433,0.590366780757904,-0.20724909007549286,0.9735231995582581,0.6446977257728577,0.5952949523925781,-0.20916765928268433,0.9738661646842957,0.45393356680870056,0.6214861273765564,-0.22858895361423492,0.9470189809799194,0.6440322995185852,0.5955250263214111,-0.24572965502738953,0.9782699942588806,0.45452553033828735,0.6239836812019348,-0.264415442943573,0.9528306722640991,0.6390668153762817,0.5896540880203247,-0.20652180910110474,0.9758927226066589,0.45934370160102844,0.6129207611083984,-0.22350825369358063,0.9472715854644775,0.5659024119377136,0.5779719948768616,0.004568256437778473,0.9997356534004211,0.51970374584198,0.5754625201225281,-0.004707186948508024,0.999556303024292,0.5692732334136963,0.7507893443107605,-0.0021557151339948177,0.9919731020927429,0.5223461985588074,0.7440128922462463,0.00035790057154372334,0.9945063591003418,0.5733509063720703,0.8813999891281128,0.17212821543216705,0.9915821552276611,0.5198444724082947,0.8819224238395691,0.16959065198898315,0.9898363947868347,0.5675421953201294,0.8959826231002808,0.18268214166164398,0.9056035876274109,0.5226404666900635,0.8954137563705444,0.18011575937271118,0.8157519102096558,0.5823520421981812,0.9385864734649658,0.06964278221130371,0.9861497282981873,0.5243225693702698,0.9361774921417236,0.06369806081056595,0.9835798144340515
18500.000000000044,0.537909209728241,0.3039546310901642,-0.37939685583114624,0.9999952912330627,0.5418657660484314,0.2878411114215851,-0.3704425096511841,0.999980628490448,0.5454195141792297,0.2873516380786896,-0.37045609951019287,0.9999828934669495,0.5490640997886658,0.2867576479911804,-0.37049204111099243,0.9999802112579346,0.5329418778419495,0.28938907384872437,-0.36856135725975037,0.9999716877937317,0.5299970507621765,0.2900722920894623,-0.36861497163772583,0.9999724626541138,0.5270583629608154,0.2908513844013214,-0.36863601207733154,0.999964714050293,0.5546446442604065,0.29022395610809326,-0.2767196297645569,0.999966561794281,0.5247552394866943,0.2959291934967041,-0.2681204080581665,0.9999370574951172,0.5452085733413696,0.31708016991615295,-0.3410043716430664,0.9999930262565613,0.5335894823074341,0.3185734450817108,-0.33887961506843567,0.999988853931427,0.5852007269859314,0.37610650062561035,-0.1782398819923401,0.9999890327453613,0.507768452167511,0.38402682542800903,-0.17695553600788116,0.9999554753303528,0.6015824675559998,0.48505911231040955,-0.1184680387377739,0.9921693205833435,0.4934961497783661,0.49741968512535095,-0.12856052815914154,0.9787259101867676,0.632499635219574,0.5693222880363464,-0.18676427006721497,0.9900904297828674,0.4652489125728607,0.5901437997817993,-0.2005568891763687,0.9733778834342957,0.644438624382019,0.5953362584114075,-0.20472584664821625,0.9735504984855652,0.45527172088623047,0.6214137673377991,-0.22147706151008606,0.9467137455940247,0.6436474323272705,0.5956287980079651,-0.2410445660352707,0.9780194759368896,0.45589765906333923,0.6237379312515259,-0.2570236921310425,0.9525863528251648,0.6386748552322388,0.5898517370223999,-0.20235973596572876,0.9756402969360352,0.46048036217689514,0.6127562522888184,-0.21668283641338348,0.9469672441482544,0.5658858418464661,0.5778259634971619,0.004390942398458719,0.9997382760047913,0.519690752029419,0.5750051140785217,-0.004534153733402491,0.9995620846748352,0.5692398548126221,0.7507458329200745,-0.0048220036551356316,0.9920228719711304,0.5222747921943665,0.7431882619857788,-0.00019290090131107718,0.9945499897003174,0.5735353231430054,0.8813579082489014,0.1725015789270401,0.9916741847991943,0.5198550820350647,0.8801566362380981,0.17008157074451447,0.99000084400177,0.5679233074188232,0.8959186673164368,0.18365448713302612,0.9066942930221558,0.5226463079452515,0.8934915661811829,0.18089400231838226,0.8181739449501038,0.5825759768486023,0.9387369155883789,0.07155808806419373,0.9863431453704834,0.5242347121238708,0.9361597299575806,0.06637734174728394,0.9838643074035645
18533.333333333376,0.5377216339111328,0.3041212260723114,-0.37473922967910767,0.9999951720237732,0.5416309237480164,0.28810372948646545,-0.3668738007545471,0.9999797344207764,0.5451481938362122,0.2875869870185852,-0.3668745160102844,0.9999821186065674,0.548764169216156,0.28699374198913574,-0.3669089078903198,0.9999793171882629,0.5327559113502502,0.2897064983844757,-0.3650158643722534,0.9999706149101257,0.5298570990562439,0.2903798520565033,-0.3650699853897095,0.9999715089797974,0.5269396901130676,0.2911544442176819,-0.3650887906551361,0.9999635219573975,0.5544076561927795,0.29057547450065613,-0.27597981691360474,0.9999650716781616,0.5246053338050842,0.2962779402732849,-0.2676435112953186,0.9999345541000366,0.5449114441871643,0.3171735405921936,-0.33719852566719055,0.9999927282333374,0.5333688259124756,0.318825364112854,-0.33506450057029724,0.9999884366989136,0.5848175287246704,0.3761349022388458,-0.17817139625549316,0.999988853931427,0.507640540599823,0.38402417302131653,-0.17637480795383453,0.9999564290046692,0.6013618111610413,0.4849645495414734,-0.11458691209554672,0.9922827482223511,0.49357038736343384,0.4972049295902252,-0.1277448683977127,0.9788583517074585,0.6319226622581482,0.5694990158081055,-0.18032041192054749,0.9900304675102234,0.4661126136779785,0.5899637341499329,-0.19807815551757812,0.9733415246009827,0.6439222097396851,0.5955525636672974,-0.19796058535575867,0.9732362627983093,0.4565882086753845,0.6216670274734497,-0.2189525067806244,0.9465885162353516,0.6430041790008545,0.5957496166229248,-0.23388931155204773,0.9777582883834839,0.45754146575927734,0.6238079071044922,-0.2540537416934967,0.9524839520454407,0.6379663348197937,0.5899676084518433,-0.19582220911979675,0.9753745794296265,0.46182936429977417,0.6127381324768066,-0.21400317549705505,0.9467887878417969,0.5658488869667053,0.5776147246360779,0.00433083763346076,0.9997374415397644,0.5196477174758911,0.5748082995414734,-0.004475044086575508,0.9995659589767456,0.569227933883667,0.7500266432762146,-0.004765079356729984,0.9920669198036194,0.5221952795982361,0.7424755692481995,-0.0003750685718841851,0.9945977926254272,0.5735565423965454,0.881340503692627,0.17170991003513336,0.9917380809783936,0.5199850797653198,0.8793287873268127,0.1697971522808075,0.9901878237724304,0.5679864287376404,0.895865797996521,0.18286308646202087,0.9075638055801392,0.5228538513183594,0.8921388387680054,0.18063746392726898,0.8210449814796448,0.5826826095581055,0.938747763633728,0.07175837457180023,0.9864888787269592,0.5241459012031555,0.9361653923988342,0.06671009957790375,0.9841550588607788
18566.666666666708,0.5374330282211304,0.3043385148048401,-0.37514254450798035,0.9999949932098389,0.5412294268608093,0.2884160578250885,-0.36735638976097107,0.9999786615371704,0.5446992516517639,0.28784844279289246,-0.36735546588897705,0.9999812245368958,0.5483042597770691,0.2872515916824341,-0.36738985776901245,0.999978244304657,0.532438337802887,0.2901804447174072,-0.3655291795730591,0.9999693632125854,0.5296071767807007,0.29088038206100464,-0.36558350920677185,0.9999704360961914,0.5267288088798523,0.29170337319374084,-0.36560294032096863,0.9999621510505676,0.554048478603363,0.29093751311302185,-0.27588266134262085,0.9999632835388184,0.5244070887565613,0.29670414328575134,-0.267702579498291,0.999931812286377,0.544606626033783,0.31728705763816833,-0.3374461233615875,0.9999923706054688,0.5331007242202759,0.31917887926101685,-0.3353077471256256,0.9999879598617554,0.5845158696174622,0.3761090636253357,-0.17770354449748993,0.9999887347221375,0.5075417757034302,0.38402059674263,-0.17675413191318512,0.9999572038650513,0.6011220812797546,0.4848852753639221,-0.11402056366205215,0.9923627972602844,0.4936280846595764,0.4969345033168793,-0.12790817022323608,0.9789906144142151,0.6310940384864807,0.569499135017395,-0.17991305887699127,0.9899947047233582,0.4668906331062317,0.5906770825386047,-0.19866608083248138,0.9733795523643494,0.6428073048591614,0.5953088402748108,-0.19761790335178375,0.973014235496521,0.45760059356689453,0.6227368712425232,-0.2197323590517044,0.9466116428375244,0.6419149041175842,0.5955315232276917,-0.23362509906291962,0.9775622487068176,0.4585067629814148,0.6249328255653381,-0.2547980844974518,0.9525018930435181,0.6368657946586609,0.5896844863891602,-0.1954505890607834,0.9751374125480652,0.46275779604911804,0.6137681007385254,-0.21462063491344452,0.9466980695724487,0.5658043622970581,0.577447235584259,0.004219966009259224,0.9997344017028809,0.5196433067321777,0.5746753811836243,-0.004365409724414349,0.9995664954185486,0.5692256689071655,0.7493600845336914,-0.004807536024600267,0.9921354651451111,0.5221370458602905,0.7420395016670227,5.9801699535455555e-05,0.9946228265762329,0.5738962888717651,0.8813230991363525,0.16983790695667267,0.9918566942214966,0.5211852788925171,0.8793516159057617,0.16824302077293396,0.9904060959815979,0.5683709383010864,0.8958309888839722,0.1808127611875534,0.9085401892662048,0.5242672562599182,0.892133355140686,0.17877012491226196,0.8240578174591064,0.58304363489151,0.9387713074684143,0.06900610774755478,0.9867232441902161,0.5241544246673584,0.9363299012184143,0.06451720744371414,0.9845172762870789
18600.00000000004,0.5370908975601196,0.30449649691581726,-0.37104862928390503,0.9999948143959045,0.5409098863601685,0.2886040508747101,-0.363467812538147,0.9999775290489197,0.5443733930587769,0.288028359413147,-0.3634653389453888,0.9999802708625793,0.5479661226272583,0.2874504029750824,-0.36349594593048096,0.9999770522117615,0.5321393013000488,0.2903781831264496,-0.3618054687976837,0.9999681711196899,0.5293154716491699,0.29106053709983826,-0.3618607819080353,0.9999694228172302,0.5264557003974915,0.29187485575675964,-0.36188045144081116,0.9999607801437378,0.5537254214286804,0.29123762249946594,-0.2731976807117462,0.9999608993530273,0.5241659879684448,0.29683586955070496,-0.26608625054359436,0.9999292492866516,0.544253945350647,0.31739166378974915,-0.3337140679359436,0.9999918341636658,0.5327931046485901,0.31939294934272766,-0.33180251717567444,0.9999873042106628,0.5840104818344116,0.37607234716415405,-0.17568983137607574,0.9999884366989136,0.5073343515396118,0.3840208649635315,-0.17663905024528503,0.9999580979347229,0.6005367040634155,0.484852135181427,-0.11152444779872894,0.9923937320709229,0.49364516139030457,0.49688857793807983,-0.12779119610786438,0.9791467785835266,0.629798948764801,0.5692979693412781,-0.17626066505908966,0.9898793697357178,0.4675506353378296,0.5918393135070801,-0.19732341170310974,0.973329484462738,0.6409889459609985,0.5951966047286987,-0.19365043938159943,0.972575306892395,0.4587765634059906,0.6238648295402527,-0.21806399524211884,0.9464319348335266,0.64000004529953,0.5954946875572205,-0.22907625138759613,0.9771761298179626,0.4598737955093384,0.6257688403129578,-0.25283846259117126,0.9523205757141113,0.6352145671844482,0.5895183682441711,-0.19155508279800415,0.9747040271759033,0.4638882577419281,0.6147681474685669,-0.21306400001049042,0.9464392066001892,0.565761148929596,0.5768419504165649,0.00422332901507616,0.9997307658195496,0.5196430683135986,0.5742552876472473,-0.004368500784039497,0.9995692372322083,0.5692254900932312,0.7477728724479675,-0.0008703246712684631,0.9921549558639526,0.522205114364624,0.7405885457992554,0.0007861749618314207,0.9946644902229309,0.574013352394104,0.8811784386634827,0.16465891897678375,0.9919412136077881,0.521184504032135,0.8792999386787415,0.16205811500549316,0.9906192421913147,0.5684108734130859,0.895791232585907,0.17435356974601746,0.9098345637321472,0.524226188659668,0.8920522332191467,0.17166441679000854,0.8270515203475952,0.5834286212921143,0.9387195110321045,0.06355590373277664,0.9868749976158142,0.5239840745925903,0.9361599683761597,0.058299995958805084,0.9848124384880066
18633.333333333372,0.5367611646652222,0.30478671193122864,-0.36431264877319336,0.9999946355819702,0.5405511260032654,0.2888314425945282,-0.35708221793174744,0.999976396560669,0.5439777374267578,0.2882120907306671,-0.3570786416530609,0.9999793171882629,0.5475566387176514,0.28762751817703247,-0.35710808634757996,0.9999759197235107,0.5317816734313965,0.29073265194892883,-0.3549918234348297,0.9999669194221497,0.5289341807365417,0.2914094030857086,-0.35504457354545593,0.9999682903289795,0.5260875225067139,0.29221969842910767,-0.35506173968315125,0.9999593496322632,0.553278923034668,0.2913673222064972,-0.26862266659736633,0.9999586939811707,0.5238304734230042,0.2970123887062073,-0.259520947933197,0.9999262094497681,0.5439206957817078,0.31756237149238586,-0.3276437819004059,0.9999914169311523,0.5324981808662415,0.3197782337665558,-0.32512304186820984,0.9999867677688599,0.5837801098823547,0.3760356903076172,-0.1725856214761734,0.9999881982803345,0.5071595311164856,0.38396602869033813,-0.17238588631153107,0.9999587535858154,0.6000620722770691,0.4848006069660187,-0.10914644598960876,0.9924243688583374,0.49365225434303284,0.49650731682777405,-0.12370820343494415,0.9792793989181519,0.6283184885978699,0.5694695711135864,-0.17257963120937347,0.989782452583313,0.46859076619148254,0.5920030474662781,-0.19101902842521667,0.9732075929641724,0.6390743255615234,0.595418393611908,-0.18981026113033295,0.9722445607185364,0.4605207145214081,0.6238529086112976,-0.211396262049675,0.9461270570755005,0.6380265951156616,0.5957545042037964,-0.22459939122200012,0.9768696427345276,0.46211692690849304,0.6256459951400757,-0.24512986838817596,0.9520103335380554,0.6334146857261658,0.5897699594497681,-0.18751166760921478,0.9743369221687317,0.46589741110801697,0.6146286725997925,-0.20625005662441254,0.9460494518280029,0.5656552910804749,0.5765981674194336,0.004150366876274347,0.9997296929359436,0.5195741057395935,0.5739477276802063,-0.004297398496419191,0.9995730519294739,0.5692154765129089,0.7475272417068481,-0.0016360873123630881,0.9922477602958679,0.5222031474113464,0.740351140499115,0.0006247222190722823,0.9947528839111328,0.5741034150123596,0.8811690211296082,0.16032105684280396,0.9920766353607178,0.5211752653121948,0.8787862658500671,0.15904904901981354,0.9908308982849121,0.5684347152709961,0.8957555890083313,0.1700902134180069,0.9109265208244324,0.5241762399673462,0.8914622664451599,0.16893883049488068,0.8298248052597046,0.5837050080299377,0.9387335777282715,0.060496941208839417,0.9870662093162537,0.5238407254219055,0.9360040426254272,0.05766766145825386,0.985119104385376
18666.666666666704,0.5363299250602722,0.30487534403800964,-0.3542535603046417,0.9999946355819702,0.5399753451347351,0.2889137864112854,-0.3470449149608612,0.9999761581420898,0.5433682203292847,0.2882646322250366,-0.3470436930656433,0.9999791383743286,0.5468820929527283,0.2876761257648468,-0.34707170724868774,0.9999757409095764,0.531292736530304,0.2909272611141205,-0.3447074890136719,0.9999666810035706,0.52846360206604,0.2916136085987091,-0.3447536826133728,0.9999681115150452,0.5256585478782654,0.29243141412734985,-0.3447652757167816,0.9999591708183289,0.5526273846626282,0.29139938950538635,-0.25927188992500305,0.9999584555625916,0.5234877467155457,0.29710203409194946,-0.24877554178237915,0.9999254941940308,0.5435512065887451,0.31758061051368713,-0.31792518496513367,0.9999914169311523,0.5321761965751648,0.3198353052139282,-0.31500574946403503,0.9999867081642151,0.583488404750824,0.3759973645210266,-0.1650000363588333,0.9999883770942688,0.506821870803833,0.3839629292488098,-0.16319569945335388,0.9999595284461975,0.5995538234710693,0.4846250116825104,-0.10189645737409592,0.992542028427124,0.49364450573921204,0.49638718366622925,-0.11468406021595001,0.9794405698776245,0.6270727515220642,0.5698522925376892,-0.16536447405815125,0.9898432493209839,0.46967270970344543,0.5927620530128479,-0.18255071341991425,0.9730296730995178,0.6375297904014587,0.5959051251411438,-0.18279628455638885,0.9723405838012695,0.46210047602653503,0.6249117851257324,-0.20308969914913177,0.9457013607025146,0.6361014246940613,0.5961182713508606,-0.21739386022090912,0.9769269824028015,0.46395444869995117,0.6267029643058777,-0.2364085614681244,0.9515906572341919,0.6316028833389282,0.590117871761322,-0.18016834557056427,0.9743549227714539,0.46771863102912903,0.6154206395149231,-0.1976388841867447,0.945584237575531,0.5653527975082397,0.5765291452407837,0.003924977965652943,0.9997323751449585,0.519183874130249,0.5737096071243286,-0.004074112046509981,0.9995787143707275,0.5690810084342957,0.7474682331085205,-0.007413631770759821,0.9923799633979797,0.5218946933746338,0.7403338551521301,-0.004549048840999603,0.9948404431343079,0.5739501118659973,0.8811322450637817,0.15658193826675415,0.9922181367874146,0.5204951763153076,0.8787983655929565,0.15513859689235687,0.9909586906433105,0.5679762959480286,0.8956414461135864,0.1667596399784088,0.9114298820495605,0.5235461592674255,0.8912513256072998,0.1654413342475891,0.8311433792114258,0.5837095379829407,0.9388123750686646,0.05805126205086708,0.9872699975967407,0.5236173272132874,0.9362688064575195,0.05605599656701088,0.985325276851654
18700.000000000036,0.5358865857124329,0.30490434169769287,-0.3577439486980438,0.9999944567680359,0.5393577814102173,0.28894397616386414,-0.35020026564598083,0.9999751448631287,0.5427020788192749,0.2882835268974304,-0.35019800066947937,0.9999783039093018,0.5461601614952087,0.2877005338668823,-0.35022562742233276,0.9999747276306152,0.5307976007461548,0.2910080552101135,-0.34796491265296936,0.9999656081199646,0.5279785990715027,0.2917201817035675,-0.34801435470581055,0.9999673366546631,0.5252209901809692,0.2925812900066376,-0.3480283319950104,0.9999582171440125,0.5519864559173584,0.29141852259635925,-0.2612369954586029,0.9999563097953796,0.5229887366294861,0.2972131669521332,-0.25127583742141724,0.9999232292175293,0.5430307388305664,0.31758928298950195,-0.32107940316200256,0.9999911189079285,0.5318370461463928,0.31984007358551025,-0.318322092294693,0.9999863505363464,0.5831755995750427,0.3759726881980896,-0.16623415052890778,0.9999881982803345,0.5061980485916138,0.3840402066707611,-0.16453011333942413,0.9999601244926453,0.5990704298019409,0.4845838248729706,-0.10343924909830093,0.9925621747970581,0.49361974000930786,0.496326744556427,-0.11606895923614502,0.9798007607460022,0.6251184344291687,0.5711399912834167,-0.16795526444911957,0.989632785320282,0.47123971581459045,0.5938519239425659,-0.18334752321243286,0.9728893637657166,0.6357371211051941,0.5971660614013672,-0.18548212945461273,0.97172611951828,0.46413755416870117,0.6264878511428833,-0.20381633937358856,0.9451990723609924,0.6341146230697632,0.5969905257225037,-0.22005169093608856,0.9763708114624023,0.46605587005615234,0.6281709671020508,-0.23667825758457184,0.9510708451271057,0.6295101046562195,0.5907511115074158,-0.18279466032981873,0.9737128615379333,0.4699605107307434,0.6166179180145264,-0.1981811374425888,0.9449212551116943,0.5651179552078247,0.5764645934104919,0.0037840029690414667,0.999731719493866,0.5188981294631958,0.5736236572265625,-0.003934496082365513,0.9995816946029663,0.5690041780471802,0.7473417520523071,-0.007806975860148668,0.9924624562263489,0.5217546224594116,0.7402187585830688,-0.004732577130198479,0.9949008822441101,0.5736587047576904,0.8811174631118774,0.15660521388053894,0.992331326007843,0.5204842686653137,0.8785799741744995,0.15536551177501678,0.9910906553268433,0.5674057006835938,0.895613431930542,0.16671521961688995,0.911736786365509,0.5235324501991272,0.8907642364501953,0.16559767723083496,0.8324052095413208,0.5836637020111084,0.9388201236724854,0.05657753720879555,0.9874404668807983,0.5235454440116882,0.9362484812736511,0.05501958355307579,0.9855455756187439
18733.33333333337,0.5353885889053345,0.3049396276473999,-0.35930153727531433,0.9999943971633911,0.538676381111145,0.2889476418495178,-0.35160940885543823,0.9999747276306152,0.5419791340827942,0.28828251361846924,-0.3516160845756531,0.9999779462814331,0.5454167723655701,0.2876927852630615,-0.35164836049079895,0.9999743103981018,0.530215859413147,0.291078120470047,-0.3493960499763489,0.999965250492096,0.5273686647415161,0.29181501269340515,-0.3494446575641632,0.9999671578407288,0.5246535539627075,0.29271021485328674,-0.3494606018066406,0.9999581575393677,0.5513550043106079,0.29139330983161926,-0.26194125413894653,0.9999553561210632,0.5222784876823425,0.2973247170448303,-0.2521976828575134,0.9999228715896606,0.5425235033035278,0.3175976574420929,-0.3224136233329773,0.9999910593032837,0.5314299464225769,0.31985747814178467,-0.3197074830532074,0.9999864101409912,0.5828275084495544,0.3759828805923462,-0.1668621450662613,0.9999881386756897,0.5054990649223328,0.3841495215892792,-0.16465969383716583,0.9999610185623169,0.5983849167823792,0.48472481966018677,-0.10417356342077255,0.992564857006073,0.49363043904304504,0.4962647557258606,-0.11735715717077255,0.9802500605583191,0.6237696409225464,0.574624240398407,-0.16926676034927368,0.9893955588340759,0.4728715121746063,0.5944706201553345,-0.18606272339820862,0.9730244874954224,0.6347151398658752,0.6011960506439209,-0.18698373436927795,0.971101701259613,0.46647146344184875,0.6274888515472412,-0.20683686435222626,0.9452697038650513,0.6331880688667297,0.6012675762176514,-0.22176823019981384,0.9758039712905884,0.4685826301574707,0.6289234757423401,-0.24006913602352142,0.9510824084281921,0.6285111308097839,0.5939433574676514,-0.18420960009098053,0.9730778932571411,0.47231152653694153,0.6172253489494324,-0.2010565549135208,0.9448125958442688,0.5648697018623352,0.5765262842178345,0.003714326536282897,0.9997331500053406,0.5185481309890747,0.5738682746887207,-0.0038669148925691843,0.9995853304862976,0.5688948035240173,0.7473533749580383,-0.008802805095911026,0.992563784122467,0.521497368812561,0.7404612898826599,-0.005801638122648001,0.994952380657196,0.5734584331512451,0.8810299634933472,0.15881063044071198,0.9924082159996033,0.520479679107666,0.8785041570663452,0.1556674838066101,0.9911027550697327,0.5668701529502869,0.8953611850738525,0.1690155565738678,0.9113337397575378,0.5235227346420288,0.8905394673347473,0.1666930615901947,0.8325864672660828,0.5835562348365784,0.9388364553451538,0.05901799350976944,0.9875577092170715,0.5235368013381958,0.9360324740409851,0.05750953406095505,0.9856244325637817
18766.6666666667,0.5345537066459656,0.30494749546051025,-0.37591418623924255,0.9999943375587463,0.5377185940742493,0.2889389991760254,-0.3678886294364929,0.9999741315841675,0.5410075783729553,0.2882564067840576,-0.3678794503211975,0.9999774098396301,0.544363796710968,0.2876524031162262,-0.3679063618183136,0.999973714351654,0.5293569564819336,0.2910848557949066,-0.3654438257217407,0.9999646544456482,0.5265306830406189,0.29182079434394836,-0.36550372838974,0.9999667406082153,0.5238662958145142,0.2927183508872986,-0.36552438139915466,0.999957799911499,0.550505518913269,0.291330486536026,-0.2767181694507599,0.9999537467956543,0.5214424133300781,0.2973293960094452,-0.2659190893173218,0.9999218583106995,0.5415945053100586,0.3175980746746063,-0.33865636587142944,0.9999908804893494,0.5307365655899048,0.3198733627796173,-0.33565086126327515,0.9999862909317017,0.5824257135391235,0.3759772777557373,-0.17864277958869934,0.9999879002571106,0.5048133730888367,0.3843350410461426,-0.17609073221683502,0.9999614953994751,0.5976370573043823,0.4848090708255768,-0.11411048471927643,0.9925321340560913,0.4936555027961731,0.4962403476238251,-0.1272381991147995,0.9806340336799622,0.6225950121879578,0.5770316123962402,-0.17685875296592712,0.9891173243522644,0.47417134046554565,0.5949100255966187,-0.19266484677791595,0.9731000065803528,0.6335834264755249,0.604530394077301,-0.19458691775798798,0.9703503847122192,0.46811649203300476,0.6289832592010498,-0.21357373893260956,0.9451613426208496,0.6319460272789001,0.6050986051559448,-0.2293890118598938,0.9751209616661072,0.47007083892822266,0.6304296255111694,-0.2458934485912323,0.9508969187736511,0.6274517178535461,0.5972275137901306,-0.19166745245456696,0.972329318523407,0.47387805581092834,0.6180568933486938,-0.2070700079202652,0.9444946646690369,0.5647709965705872,0.5764246582984924,0.0036286129616200924,0.9997345209121704,0.5183282494544983,0.5738744735717773,-0.0037830534856766462,0.9995902180671692,0.5687678456306458,0.7473015785217285,-0.008767768740653992,0.992637574672699,0.5211390256881714,0.7402690052986145,-0.003423860762268305,0.9950069785118103,0.5731138586997986,0.8809372782707214,0.16553480923175812,0.9925041794776917,0.520478367805481,0.8781644105911255,0.16416631639003754,0.9912635684013367,0.5662612318992615,0.8950767517089844,0.17651452124118805,0.9117358922958374,0.5235877633094788,0.8904011845588684,0.1753048300743103,0.8346109986305237,0.5834158658981323,0.9388551712036133,0.06367973983287811,0.987714409828186,0.5235235095024109,0.9356350898742676,0.06264736503362656,0.9858925938606262
18800.000000000033,0.5334751605987549,0.30495861172676086,-0.35763949155807495,0.9999943971633911,0.5366215109825134,0.28890755772590637,-0.3499612808227539,0.9999741315841675,0.5399543046951294,0.2882014811038971,-0.34994933009147644,0.9999772906303406,0.5432555079460144,0.2875763475894928,-0.34996989369392395,0.9999735951423645,0.5282617807388306,0.29106631875038147,-0.3474665582180023,0.9999648928642273,0.5254062414169312,0.29178547859191895,-0.34751635789871216,0.9999669194221497,0.5227383971214294,0.2926764190196991,-0.34753337502479553,0.9999582171440125,0.5496348142623901,0.2912292778491974,-0.26187264919281006,0.9999535083770752,0.520401120185852,0.2972942292690277,-0.25084856152534485,0.9999223351478577,0.540404200553894,0.3176098167896271,-0.3214569091796875,0.9999910593032837,0.529804527759552,0.3199109137058258,-0.318379282951355,0.9999865293502808,0.5816647410392761,0.375689297914505,-0.16732268035411835,0.9999878406524658,0.5042509436607361,0.3845624625682831,-0.16633997857570648,0.999962329864502,0.5970889329910278,0.48482999205589294,-0.10003311187028885,0.9926304817199707,0.4938850998878479,0.49625030159950256,-0.11511261761188507,0.9807831645011902,0.6214545965194702,0.5797067284584045,-0.16119737923145294,0.9892008900642395,0.47536781430244446,0.5953177213668823,-0.1792462319135666,0.9731495976448059,0.632375180721283,0.608417272567749,-0.17859047651290894,0.9705765843391418,0.46967238187789917,0.6299251914024353,-0.20006169378757477,0.9452929496765137,0.6306105852127075,0.6094767451286316,-0.21251444518566132,0.975255012512207,0.47194162011146545,0.6314420104026794,-0.23148800432682037,0.9509199261665344,0.6261815428733826,0.6009116768836975,-0.17559370398521423,0.9724293947219849,0.47581788897514343,0.6186974048614502,-0.19328369200229645,0.9444119930267334,0.5646513104438782,0.5774305462837219,0.0036056877579540014,0.999736487865448,0.5180469155311584,0.5758258104324341,-0.0037610239814966917,0.9995975494384766,0.5685359239578247,0.7493386268615723,-0.005628879182040691,0.9928012490272522,0.5205758213996887,0.7415040135383606,3.100472531514242e-05,0.9951367974281311,0.572241485118866,0.8804609775543213,0.17600522935390472,0.9926338791847229,0.5205273032188416,0.8784032464027405,0.16904808580875397,0.9915161728858948,0.5651556253433228,0.8941062092781067,0.18792006373405457,0.9129157066345215,0.5241231322288513,0.8905777335166931,0.18027004599571228,0.8383968472480774,0.5831929445266724,0.9387422204017639,0.07928407937288284,0.9879536032676697,0.5235450267791748,0.9358972907066345,0.06864470988512039,0.9862876534461975
18833.333333333365,0.5325044989585876,0.3049658536911011,-0.35238564014434814,0.9999944567680359,0.5355936288833618,0.2888743579387665,-0.34473440051078796,0.999974250793457,0.5389529466629028,0.2881535589694977,-0.3447246253490448,0.9999772310256958,0.5422340631484985,0.28751975297927856,-0.34474408626556396,0.9999736547470093,0.5272557735443115,0.2910386025905609,-0.3422102928161621,0.999965250492096,0.5243882536888123,0.2917424142360687,-0.3422601521015167,0.9999672770500183,0.5216842889785767,0.2926308512687683,-0.34227755665779114,0.9999588131904602,0.5488414764404297,0.2911929786205292,-0.25687113404273987,0.9999532699584961,0.5194674134254456,0.2972627580165863,-0.24605566263198853,0.999923050403595,0.5394403338432312,0.317627876996994,-0.3163048028945923,0.9999911189079285,0.5289611220359802,0.3199552297592163,-0.3132860064506531,0.9999867081642151,0.5808894634246826,0.3754538893699646,-0.16307418048381805,0.9999876618385315,0.5037134885787964,0.38454270362854004,-0.1618480384349823,0.9999632835388184,0.5965138673782349,0.4848726689815521,-0.09619639813899994,0.9927012920379639,0.4941139817237854,0.49620819091796875,-0.11024916917085648,0.9809299111366272,0.6203452944755554,0.5818607211112976,-0.15792901813983917,0.9891858696937561,0.47627878189086914,0.5951739549636841,-0.1757020652294159,0.9730383157730103,0.6303518414497375,0.6105496287345886,-0.17539191246032715,0.9705027937889099,0.47098782658576965,0.6296219825744629,-0.1965230405330658,0.9451560378074646,0.6284394860267639,0.6119065880775452,-0.20899030566215515,0.9751265645027161,0.4733869433403015,0.6312059760093689,-0.22792842984199524,0.9506992101669312,0.6244147419929504,0.6032211184501648,-0.1721997857093811,0.9722495675086975,0.477166086435318,0.6184777617454529,-0.1897273063659668,0.9440225958824158,0.5644116997718811,0.5776165127754211,0.00358518841676414,0.9997360706329346,0.517854630947113,0.5763435363769531,-0.0037405798211693764,0.9996034502983093,0.56795734167099,0.7495459914207458,-0.003536009695380926,0.9928049445152283,0.5203414559364319,0.7416821122169495,0.00026404051459394395,0.9952071309089661,0.5714871287345886,0.8804004192352295,0.17445141077041626,0.9926634430885315,0.5205639004707336,0.8789659738540649,0.16646350920200348,0.9916584491729736,0.5644562840461731,0.8940514922142029,0.18618644773960114,0.9141101241111755,0.5243450999259949,0.8912194967269897,0.1769903153181076,0.8404048085212708,0.5831558704376221,0.9386630654335022,0.07646544277667999,0.9880500435829163,0.5238734483718872,0.9358962178230286,0.0648811012506485,0.9864822030067444
18866.666666666697,0.531555712223053,0.3049546480178833,-0.3538829982280731,0.9999945759773254,0.534583330154419,0.28876397013664246,-0.34615373611450195,0.9999747276306152,0.5379695296287537,0.2880377173423767,-0.3461422622203827,0.9999775290489197,0.5412360429763794,0.28740203380584717,-0.3461616337299347,0.9999740719795227,0.5262941122055054,0.2909083962440491,-0.34353336691856384,0.9999661445617676,0.5234535336494446,0.29158756136894226,-0.3435850739479065,0.9999681115150452,0.5207403898239136,0.2924855947494507,-0.34360235929489136,0.9999599456787109,0.548122763633728,0.2911290228366852,-0.2580428421497345,0.99995356798172,0.518673837184906,0.29721444845199585,-0.2470872849225998,0.999924898147583,0.538455605506897,0.3176247477531433,-0.31782522797584534,0.9999912977218628,0.5281244516372681,0.31995677947998047,-0.3147510886192322,0.9999870657920837,0.5803554654121399,0.37532687187194824,-0.1640404611825943,0.9999874234199524,0.5032217502593994,0.38421112298965454,-0.1631394922733307,0.9999642968177795,0.5962702631950378,0.4849931001663208,-0.09813684970140457,0.9927402138710022,0.4941447675228119,0.4961554706096649,-0.1125326007604599,0.9811668395996094,0.619218111038208,0.5835485458374023,-0.15929736196994781,0.9891425371170044,0.4768998920917511,0.5955256819725037,-0.17868280410766602,0.9727092385292053,0.6284859776496887,0.6119643449783325,-0.17676757276058197,0.9703419208526611,0.47171884775161743,0.6310123801231384,-0.19959436357021332,0.9444612264633179,0.6264646053314209,0.6137088537216187,-0.21025675535202026,0.9749194383621216,0.4743656516075134,0.6329227685928345,-0.2309282422065735,0.9499303698539734,0.6225084066390991,0.6049084663391113,-0.1734914928674698,0.9719796776771545,0.47815096378326416,0.61973637342453,-0.19272977113723755,0.9430950880050659,0.5641918778419495,0.5776404738426208,0.0037395816762000322,0.9997383952140808,0.5176799893379211,0.5764455199241638,-0.0038970038294792175,0.9996131658554077,0.5677415132522583,0.7500441074371338,0.00044946017442271113,0.9927598834037781,0.5200073719024658,0.741679847240448,0.00042113600648008287,0.9952919483184814,0.5708924531936646,0.8797870874404907,0.17622797191143036,0.9926671981811523,0.5203968286514282,0.8789658546447754,0.16648046672344208,0.9918006062507629,0.5639976859092712,0.8936545252799988,0.18768435716629028,0.9156566262245178,0.5242628455162048,0.891213595867157,0.17709995806217194,0.8422669172286987,0.5831359028816223,0.9381107091903687,0.08031611889600754,0.9881163239479065,0.5240635275840759,0.9354697465896606,0.0653672143816948,0.9866507649421692
18900.00000000003,0.5305243730545044,0.3049798011779785,-0.3489755094051361,0.9999945163726807,0.5334460139274597,0.2887490689754486,-0.34153634309768677,0.9999745488166809,0.5368656516075134,0.2880118787288666,-0.341523677110672,0.9999772906303406,0.5401401519775391,0.2873733937740326,-0.34154000878334045,0.9999738931655884,0.5252224206924438,0.2908993363380432,-0.3385292589664459,0.9999662041664124,0.5224113464355469,0.291578471660614,-0.33857861161231995,0.9999681711196899,0.5196639895439148,0.2924802303314209,-0.3385973274707794,0.9999601244926453,0.5473664402961731,0.2911075949668884,-0.25440213084220886,0.9999528527259827,0.5178197622299194,0.2972155511379242,-0.24166332185268402,0.9999248385429382,0.5373441576957703,0.3176557123661041,-0.3132227063179016,0.9999913573265076,0.5272179245948792,0.3200586438179016,-0.3096311688423157,0.9999871850013733,0.5798842310905457,0.37513795495033264,-0.16160474717617035,0.9999873638153076,0.502619206905365,0.3840367794036865,-0.15878400206565857,0.9999653100967407,0.5957875847816467,0.48509135842323303,-0.09599768370389938,0.9928540587425232,0.49404260516166687,0.4961434304714203,-0.10758623480796814,0.9812818169593811,0.6182487607002258,0.5852459669113159,-0.15570908784866333,0.989186704158783,0.4773764908313751,0.5960084795951843,-0.1713564693927765,0.9723472595214844,0.6268628239631653,0.6140075325965881,-0.1731909066438675,0.9704073667526245,0.47240009903907776,0.631959080696106,-0.19185568392276764,0.9437434077262878,0.6246774196624756,0.6161840558052063,-0.20598693192005157,0.9749078154563904,0.47528570890426636,0.6337181329727173,-0.22243259847164154,0.9491283893585205,0.6209459900856018,0.6071373224258423,-0.16950705647468567,0.9718961715698242,0.4790254831314087,0.6204369068145752,-0.18492278456687927,0.9420534372329712,0.5638005137443542,0.5783248543739319,0.0037344549782574177,0.9997409582138062,0.5172090530395508,0.5773390531539917,-0.003892383771017194,0.9996215105056763,0.5670375823974609,0.7501794099807739,0.00021865278540644795,0.9927285313606262,0.519781768321991,0.7430094480514526,0.0003462570603005588,0.9953469634056091,0.5708068609237671,0.8791824579238892,0.17571817338466644,0.9926380515098572,0.5200344920158386,0.8789672255516052,0.16683849692344666,0.9918156266212463,0.5640303492546082,0.8931076526641846,0.187179297208786,0.916431725025177,0.5240188837051392,0.8910408020019531,0.17777030169963837,0.8428651094436646,0.5831336379051208,0.9377930760383606,0.08011511713266373,0.9881157279014587,0.5241454839706421,0.9354640245437622,0.0670400857925415,0.9866583347320557
18933.33333333336,0.5294995903968811,0.30500078201293945,-0.35182201862335205,0.9999945163726807,0.5323047637939453,0.28871068358421326,-0.34427279233932495,0.9999745488166809,0.5357792973518372,0.2879466116428375,-0.3442632257938385,0.999977171421051,0.539146363735199,0.28729137778282166,-0.34428316354751587,0.9999738335609436,0.5241034626960754,0.2908869683742523,-0.34144243597984314,0.9999664425849915,0.5213149189949036,0.29157450795173645,-0.3414923846721649,0.9999683499336243,0.5185129046440125,0.2924787998199463,-0.3415108025074005,0.9999605417251587,0.5467939972877502,0.2910672724246979,-0.25452396273612976,0.9999523162841797,0.5169647932052612,0.2972252368927002,-0.24406535923480988,0.9999252557754517,0.5364930629730225,0.31769001483917236,-0.3157299757003784,0.9999914169311523,0.5264037847518921,0.3201715648174286,-0.31230586767196655,0.9999873638153076,0.5793488621711731,0.3747815787792206,-0.16306504607200623,0.9999873042106628,0.5022140741348267,0.38401055335998535,-0.16034936904907227,0.9999663829803467,0.5951594114303589,0.485397607088089,-0.09782600402832031,0.9928842186927795,0.4937915802001953,0.4961995482444763,-0.1096787303686142,0.9814133048057556,0.6170622110366821,0.5861567258834839,-0.15869228541851044,0.9890725016593933,0.4780525863170624,0.5971994996070862,-0.17340616881847382,0.9720993041992188,0.6253355741500854,0.6148890256881714,-0.176259383559227,0.9701149463653564,0.47326284646987915,0.6340380907058716,-0.19390222430229187,0.943175196647644,0.6231019496917725,0.6172628998756409,-0.20951558649539948,0.9745818972587585,0.4765130281448364,0.635661244392395,-0.22440645098686218,0.9484477043151855,0.6194649934768677,0.6080381274223328,-0.1727602630853653,0.9714826345443726,0.4803251326084137,0.6223955750465393,-0.18692825734615326,0.9411880373954773,0.5633760094642639,0.5786863565444946,0.0037231859751045704,0.9997458457946777,0.516914963722229,0.5778146386146545,-0.0038818945176899433,0.9996315836906433,0.5666393637657166,0.7501604557037354,0.0005144047900103033,0.9927080869674683,0.5196020603179932,0.7432221174240112,0.00026249897200614214,0.9954280257225037,0.5707067251205444,0.878079354763031,0.17800460755825043,0.9926407337188721,0.5197611451148987,0.8788192868232727,0.17095372080802917,0.9918872714042664,0.5639875531196594,0.8918627500534058,0.18983158469200134,0.9176328778266907,0.5234327912330627,0.8906556367874146,0.1827399879693985,0.8445870876312256,0.5831316113471985,0.9376345872879028,0.08413970470428467,0.9881517887115479,0.5241897106170654,0.9354988932609558,0.07418152689933777,0.9867461323738098
18966.666666666693,0.5285165309906006,0.3050392270088196,-0.3506520390510559,0.9999945163726807,0.5314163565635681,0.2886967062950134,-0.34363988041877747,0.9999745488166809,0.5349406003952026,0.2879265248775482,-0.34362712502479553,0.9999770522117615,0.5383630394935608,0.2872703969478607,-0.3436438739299774,0.9999737739562988,0.5231519937515259,0.2908797264099121,-0.34018662571907043,0.9999667406082153,0.5203511118888855,0.29157277941703796,-0.3402356207370758,0.9999685287475586,0.5175144076347351,0.2924775779247284,-0.34025460481643677,0.9999609589576721,0.5461986660957336,0.2910641133785248,-0.25624945759773254,0.9999517202377319,0.51631098985672,0.297230988740921,-0.24294471740722656,0.9999257326126099,0.5355849862098694,0.31778448820114136,-0.3153500556945801,0.9999914765357971,0.5255511403083801,0.32033729553222656,-0.3111654222011566,0.9999875426292419,0.5786275863647461,0.3746386766433716,-0.1635674685239792,0.9999870657920837,0.5015798211097717,0.3840095102787018,-0.16081029176712036,0.9999674558639526,0.5942688584327698,0.4861266613006592,-0.09829429537057877,0.9928814768791199,0.49315527081489563,0.49628928303718567,-0.1101333349943161,0.9815504550933838,0.6158545017242432,0.5866177678108215,-0.15968288481235504,0.9888679385185242,0.47816070914268494,0.5977666974067688,-0.17221803963184357,0.9718099236488342,0.6237354874610901,0.6154880523681641,-0.17728018760681152,0.9696266055107117,0.4734382629394531,0.6347188353538513,-0.19259503483772278,0.9425933957099915,0.6215569972991943,0.617972731590271,-0.21003787219524384,0.9740708470344543,0.4769047200679779,0.6363780498504639,-0.22258801758289337,0.9477584958076477,0.6181141138076782,0.6085993647575378,-0.17351272702217102,0.9708892703056335,0.4807022213935852,0.6232210397720337,-0.18550027906894684,0.9403388500213623,0.5629013776779175,0.5792007446289062,0.0037213561590760946,0.9997501969337463,0.516335666179657,0.5783275961875916,-0.003880129661411047,0.9996420741081238,0.5661789774894714,0.7502224445343018,0.0023188216146081686,0.9927069544792175,0.5193153619766235,0.7434189915657043,0.0003163273795507848,0.9955282807350159,0.5708810687065125,0.877548336982727,0.17777369916439056,0.9926472306251526,0.5190954804420471,0.8786386847496033,0.17124037444591522,0.9919410943984985,0.5642313361167908,0.8912096619606018,0.1894274801015854,0.9188370108604431,0.5222333669662476,0.8900960683822632,0.18307597935199738,0.8460376858711243,0.5832130908966064,0.937309205532074,0.08466288447380066,0.9881753921508789,0.524189293384552,0.9355005621910095,0.07607879489660263,0.986785888671875
19000.000000000025,0.5279051065444946,0.30504554510116577,-0.35913804173469543,0.9999944567680359,0.5310775637626648,0.2886839509010315,-0.35230907797813416,0.9999743103981018,0.5346739888191223,0.28792259097099304,-0.35229063034057617,0.9999767541885376,0.5381491184234619,0.28726544976234436,-0.35230734944343567,0.999973475933075,0.5226080417633057,0.29077810049057007,-0.34841519594192505,0.9999666810035706,0.519778311252594,0.2914430499076843,-0.3484688997268677,0.9999684691429138,0.5168783068656921,0.29233038425445557,-0.3484909236431122,0.9999610781669617,0.5459563136100769,0.29108893871307373,-0.2659631371498108,0.9999504685401917,0.5157565474510193,0.297197163105011,-0.24991735816001892,0.9999254941940308,0.5349433422088623,0.31785550713539124,-0.32387760281562805,0.9999914169311523,0.5248323082923889,0.32040607929229736,-0.3191705346107483,0.9999876022338867,0.5778377056121826,0.3747046887874603,-0.17245449125766754,0.9999867677688599,0.5006029605865479,0.3840131163597107,-0.1669987589120865,0.9999682307243347,0.5934485793113708,0.4871629476547241,-0.10900544375181198,0.9928480386734009,0.49230918288230896,0.4964211881160736,-0.11581887304782867,0.9818124175071716,0.6147323846817017,0.5882008075714111,-0.1670372188091278,0.9885966181755066,0.47789520025253296,0.5984095335006714,-0.17565594613552094,0.9716519117355347,0.6223438382148743,0.6171100735664368,-0.18499064445495605,0.9689483046531677,0.4731804132461548,0.6353626847267151,-0.19611148536205292,0.9421176314353943,0.6201838850975037,0.6196141242980957,-0.21686050295829773,0.9734086394309998,0.4765922427177429,0.6370785236358643,-0.2240721881389618,0.9471975564956665,0.6168976426124573,0.6099345088005066,-0.18034455180168152,0.9701067209243774,0.480315625667572,0.6240444183349609,-0.18791741132736206,0.9396116733551025,0.5622639060020447,0.5792617797851562,0.0037275429349392653,0.9997540712356567,0.5155964493751526,0.5783712863922119,-0.003887661499902606,0.9996504187583923,0.5656682252883911,0.7500857710838318,0.00241151824593544,0.992686927318573,0.5192429423332214,0.7430612444877625,0.0005689272657036781,0.9955798387527466,0.5712023377418518,0.8770793676376343,0.17934550344944,0.9926648139953613,0.5186960697174072,0.878299355506897,0.17392012476921082,0.9920018911361694,0.5647490620613098,0.8905656933784485,0.19112856686115265,0.9195877909660339,0.5211196541786194,0.8896133899688721,0.18594829738140106,0.8472270369529724,0.5832340717315674,0.9370006322860718,0.08523208647966385,0.988224446773529,0.52419513463974,0.9355084896087646,0.07773880660533905,0.9868669509887695
19033.333333333358,0.5273436903953552,0.3049320876598358,-0.35911259055137634,0.9999944567680359,0.5305577516555786,0.28854599595069885,-0.35222917795181274,0.999974250793457,0.5341708660125732,0.28781643509864807,-0.35221147537231445,0.999976634979248,0.5376620888710022,0.28717923164367676,-0.3522285521030426,0.9999734163284302,0.5219658613204956,0.2905310392379761,-0.3484106957912445,0.9999667406082153,0.5191007256507874,0.2912002503871918,-0.34846439957618713,0.9999685287475586,0.5161294937133789,0.2921018898487091,-0.3484860956668854,0.9999613761901855,0.54544997215271,0.2910764515399933,-0.2657986879348755,0.9999496936798096,0.5150336623191833,0.29717543721199036,-0.24970743060112,0.9999253749847412,0.5343149304389954,0.317830353975296,-0.32380008697509766,0.9999914765357971,0.5241415500640869,0.32040706276893616,-0.3191567659378052,0.9999877214431763,0.5770292282104492,0.37473008036613464,-0.17226457595825195,0.9999866485595703,0.4999425709247589,0.3838390111923218,-0.16697151958942413,0.9999690055847168,0.5924521684646606,0.48732802271842957,-0.10884986817836761,0.9927852749824524,0.49152281880378723,0.49633732438087463,-0.11572334915399551,0.9820077419281006,0.6131840944290161,0.5882367491722107,-0.16714635491371155,0.9883872270584106,0.4776664972305298,0.598782479763031,-0.1764117181301117,0.9715452790260315,0.6206474900245667,0.617363452911377,-0.18507181107997894,0.968510627746582,0.4728228449821472,0.6356369853019714,-0.19701196253299713,0.9417707920074463,0.6182534694671631,0.6197654604911804,-0.21697998046875,0.9729585647583008,0.4761403799057007,0.6374422311782837,-0.22608450055122375,0.9467613697052002,0.6148610711097717,0.6099353432655334,-0.18044786155223846,0.9695208072662354,0.4798636734485626,0.6243540644645691,-0.18918545544147491,0.9390504360198975,0.5615030527114868,0.5793055891990662,0.0037185726687312126,0.9997590780258179,0.5148066282272339,0.5783693194389343,-0.00388117553666234,0.9996595978736877,0.5652380585670471,0.7502663731575012,0.0020691147074103355,0.9928246140480042,0.5187491178512573,0.7430784106254578,-0.0002383804676355794,0.9956880807876587,0.5712864398956299,0.8768152594566345,0.1825104057788849,0.9927918314933777,0.51853346824646,0.8783015012741089,0.17791502177715302,0.9920791983604431,0.564947247505188,0.8902853727340698,0.1948057860136032,0.9202277660369873,0.5209679007530212,0.889614999294281,0.1907651424407959,0.8477368354797363,0.5832338333129883,0.9369199872016907,0.08850555121898651,0.9884104132652283,0.5242391228675842,0.9357247352600098,0.08388100564479828,0.9870119094848633
19066.66666666669,0.5267516374588013,0.30481523275375366,-0.35420534014701843,0.9999943375587463,0.5299122929573059,0.2884051203727722,-0.34727853536605835,0.9999736547470093,0.5335486531257629,0.28770485520362854,-0.347259521484375,0.9999759793281555,0.5370832085609436,0.287084698677063,-0.34727153182029724,0.9999727010726929,0.5211852788925171,0.29029208421707153,-0.34323233366012573,0.9999662637710571,0.5182461738586426,0.2909809648990631,-0.34328359365463257,0.9999681115150452,0.5151926279067993,0.29189780354499817,-0.34330838918685913,0.9999610781669617,0.5448680520057678,0.2910684645175934,-0.26286086440086365,0.9999476075172424,0.5140261054039001,0.29717469215393066,-0.24553819000720978,0.9999242424964905,0.5337039828300476,0.317815363407135,-0.3196801245212555,0.9999912977218628,0.5234349966049194,0.3204091787338257,-0.31473636627197266,0.9999876618385315,0.5762299299240112,0.3750147223472595,-0.17192693054676056,0.9999861717224121,0.4991439878940582,0.38383352756500244,-0.16445273160934448,0.9999696612358093,0.591326117515564,0.4874681234359741,-0.1084715873003006,0.9926450848579407,0.49083569645881653,0.49626821279525757,-0.11311619728803635,0.9821376800537109,0.6120464205741882,0.5880836248397827,-0.16693900525569916,0.988077700138092,0.47727304697036743,0.5992810726165771,-0.17299321293830872,0.9715169072151184,0.6196078062057495,0.6176952123641968,-0.1847938597202301,0.9678695201873779,0.47256386280059814,0.6359136700630188,-0.19334307312965393,0.9416974782943726,0.6171010732650757,0.6198503375053406,-0.21624530851840973,0.9723015427589417,0.47579053044319153,0.6377031207084656,-0.22242234647274017,0.9465785622596741,0.6135708093643188,0.6098390221595764,-0.18003492057323456,0.9687264561653137,0.4797116816043854,0.624759316444397,-0.18586470186710358,0.9388136863708496,0.5609558820724487,0.5794428586959839,0.0037163954693824053,0.9997609853744507,0.5139897465705872,0.5784541964530945,-0.0038798253517597914,0.9996673464775085,0.5652334094047546,0.7503777146339417,0.003717404557392001,0.9929549694061279,0.5184985399246216,0.743155300617218,0.0017941013211384416,0.9957997798919678,0.5713809132575989,0.8761215806007385,0.18376675248146057,0.9929220676422119,0.5185099244117737,0.8783053159713745,0.1779281347990036,0.9922649264335632,0.5650375485420227,0.889490008354187,0.1958901733160019,0.9214891791343689,0.5209735631942749,0.8896164298057556,0.19025851786136627,0.850212574005127,0.5832582116127014,0.9366453886032104,0.09068827331066132,0.9886059761047363,0.5241841673851013,0.9357515573501587,0.08300416171550751,0.987288236618042
19100.000000000022,0.5259054899215698,0.3048313856124878,-0.34123674035072327,0.9999942183494568,0.5289415717124939,0.2884126305580139,-0.3343445658683777,0.9999732375144958,0.5325351357460022,0.28771811723709106,-0.33432865142822266,0.9999755024909973,0.5360690355300903,0.2871079444885254,-0.33433955907821655,0.9999722242355347,0.5203093886375427,0.2902970314025879,-0.33013924956321716,0.9999659061431885,0.5173914432525635,0.2909986972808838,-0.33018651604652405,0.9999676942825317,0.514385461807251,0.29192280769348145,-0.3302094340324402,0.9999608397483826,0.5439915060997009,0.29111894965171814,-0.25257033109664917,0.999946117401123,0.5133655667304993,0.29727903008461,-0.23434966802597046,0.999923050403595,0.5328736305236816,0.3178364336490631,-0.3078359365463257,0.9999911785125732,0.522597074508667,0.32049956917762756,-0.3026692271232605,0.9999876022338867,0.5753036737442017,0.37608590722084045,-0.16659952700138092,0.9999856352806091,0.49864885210990906,0.3838607966899872,-0.15532825887203217,0.9999700784683228,0.5900989770889282,0.4877076745033264,-0.10693148523569107,0.9924780130386353,0.4902668297290802,0.4960634708404541,-0.10404638200998306,0.9821405410766602,0.6110266447067261,0.5880394577980042,-0.1635376513004303,0.9876999855041504,0.4761491119861603,0.5992315411567688,-0.16269628703594208,0.9713276028633118,0.6186569333076477,0.6182850003242493,-0.18124593794345856,0.9670962691307068,0.4722038209438324,0.6357283592224121,-0.18241196870803833,0.9413880109786987,0.6160152554512024,0.6203201413154602,-0.21207037568092346,0.9715275168418884,0.4756237268447876,0.6375178098678589,-0.21132639050483704,0.9461901187896729,0.6123621463775635,0.6100465059280396,-0.1763736605644226,0.967824399471283,0.4791448414325714,0.6246105432510376,-0.17557255923748016,0.9384154081344604,0.560387372970581,0.5794668793678284,0.0036114235408604145,0.9997609257698059,0.5131357312202454,0.5784631371498108,-0.00377991097047925,0.9996715784072876,0.5652467608451843,0.7505306005477905,0.002280120737850666,0.9930384755134583,0.5183249115943909,0.7439878582954407,0.0016389961820095778,0.9958691596984863,0.571807324886322,0.8761782646179199,0.17795029282569885,0.9929805994033813,0.5182888507843018,0.8795941472053528,0.17120550572872162,0.9923451542854309,0.5653291344642639,0.8895593881607056,0.1895991712808609,0.921542227268219,0.5205024480819702,0.8908041715621948,0.1827334761619568,0.8506255149841309,0.583255410194397,0.9366855621337891,0.08606252074241638,0.9886520504951477,0.52410489320755,0.9362099170684814,0.07676294445991516,0.9873780608177185
19133.333333333354,0.5247568488121033,0.30494871735572815,-0.3411886990070343,0.9999940395355225,0.5277978181838989,0.2885233759880066,-0.3345407247543335,0.9999725222587585,0.5313289165496826,0.28783273696899414,-0.3345247507095337,0.9999746680259705,0.5349161028862,0.2872336804866791,-0.33453550934791565,0.9999714493751526,0.519243597984314,0.29041263461112976,-0.3298819363117218,0.9999651908874512,0.5163447856903076,0.2911451458930969,-0.32992735505104065,0.9999668002128601,0.513401985168457,0.29204973578453064,-0.3299531042575836,0.9999600052833557,0.5431895852088928,0.291255921125412,-0.25339654088020325,0.999943733215332,0.512785017490387,0.29738762974739075,-0.23341917991638184,0.9999202489852905,0.5317825078964233,0.3179391324520111,-0.3081422746181488,0.9999909400939941,0.5215155482292175,0.3206275701522827,-0.30239933729171753,0.9999874234199524,0.5738813877105713,0.3774488568305969,-0.16670756042003632,0.9999846816062927,0.4981445074081421,0.38392138481140137,-0.15479429066181183,0.9999698996543884,0.5888283848762512,0.4882645905017853,-0.10822010785341263,0.9922053813934326,0.4896891415119171,0.4958826005458832,-0.10476101189851761,0.9816908240318298,0.6102030277252197,0.5881119966506958,-0.16366256773471832,0.9872480630874634,0.4749661982059479,0.5991793870925903,-0.16342826187610626,0.9706366658210754,0.6181241869926453,0.6187006235122681,-0.181362584233284,0.9662445783615112,0.47128692269325256,0.635604202747345,-0.18298178911209106,0.9402522444725037,0.6154069304466248,0.620665967464447,-0.21247585117816925,0.9706978797912598,0.4748067855834961,0.6374059319496155,-0.21204468607902527,0.9449967741966248,0.6116395592689514,0.6101816892623901,-0.1766350120306015,0.9668477177619934,0.47806698083877563,0.6244943141937256,-0.17639879882335663,0.9371947050094604,0.5596643090248108,0.5797555446624756,0.0035490195732563734,0.9997612833976746,0.512624979019165,0.5786170959472656,-0.0037182802334427834,0.9996750354766846,0.5652525424957275,0.7516910433769226,0.0021979736629873514,0.9930260181427002,0.518081545829773,0.7456170320510864,0.005655163433402777,0.9959001541137695,0.5715329647064209,0.8762747049331665,0.1744167059659958,0.9929805397987366,0.517937958240509,0.8800259232521057,0.17396055161952972,0.9924284815788269,0.5647607445716858,0.8896325826644897,0.18563400208950043,0.9220026135444641,0.5201879739761353,0.8909240961074829,0.1854255497455597,0.8523033857345581,0.5831619501113892,0.9369065761566162,0.082291379570961,0.9886376857757568,0.5234544277191162,0.9362743496894836,0.08003956824541092,0.9874791502952576
19166.666666666686,0.5237417221069336,0.3054366707801819,-0.33647674322128296,0.9999938011169434,0.5268315672874451,0.2891436517238617,-0.3300234377384186,0.9999715089797974,0.5302639007568359,0.2884187400341034,-0.3300105333328247,0.9999735951423645,0.5338441729545593,0.287789911031723,-0.3300217092037201,0.9999703764915466,0.5184218287467957,0.2910497784614563,-0.3248799741268158,0.9999639987945557,0.5155922174453735,0.29175934195518494,-0.32492029666900635,0.999965488910675,0.5126367807388306,0.2925579845905304,-0.32494452595710754,0.9999586343765259,0.5423793792724609,0.2916298806667328,-0.25022032856941223,0.9999407529830933,0.5121902823448181,0.2976129651069641,-0.22799506783485413,0.9999161958694458,0.530555784702301,0.31838828325271606,-0.30395346879959106,0.9999905824661255,0.5204665660858154,0.321084201335907,-0.2975710332393646,0.9999870657920837,0.5728050470352173,0.37860897183418274,-0.16574063897132874,0.9999838471412659,0.49736154079437256,0.3843005895614624,-0.14987680315971375,0.9999698400497437,0.5876414775848389,0.48904773592948914,-0.10806397348642349,0.991890549659729,0.48901063203811646,0.4958917200565338,-0.09875534474849701,0.9810484647750854,0.608976423740387,0.588097333908081,-0.16323205828666687,0.9866829514503479,0.47358080744743347,0.5991564989089966,-0.15681371092796326,0.9698092937469482,0.6169994473457336,0.6188357472419739,-0.18091049790382385,0.9651617407798767,0.4698892831802368,0.6355031132698059,-0.1759350746870041,0.9390079379081726,0.6142706274986267,0.6207130551338196,-0.21167303621768951,0.9696638584136963,0.47329381108283997,0.6373063921928406,-0.2046956866979599,0.9437078237533569,0.6103599071502686,0.6101430058479309,-0.17602482438087463,0.965663492679596,0.47646090388298035,0.624418318271637,-0.16970829665660858,0.9358233213424683,0.5591058135032654,0.5808724761009216,0.0035272794775664806,0.999763548374176,0.5122218728065491,0.5795518159866333,-0.0036971322260797024,0.99968022108078,0.5651482939720154,0.7537862658500671,0.0026005783583968878,0.9929791688919067,0.5178342461585999,0.7472410798072815,0.006166687700897455,0.9959433078765869,0.5705201625823975,0.8762885332107544,0.18033462762832642,0.9929505586624146,0.517583429813385,0.8800163269042969,0.1780727505683899,0.9925010204315186,0.5636542439460754,0.8896546959877014,0.19253140687942505,0.9228059649467468,0.5199192762374878,0.8908752799034119,0.19018679857254028,0.8538879752159119,0.5827853679656982,0.9370415806770325,0.0912669226527214,0.9886058568954468,0.5233070850372314,0.9363049268722534,0.0864073857665062,0.9875715374946594
19200.00000000002,0.5232589840888977,0.30612418055534363,-0.32540443539619446,0.9999933838844299,0.5263025164604187,0.2904428243637085,-0.3184458911418915,0.9999697208404541,0.5296919941902161,0.2896670699119568,-0.31843507289886475,0.9999719858169556,0.5331743955612183,0.2889767289161682,-0.318446546792984,0.9999686479568481,0.5180298686027527,0.292422354221344,-0.3138413727283478,0.9999619126319885,0.5152790546417236,0.2930961847305298,-0.3138789236545563,0.9999634623527527,0.5123026371002197,0.29377755522727966,-0.3138967454433441,0.9999563694000244,0.541463315486908,0.2928764224052429,-0.2402307242155075,0.9999367594718933,0.511814534664154,0.29848816990852356,-0.21996910870075226,0.9999101758003235,0.5298520922660828,0.31904834508895874,-0.29374992847442627,0.9999899864196777,0.5199529528617859,0.3217156231403351,-0.28795233368873596,0.9999863505363464,0.5716950297355652,0.3795870840549469,-0.16128867864608765,0.9999829530715942,0.4968683123588562,0.38720908761024475,-0.1434043049812317,0.9999686479568481,0.5867488384246826,0.489583283662796,-0.10731448978185654,0.9916673302650452,0.488180011510849,0.4970203638076782,-0.09262153506278992,0.9803135991096497,0.6079661250114441,0.5880341529846191,-0.16116145253181458,0.9861564040184021,0.4724712073802948,0.6000202298164368,-0.14808866381645203,0.9688020348548889,0.6160351634025574,0.6189204454421997,-0.17857500910758972,0.9640706181526184,0.46853381395339966,0.6356568932533264,-0.16657529771327972,0.9374709725379944,0.613295316696167,0.6207568645477295,-0.20871056616306305,0.9686236381530762,0.47174695134162903,0.6373711228370667,-0.19480107724666595,0.94218909740448,0.6092643141746521,0.6101165413856506,-0.17375263571739197,0.9645293354988098,0.47493547201156616,0.6247223019599915,-0.16083554923534393,0.9342775940895081,0.5587483048439026,0.5812309384346008,0.003215980250388384,0.9997619986534119,0.5119518637657166,0.5799865126609802,-0.003387515200302005,0.999679684638977,0.5651260614395142,0.7544310688972473,0.0007758376304991543,0.9929832220077515,0.5176252126693726,0.7472670078277588,0.008260100148618221,0.9959250092506409,0.5706467032432556,0.8766650557518005,0.1671886146068573,0.9929608702659607,0.5186745524406433,0.8800227642059326,0.17527689039707184,0.9925273656845093,0.5640086531639099,0.8900259137153625,0.17794585227966309,0.9224783182144165,0.5217108726501465,0.8908697366714478,0.1862870156764984,0.8544484972953796,0.582786500453949,0.9372332096099854,0.07476018369197845,0.9885901808738708,0.5232976675033569,0.9366936087608337,0.08449409902095795,0.9875996708869934
19233.33333333335,0.5230662226676941,0.30695438385009766,-0.3227159380912781,0.9999930262565613,0.5262194871902466,0.2920987010002136,-0.3154917359352112,0.9999681711196899,0.5296094417572021,0.29138994216918945,-0.3154798746109009,0.999970555305481,0.5330455303192139,0.29073914885520935,-0.3154923617839813,0.9999671578407288,0.5179993510246277,0.2937033772468567,-0.3113335967063904,0.9999600648880005,0.5152480006217957,0.29425421357154846,-0.3113730251789093,0.9999617338180542,0.512345016002655,0.294772207736969,-0.31138601899147034,0.9999544024467468,0.5408579707145691,0.29477402567863464,-0.23762723803520203,0.9999332427978516,0.511659562587738,0.29932424426078796,-0.21940331161022186,0.9999046921730042,0.5294409990310669,0.31997233629226685,-0.29130080342292786,0.99998939037323,0.5196605920791626,0.32240453362464905,-0.28610605001449585,0.9999856352806091,0.570881187915802,0.3814055919647217,-0.16038626432418823,0.9999821782112122,0.4961395859718323,0.39033132791519165,-0.1427110731601715,0.9999672770500183,0.585990309715271,0.4904558062553406,-0.1072741374373436,0.991597056388855,0.48734456300735474,0.498722106218338,-0.09139923751354218,0.9798607230186462,0.6069648861885071,0.5884104371070862,-0.15988893806934357,0.9859164953231812,0.4711862802505493,0.6006871461868286,-0.14455464482307434,0.9682114124298096,0.6147233247756958,0.6196895837783813,-0.17684245109558105,0.9635090827941895,0.46700096130371094,0.636053204536438,-0.16247311234474182,0.9365577101707458,0.6118650436401367,0.6213168501853943,-0.20640362799167633,0.968054473400116,0.46999886631965637,0.6376211047172546,-0.19045394659042358,0.9412921667098999,0.6078616976737976,0.610587477684021,-0.1722204089164734,0.9639248251914978,0.47314441204071045,0.6250831484794617,-0.15719802677631378,0.9334748983383179,0.5580766797065735,0.5815051198005676,0.0029251794330775738,0.9997599124908447,0.511347234249115,0.5803934931755066,-0.0031046574003994465,0.9996792078018188,0.564983069896698,0.7543423175811768,-0.0006311723846010864,0.9929763078689575,0.5174208879470825,0.7472354769706726,0.007439367938786745,0.995877206325531,0.5710106492042542,0.8769309520721436,0.15868845582008362,0.9929690361022949,0.5192000865936279,0.8802529573440552,0.1634686440229416,0.9925352931022644,0.5648103356361389,0.8906255960464478,0.16874462366104126,0.9216703772544861,0.5227315425872803,0.8912487626075745,0.17334984242916107,0.8544237613677979,0.5830031633377075,0.937380313873291,0.06587604433298111,0.9885435700416565,0.5232493877410889,0.9370994567871094,0.07047510892152786,0.9875831007957458
19266.666666666682,0.5226107835769653,0.307831734418869,-0.3171108067035675,0.9999926686286926,0.5257018804550171,0.2932038903236389,-0.3103271424770355,0.9999667406082153,0.5290956497192383,0.2923509478569031,-0.3103192448616028,0.9999693036079407,0.5325247049331665,0.2915946841239929,-0.3103339374065399,0.9999658465385437,0.5175016522407532,0.2951872646808624,-0.30583634972572327,0.9999581575393677,0.514762818813324,0.29580822587013245,-0.3058716356754303,0.9999598264694214,0.511925995349884,0.29625391960144043,-0.3058817684650421,0.9999523758888245,0.5402403473854065,0.29561764001846313,-0.23388409614562988,0.9999306201934814,0.5113316178321838,0.3003987967967987,-0.21407650411128998,0.9998992681503296,0.529120147228241,0.32065603137016296,-0.2861134111881256,0.9999889135360718,0.5193465352058411,0.32321691513061523,-0.28044435381889343,0.9999850392341614,0.5704542994499207,0.3824779987335205,-0.15792430937290192,0.999981701374054,0.495449036359787,0.3918011784553528,-0.1376589685678482,0.9999663233757019,0.5856744647026062,0.49125418066978455,-0.1067996546626091,0.9914588332176208,0.4866713583469391,0.49943074584007263,-0.08580069243907928,0.9793421030044556,0.605933427810669,0.5889683365821838,-0.15927919745445251,0.9854523539543152,0.46991080045700073,0.6006848812103271,-0.13975770771503448,0.9675572514533997,0.6134604215621948,0.6209719777107239,-0.1763792783021927,0.962539553642273,0.46576669812202454,0.6360342502593994,-0.15762391686439514,0.9356474280357361,0.610291063785553,0.6225923895835876,-0.20569178462028503,0.96711665391922,0.46839314699172974,0.6374824047088623,-0.18555998802185059,0.9404035806655884,0.6063993573188782,0.6116214394569397,-0.1715150624513626,0.9629476070404053,0.4714033901691437,0.6250147819519043,-0.1524348258972168,0.9326422810554504,0.5573192834854126,0.5817065238952637,0.0025611387100070715,0.9997577667236328,0.5106008052825928,0.5804991126060486,-0.0027442434802651405,0.999676525592804,0.5647916793823242,0.754647433757782,-0.002860404085367918,0.9929354190826416,0.5170907378196716,0.7471843957901001,0.006988390814512968,0.9958207011222839,0.5710062384605408,0.8777555823326111,0.15670017898082733,0.9929100871086121,0.5202153921127319,0.8802700638771057,0.15847116708755493,0.9924139976501465,0.5649396777153015,0.8912620544433594,0.16694645583629608,0.9200447201728821,0.5243104696273804,0.8912705183029175,0.16849665343761444,0.852992057800293,0.5827743411064148,0.9376353025436401,0.06451783329248428,0.988369345664978,0.5232504606246948,0.9373013377189636,0.06613539159297943,0.9873918294906616
19300.000000000015,0.522182285785675,0.308817982673645,-0.31235745549201965,0.9999924898147583,0.5252045392990112,0.2943728268146515,-0.3058118224143982,0.9999659657478333,0.5285730361938477,0.2933869957923889,-0.30580607056617737,0.9999685883522034,0.5319600701332092,0.2925081253051758,-0.3058196008205414,0.9999651908874512,0.5170407891273499,0.296615332365036,-0.3012756109237671,0.9999571442604065,0.5142825245857239,0.2972683608531952,-0.30130913853645325,0.9999586939811707,0.5114873051643372,0.297632098197937,-0.30131974816322327,0.9999512434005737,0.5395448803901672,0.2963610887527466,-0.22977203130722046,0.9999295473098755,0.5109511613845825,0.3013077974319458,-0.20953422784805298,0.9998961687088013,0.5287100672721863,0.3213368058204651,-0.28138071298599243,0.9999886155128479,0.5189866423606873,0.3240000903606415,-0.2755982577800751,0.9999846816062927,0.5698479413986206,0.38309311866760254,-0.1542252004146576,0.9999814033508301,0.49493706226348877,0.39230114221572876,-0.13320527970790863,0.9999659061431885,0.5851102471351624,0.49165427684783936,-0.10431286692619324,0.9913961887359619,0.48600128293037415,0.4997175931930542,-0.08163036406040192,0.9789876937866211,0.6047188639640808,0.588911235332489,-0.15788911283016205,0.9852767586708069,0.46874603629112244,0.6006504893302917,-0.13731889426708221,0.9675186276435852,0.6119530200958252,0.6211206316947937,-0.17534543573856354,0.9622547626495361,0.46441882848739624,0.6356874704360962,-0.1555728316307068,0.9357939958572388,0.6084993481636047,0.6227951049804688,-0.20472723245620728,0.9667929410934448,0.46689531207084656,0.6370147466659546,-0.18396402895450592,0.9405170679092407,0.6046035289764404,0.6116794347763062,-0.17015379667282104,0.962594211101532,0.46986743807792664,0.6248215436935425,-0.15021619200706482,0.9328702092170715,0.5566160082817078,0.5821462273597717,0.002039476064965129,0.9997543096542358,0.5100043416023254,0.5810876488685608,-0.002220671623945236,0.999674379825592,0.5647125244140625,0.7548255324363708,-0.003252313705161214,0.9929377436637878,0.5165541172027588,0.7475627660751343,0.006573634687811136,0.9957952499389648,0.5710209012031555,0.8794930577278137,0.15220874547958374,0.9928869009017944,0.5204355120658875,0.8809364438056946,0.15340028703212738,0.9923940300941467,0.5651060342788696,0.8926007747650146,0.16184183955192566,0.918809175491333,0.5245733261108398,0.8916447162628174,0.16282711923122406,0.8532727360725403,0.582769513130188,0.9377886652946472,0.05942239612340927,0.9882665872573853,0.5231732130050659,0.9375414848327637,0.06053878739476204,0.9873517155647278
19333.333333333347,0.52181077003479,0.30926159024238586,-0.319640189409256,0.9999923706054688,0.5248907804489136,0.2948049008846283,-0.3127513527870178,0.9999655485153198,0.5282748937606812,0.2938050925731659,-0.31274130940437317,0.9999682307243347,0.5316433906555176,0.2929370403289795,-0.31275251507759094,0.9999648928642273,0.5167376399040222,0.2970711886882782,-0.3084776699542999,0.999956488609314,0.513932466506958,0.2977291941642761,-0.3085155785083771,0.9999578595161438,0.5111525654792786,0.2980727553367615,-0.30853113532066345,0.9999504089355469,0.539121687412262,0.296743780374527,-0.23325106501579285,0.9999290704727173,0.5104698538780212,0.30152398347854614,-0.21488933265209198,0.9998939037322998,0.5283068418502808,0.3216496706008911,-0.28747326135635376,0.9999884366989136,0.5185347199440002,0.3242521584033966,-0.28211715817451477,0.9999843835830688,0.5691167116165161,0.38306811451911926,-0.1565394252538681,0.9999812245368958,0.49436262249946594,0.3921912610530853,-0.13787983357906342,0.9999654293060303,0.5844247341156006,0.4919779896736145,-0.10766426473855972,0.9913556575775146,0.4854584038257599,0.49994683265686035,-0.08660979568958282,0.9787744879722595,0.6038342714309692,0.5888619422912598,-0.16079911589622498,0.9851472973823547,0.46756303310394287,0.6007075309753418,-0.14300023019313812,0.9673826694488525,0.611068606376648,0.6211874485015869,-0.178239107131958,0.9619522094726562,0.4628297686576843,0.6356494426727295,-0.16150276362895966,0.9355947375297546,0.6074306964874268,0.6229150891304016,-0.20786020159721375,0.9664726257324219,0.4651636481285095,0.6369823813438416,-0.19037264585494995,0.9403330683708191,0.6034443378448486,0.6117077469825745,-0.17306193709373474,0.9622162580490112,0.46823519468307495,0.6248011589050293,-0.15605036914348602,0.9327930808067322,0.5560406446456909,0.5821118950843811,0.0019683276768773794,0.999750554561615,0.5093661546707153,0.5810750722885132,-0.0021486873738467693,0.9996715784072876,0.5645101070404053,0.754713773727417,-0.003221601713448763,0.9929080605506897,0.5161189436912537,0.747543454170227,0.006449862848967314,0.9957652688026428,0.571031928062439,0.880466103553772,0.1497848629951477,0.9928634762763977,0.5211122632026672,0.8815636038780212,0.1514686942100525,0.9923971891403198,0.5652456283569336,0.8937727212905884,0.15899302065372467,0.9178582429885864,0.5258906483650208,0.8920996785163879,0.1606493592262268,0.8533976078033447,0.582881510257721,0.9379366636276245,0.054578669369220734,0.9881895780563354,0.5232065916061401,0.9378459453582764,0.05639445409178734,0.9873396158218384
19366.66666666668,0.5217130780220032,0.30966323614120483,-0.32676899433135986,0.999992311000824,0.5249012112617493,0.2951810359954834,-0.32027196884155273,0.999965488910675,0.5282942652702332,0.2941555678844452,-0.32026591897010803,0.9999681711196899,0.5316843390464783,0.29328006505966187,-0.32028570771217346,0.9999648332595825,0.5167301297187805,0.29743698239326477,-0.31690704822540283,0.9999564290046692,0.5138803720474243,0.2980910539627075,-0.31694793701171875,0.9999576807022095,0.5111306309700012,0.2984258532524109,-0.3169579803943634,0.9999502897262573,0.5389087200164795,0.296895831823349,-0.23987263441085815,0.9999291300773621,0.5101850628852844,0.3016488254070282,-0.2249213606119156,0.999893844127655,0.5281749367713928,0.32190901041030884,-0.293640673160553,0.999988317489624,0.5183011293411255,0.3244367241859436,-0.28945255279541016,0.9999842643737793,0.5683070421218872,0.3829524517059326,-0.15998755395412445,0.9999812841415405,0.4939003586769104,0.39201778173446655,-0.1425977200269699,0.9999655485153198,0.583548903465271,0.49248573184013367,-0.10809435695409775,0.9913415312767029,0.4852674901485443,0.4999305307865143,-0.08842615783214569,0.9788951277732849,0.6025726795196533,0.5888587832450867,-0.16135163605213165,0.9851228594779968,0.4665350317955017,0.6006881594657898,-0.14370647072792053,0.9677537083625793,0.6097267866134644,0.6212348937988281,-0.17866303026676178,0.9618802666664124,0.46114683151245117,0.6356179118156433,-0.16279129683971405,0.9362942576408386,0.6059434413909912,0.6229362487792969,-0.20843146741390228,0.9663617014884949,0.46326687932014465,0.6369561553001404,-0.19097833335399628,0.9410153031349182,0.6019496321678162,0.6117833852767944,-0.17368893325328827,0.9620726108551025,0.466545432806015,0.6247705817222595,-0.1562468558549881,0.9335901141166687,0.555776059627533,0.5817773938179016,0.001873711938969791,0.9997496008872986,0.5091213583946228,0.5806907415390015,-0.002053240081295371,0.9996728897094727,0.5644092559814453,0.753852128982544,-0.001658978988416493,0.9929594993591309,0.5158866047859192,0.7460386157035828,0.0067868600599467754,0.9957461953163147,0.571155309677124,0.880492091178894,0.1481277346611023,0.9929317235946655,0.5214806795120239,0.8815574645996094,0.15136204659938812,0.9924461245536804,0.5656944513320923,0.8939318060874939,0.1567588895559311,0.9180250763893127,0.5262319445610046,0.8922023177146912,0.16032305359840393,0.8545987606048584,0.5828828811645508,0.9380514621734619,0.05213664472103119,0.9882737994194031,0.5232387185096741,0.9378622174263,0.055991970002651215,0.9874222874641418
19400.00000000001,0.5217139720916748,0.31025177240371704,-0.3411864638328552,0.9999924302101135,0.5250278115272522,0.29573631286621094,-0.3343278467655182,0.9999659061431885,0.5284267067909241,0.2946889102458954,-0.3343212306499481,0.9999685287475586,0.531822144985199,0.29379892349243164,-0.3343439996242523,0.9999653100967407,0.5167966485023499,0.2978877127170563,-0.3313623368740082,0.9999567270278931,0.513907253742218,0.2984871566295624,-0.33140474557876587,0.9999579191207886,0.5111557245254517,0.29884257912635803,-0.3314138948917389,0.9999504685401917,0.5388854742050171,0.29716891050338745,-0.25069111585617065,0.9999302625656128,0.5099325776100159,0.3018309772014618,-0.2376651167869568,0.9998943209648132,0.5282022953033447,0.3224485516548157,-0.3066290616989136,0.9999884366989136,0.5181503295898438,0.3248845934867859,-0.30303293466567993,0.9999843835830688,0.56769198179245,0.38301733136177063,-0.16629089415073395,0.9999817609786987,0.49325740337371826,0.3918585181236267,-0.1512172520160675,0.9999656081199646,0.5825835466384888,0.49284860491752625,-0.1102467030286789,0.991458535194397,0.48491984605789185,0.49992671608924866,-0.09588852524757385,0.9791548848152161,0.6013271808624268,0.5889191627502441,-0.16550207138061523,0.9854069352149963,0.4657825231552124,0.6006802320480347,-0.15384416282176971,0.9683999419212341,0.6084082722663879,0.6213402152061462,-0.18334920704364777,0.9625074863433838,0.46018311381340027,0.6354004740715027,-0.17368559539318085,0.9374309182167053,0.6046899557113647,0.6229744553565979,-0.21428020298480988,0.9668949246406555,0.46227729320526123,0.6367759704589844,-0.20392979681491852,0.9421228170394897,0.6007821559906006,0.6118836402893066,-0.17829351127147675,0.9626060128211975,0.4656425416469574,0.6246238946914673,-0.1673700213432312,0.9348042011260986,0.5555033087730408,0.5816803574562073,0.0018730288138613105,0.9997528195381165,0.5089507699012756,0.5806834101676941,-0.0020520654506981373,0.9996755719184875,0.5644096732139587,0.7533625960350037,-0.0013385615311563015,0.9931190609931946,0.5156133770942688,0.7460206747055054,0.0075346482917666435,0.9957780838012695,0.571936845779419,0.8804813027381897,0.14825887978076935,0.9930627346038818,0.5214904546737671,0.8812223076820374,0.15647247433662415,0.9926052093505859,0.5666235685348511,0.8939210772514343,0.15764501690864563,0.918720006942749,0.5262147784233093,0.8916695713996887,0.16560496389865875,0.857242226600647,0.5832313299179077,0.9381169676780701,0.055943891406059265,0.9884933233261108,0.5232316255569458,0.937896728515625,0.05959736555814743,0.9877012968063354
19433.333333333343,0.5218015909194946,0.3106716573238373,-0.3469756543636322,0.9999925494194031,0.5251813530921936,0.2960808575153351,-0.3395576477050781,0.999966561794281,0.5286949276924133,0.29502812027931213,-0.3395513892173767,0.9999691247940063,0.5321700572967529,0.29414114356040955,-0.3395766615867615,0.999966025352478,0.5168630480766296,0.2981644868850708,-0.33687087893486023,0.999957263469696,0.5139729380607605,0.298685759305954,-0.33691415190696716,0.9999583959579468,0.5112271904945374,0.29913124442100525,-0.3369200825691223,0.9999510049819946,0.5390039086341858,0.2974088191986084,-0.2547697424888611,0.9999318718910217,0.5099465250968933,0.30222320556640625,-0.24315793812274933,0.999895453453064,0.5282527208328247,0.3228168189525604,-0.31222063302993774,0.9999885559082031,0.5182241797447205,0.32535451650619507,-0.309023380279541,0.9999845623970032,0.5677829384803772,0.3838399350643158,-0.17088142037391663,0.9999822378158569,0.4930662512779236,0.39173465967178345,-0.15606126189231873,0.9999656677246094,0.5821641683578491,0.4936959743499756,-0.11505291610956192,0.9915679693222046,0.4846564829349518,0.49990108609199524,-0.10041499137878418,0.9794938564300537,0.6002280712127686,0.5894351601600647,-0.17297211289405823,0.9855949282646179,0.46531182527542114,0.6005831956863403,-0.15907765924930573,0.9688341021537781,0.6071380376815796,0.6216593384742737,-0.19167226552963257,0.9628751277923584,0.45971354842185974,0.6349232792854309,-0.1790519654750824,0.9381321668624878,0.6034247279167175,0.6232085824012756,-0.22290976345539093,0.9671943783760071,0.4619070589542389,0.6363869905471802,-0.20973354578018188,0.942841112613678,0.5994639992713928,0.612101674079895,-0.18602235615253448,0.9628731608390808,0.4653024673461914,0.6243945360183716,-0.1728968769311905,0.9355905652046204,0.5552437901496887,0.5815387964248657,0.0018951970851048827,0.9997560977935791,0.5087325572967529,0.5805554389953613,-0.0020729401148855686,0.9996792078018188,0.5643538236618042,0.7520396113395691,-0.0008035715436562896,0.9932540655136108,0.5155856013298035,0.7451151609420776,0.007478734478354454,0.9957904815673828,0.5725736021995544,0.8804604411125183,0.1508350670337677,0.9931755065917969,0.5214859247207642,0.8804683089256287,0.15744179487228394,0.9927021861076355,0.5674885511398315,0.8938840627670288,0.1608688086271286,0.9189801812171936,0.5261039137840271,0.8906937837600708,0.16628029942512512,0.8585085272789001,0.5838883519172668,0.9381160140037537,0.058448676019907,0.9886755347251892,0.5231775641441345,0.9378535747528076,0.06084761396050453,0.9878793954849243
19466.666666666675,0.5218393802642822,0.31083211302757263,-0.3610760271549225,0.9999925494194031,0.5254695415496826,0.29605546593666077,-0.3535293936729431,0.9999667406082153,0.5291262865066528,0.2950015068054199,-0.35352447628974915,0.9999692440032959,0.5326249599456787,0.2941116988658905,-0.3535528779029846,0.9999662041664124,0.5169122815132141,0.2981553077697754,-0.35147956013679504,0.9999572038650513,0.5140237808227539,0.2986616790294647,-0.3515291213989258,0.9999582767486572,0.5112830400466919,0.29914242029190063,-0.3515426516532898,0.9999509453773499,0.5390657186508179,0.29737868905067444,-0.26552557945251465,0.9999321103096008,0.5099582672119141,0.30225473642349243,-0.2571295499801636,0.9998958110809326,0.5284597277641296,0.3229008913040161,-0.3248496949672699,0.9999884963035583,0.5182688236236572,0.32553353905677795,-0.32256248593330383,0.999984622001648,0.5678511261940002,0.38376614451408386,-0.1765059381723404,0.9999825954437256,0.4928947687149048,0.3913433253765106,-0.16818732023239136,0.9999653697013855,0.5815105438232422,0.4940927028656006,-0.11845014244318008,0.9914740920066833,0.4844744801521301,0.49988171458244324,-0.11586906015872955,0.9798948764801025,0.5994149446487427,0.5897443890571594,-0.17742207646369934,0.9856391549110413,0.46501362323760986,0.6005719304084778,-0.17633071541786194,0.9692380428314209,0.6064862012863159,0.6218927502632141,-0.19619138538837433,0.9629424810409546,0.4593573808670044,0.6349135637283325,-0.19693762063980103,0.9387916922569275,0.602724015712738,0.6235069036483765,-0.22777999937534332,0.9672380089759827,0.46157172322273254,0.6363844275474548,-0.22771939635276794,0.9435315132141113,0.5986905694007874,0.6123828887939453,-0.19064591825008392,0.9628719091415405,0.4649716019630432,0.6243860721588135,-0.19012196362018585,0.9363275170326233,0.5550260543823242,0.5810620188713074,0.002337027108296752,0.9997584819793701,0.5085041522979736,0.5801276564598083,-0.002512487815693021,0.999679684638977,0.5639570951461792,0.7505500912666321,-0.00042128429049625993,0.993317186832428,0.5154247879981995,0.7442852854728699,0.006825980264693499,0.9957433342933655,0.5732630491256714,0.8797111511230469,0.1585814207792282,0.993232250213623,0.5211371779441833,0.8803040385246277,0.16022807359695435,0.9927399754524231,0.5683280229568481,0.8933745622634888,0.16901026666164398,0.9192222356796265,0.5252885222434998,0.890385627746582,0.1698564887046814,0.858502984046936,0.5843948125839233,0.9378756284713745,0.06239054724574089,0.9887775778770447,0.5230504274368286,0.9378842711448669,0.06129346787929535,0.9879489541053772
19500.000000000007,0.5218899846076965,0.3109346330165863,-0.3583446145057678,0.9999926090240479,0.5255984663963318,0.29602888226509094,-0.35100507736206055,0.999967098236084,0.5293172597885132,0.2949758470058441,-0.35099923610687256,0.9999695420265198,0.5328055620193481,0.29408589005470276,-0.35102513432502747,0.9999665021896362,0.5169622302055359,0.2981465756893158,-0.34892573952674866,0.9999575018882751,0.5140703916549683,0.298640638589859,-0.34897348284721375,0.9999585151672363,0.5113269090652466,0.2991470992565155,-0.3489864468574524,0.9999512434005737,0.539148211479187,0.2973538041114807,-0.26368775963783264,0.9999328851699829,0.5099651217460632,0.30228471755981445,-0.2550734877586365,0.9998969435691833,0.5285756587982178,0.3229425251483917,-0.32229292392730713,0.9999885559082031,0.5182914733886719,0.32564425468444824,-0.31992965936660767,0.9999848008155823,0.5679140686988831,0.383540540933609,-0.17466993629932404,0.9999830722808838,0.49270865321159363,0.3904712200164795,-0.16744306683540344,0.9999656081199646,0.5811217427253723,0.49412399530410767,-0.11707617342472076,0.9915308952331543,0.4844449460506439,0.4997381269931793,-0.11511146277189255,0.9803456664085388,0.5988829135894775,0.5899597406387329,-0.17487888038158417,0.9858914613723755,0.4647406339645386,0.6005308032035828,-0.17555823922157288,0.9699400663375854,0.6059589982032776,0.6220741868019104,-0.19323207437992096,0.9634872078895569,0.4590924382209778,0.6348717212677002,-0.19619034230709076,0.9400573968887329,0.6023229956626892,0.6238698363304138,-0.22449031472206116,0.9677064418792725,0.4613284468650818,0.6363600492477417,-0.22691664099693298,0.9447680115699768,0.5983306169509888,0.612751305103302,-0.18793554604053497,0.963359534740448,0.4646940231323242,0.6243656277656555,-0.18931801617145538,0.9376340508460999,0.5547084212303162,0.5804839730262756,0.002650398062542081,0.9997618794441223,0.5082627534866333,0.5797277688980103,-0.002823075046762824,0.9996826648712158,0.5638154745101929,0.7492059469223022,-6.861492875032127e-05,0.9934042692184448,0.5153836011886597,0.7441274523735046,0.00624742591753602,0.9957312345504761,0.5733493566513062,0.878797709941864,0.15940846502780914,0.9933042526245117,0.521160364151001,0.8802911639213562,0.16038134694099426,0.9928190112113953,0.5685127377510071,0.8926953077316284,0.16975592076778412,0.9197341799736023,0.5252481698989868,0.8903408646583557,0.17010988295078278,0.8595009446144104,0.5843993425369263,0.9375521540641785,0.06280955672264099,0.9889323115348816,0.5230612754821777,0.9378684163093567,0.062007877975702286,0.9880998134613037
19533.33333333334,0.5219337940216064,0.31093573570251465,-0.35603857040405273,0.9999926090240479,0.5256373286247253,0.2959924638271332,-0.34885501861572266,0.9999672174453735,0.5293334722518921,0.29494959115982056,-0.3488483428955078,0.9999696016311646,0.532821536064148,0.29406818747520447,-0.3488723039627075,0.999966561794281,0.517003059387207,0.2981116473674774,-0.3466629087924957,0.9999575018882751,0.514119565486908,0.2986181676387787,-0.3467106521129608,0.9999585151672363,0.5113660097122192,0.29912927746772766,-0.3467243015766144,0.9999512434005737,0.5392094254493713,0.2973269820213318,-0.26214757561683655,0.9999330639839172,0.5099578499794006,0.30227941274642944,-0.25302654504776,0.9998972415924072,0.5286476612091064,0.3229411840438843,-0.32018449902534485,0.9999884963035583,0.5182216167449951,0.32564809918403625,-0.31767043471336365,0.999984860420227,0.5679595470428467,0.38284918665885925,-0.1734492927789688,0.9999834299087524,0.4925178587436676,0.38956916332244873,-0.16609099507331848,0.9999659657478333,0.5808812379837036,0.49410280585289,-0.11657747626304626,0.9916397333145142,0.4844832122325897,0.4995143711566925,-0.11373139917850494,0.9808257818222046,0.598353385925293,0.5901569128036499,-0.1746537685394287,0.986196756362915,0.4647938311100006,0.6004565954208374,-0.17420674860477448,0.9707866907119751,0.6054696440696716,0.622131884098053,-0.19268523156642914,0.9641327261924744,0.45923200249671936,0.6346912980079651,-0.1948743611574173,0.9415941834449768,0.6018348336219788,0.6240212917327881,-0.22357623279094696,0.9682678580284119,0.4614901542663574,0.6362053751945496,-0.22553719580173492,0.9462400674819946,0.5978166460990906,0.6129436492919922,-0.18755824863910675,0.9639541506767273,0.4648004174232483,0.6242596507072449,-0.18790261447429657,0.9391794204711914,0.5545192956924438,0.5796727538108826,0.00283613009378314,0.9997652769088745,0.5080751776695251,0.5790208578109741,-0.0030074685346335173,0.9996861815452576,0.5637382864952087,0.748550534248352,-6.686776032438502e-05,0.9934712052345276,0.5152818560600281,0.7433419823646545,0.0052229249849915504,0.9957210421562195,0.5735024809837341,0.8779900670051575,0.1594989001750946,0.9933590888977051,0.5211515426635742,0.8803114295005798,0.15950258076190948,0.9929018616676331,0.5687083005905151,0.8920249938964844,0.16976769268512726,0.9203373789787292,0.5250309705734253,0.8903736472129822,0.16931921243667603,0.8605073094367981,0.5844142436981201,0.9371636509895325,0.06310497224330902,0.9890701770782471,0.5230463147163391,0.9380027651786804,0.06129731237888336,0.988246500492096
19566.66666666667,0.521876871585846,0.310928612947464,-0.36088868975639343,0.9999926686286926,0.5256834626197815,0.2959724962711334,-0.3535762429237366,0.999967634677887,0.5293762683868408,0.2949499487876892,-0.3535696566104889,0.9999699592590332,0.5328651070594788,0.2940865159034729,-0.35359469056129456,0.9999669790267944,0.5169636607170105,0.29807907342910767,-0.35141614079475403,0.9999579787254333,0.5140954852104187,0.2985897660255432,-0.3514661192893982,0.9999589323997498,0.5113146901130676,0.2991056740283966,-0.3514804244041443,0.9999517202377319,0.5392327904701233,0.297310471534729,-0.26581650972366333,0.9999339580535889,0.509792149066925,0.3022806942462921,-0.2568158805370331,0.9998984336853027,0.5287005305290222,0.32294780015945435,-0.3246224522590637,0.9999885559082031,0.5180560350418091,0.3256497383117676,-0.32217076420783997,0.9999850392341614,0.5679027438163757,0.3827356696128845,-0.1759185492992401,0.9999836683273315,0.4922373592853546,0.3893986940383911,-0.16819065809249878,0.9999662637710571,0.5806763172149658,0.49412497878074646,-0.11762618273496628,0.9917148351669312,0.4844619333744049,0.49950340390205383,-0.11482035368680954,0.981230616569519,0.5978607535362244,0.5904651880264282,-0.17652803659439087,0.9863476157188416,0.464912086725235,0.6004303097724915,-0.17585523426532745,0.9714838266372681,0.604960024356842,0.6223379969596863,-0.1951354295015335,0.9643940329551697,0.4593888521194458,0.6345572471618652,-0.1966821849346161,0.9428309798240662,0.601298451423645,0.6243631839752197,-0.22670772671699524,0.9684882164001465,0.46163350343704224,0.6361224055290222,-0.2276923507452011,0.9474377036094666,0.5973418951034546,0.6133796572685242,-0.1897130012512207,0.9641658663749695,0.4649597704410553,0.6241483092308044,-0.18966889381408691,0.9404199123382568,0.5543166399002075,0.579024612903595,0.002854074351489544,0.999767541885376,0.5079214572906494,0.5786266326904297,-0.0030248507391661406,0.999688982963562,0.5635987520217896,0.747886598110199,-2.9507349609048106e-05,0.9935199618339539,0.5151078701019287,0.7428887486457825,0.005162948742508888,0.9957015514373779,0.5735446810722351,0.8777210712432861,0.15956945717334747,0.9934186935424805,0.5211290717124939,0.8808301687240601,0.1595444232225418,0.9929738640785217,0.5688002705574036,0.8917862772941589,0.16977043449878693,0.9209768176078796,0.5248122215270996,0.8908402323722839,0.16937842965126038,0.8615002036094666,0.5844095349311829,0.9368584752082825,0.0627625435590744,0.9892194867134094,0.5230445265769958,0.9381469488143921,0.06094378978013992,0.9883716702461243
19600.000000000004,0.5216594934463501,0.3109303414821625,-0.3576034605503082,0.9999927878379822,0.525614321231842,0.29597654938697815,-0.350208580493927,0.9999682307243347,0.5293217897415161,0.2949584722518921,-0.3502025306224823,0.9999704360961914,0.5328319668769836,0.29409536719322205,-0.35022643208503723,0.9999674558639526,0.5168341398239136,0.2980594336986542,-0.3476373255252838,0.9999588131904602,0.5139795541763306,0.29856154322624207,-0.3476845622062683,0.9999597668647766,0.5111756324768066,0.2990809679031372,-0.34769976139068604,0.9999526739120483,0.539177656173706,0.29729288816452026,-0.2636318504810333,0.9999347925186157,0.5096566081047058,0.30227670073509216,-0.2533666789531708,0.9999008774757385,0.5286512970924377,0.32295694947242737,-0.32178956270217896,0.9999886155128479,0.5178455710411072,0.3256479501724243,-0.318799763917923,0.9999852180480957,0.5677759051322937,0.3827185332775116,-0.17492957413196564,0.999983549118042,0.4919185936450958,0.38937675952911377,-0.1671522706747055,0.9999666213989258,0.580471932888031,0.4941116273403168,-0.11669755727052689,0.9917424321174622,0.48440927267074585,0.49949607253074646,-0.11529166996479034,0.9816731214523315,0.5974066853523254,0.5904607176780701,-0.175964817404747,0.986457109451294,0.46497485041618347,0.600366473197937,-0.1742827594280243,0.9720575213432312,0.6045854687690735,0.6223281621932983,-0.1942499577999115,0.9645690321922302,0.4594174921512604,0.6345518827438354,-0.1945607215166092,0.9438416361808777,0.6009181141853333,0.624358594417572,-0.2253248244524002,0.9686073660850525,0.4616967737674713,0.6361186504364014,-0.2252190262079239,0.9483821392059326,0.5969113707542419,0.6133825778961182,-0.18894895911216736,0.9642998576164246,0.4650486409664154,0.6241284608840942,-0.18795926868915558,0.9414716958999634,0.5540456175804138,0.5782796740531921,0.003063915064558387,0.9997682571411133,0.5077002048492432,0.5779274702072144,-0.00323342508636415,0.9996926188468933,0.5635430812835693,0.7468957304954529,0.0008457157528027892,0.9935827255249023,0.5150886178016663,0.7417836785316467,0.004824929405003786,0.9957400560379028,0.5731636881828308,0.8777480721473694,0.14949001371860504,0.9934878945350647,0.5210907459259033,0.8807945847511292,0.14948295056819916,0.9930840730667114,0.5682312846183777,0.8920783996582031,0.15788625180721283,0.9223760962486267,0.5246618986129761,0.8908326625823975,0.15815435349941254,0.8631773591041565,0.5844042301177979,0.9368593096733093,0.05356985330581665,0.9893138408660889,0.5228134989738464,0.9381521940231323,0.05201373249292374,0.9884900450706482
19633.333333333336,0.5214306712150574,0.3109245300292969,-0.3493943512439728,0.9999927878379822,0.5255371332168579,0.2959611117839813,-0.3423296809196472,0.9999682307243347,0.5292646884918213,0.2949458956718445,-0.34232330322265625,0.9999703764915466,0.5327919721603394,0.2940855026245117,-0.3423449397087097,0.9999673962593079,0.516712486743927,0.29804104566574097,-0.3397451341152191,0.9999587535858154,0.513886570930481,0.29851704835891724,-0.33978912234306335,0.9999597072601318,0.5110811591148376,0.29900866746902466,-0.33980080485343933,0.9999526143074036,0.5391309261322021,0.29727810621261597,-0.25817346572875977,0.9999346137046814,0.5095974802970886,0.30223751068115234,-0.24780744314193726,0.9999010562896729,0.5285540223121643,0.3229568302631378,-0.31468164920806885,0.9999884963035583,0.5176162123680115,0.32562732696533203,-0.3117094933986664,0.9999852180480957,0.567570149898529,0.3826983571052551,-0.17127102613449097,0.999983549118042,0.49172303080558777,0.389322429895401,-0.16364623606204987,0.9999665021896362,0.5801465511322021,0.49408772587776184,-0.11311891674995422,0.9917939901351929,0.4843244254589081,0.49936264753341675,-0.11248988658189774,0.981923520565033,0.597122073173523,0.590366780757904,-0.1704503744840622,0.9866580367088318,0.4650171995162964,0.600095808506012,-0.17109312117099762,0.972501814365387,0.6042870283126831,0.6222131848335266,-0.1886845976114273,0.9650285840034485,0.4594830572605133,0.6344916224479675,-0.1914992779493332,0.944663405418396,0.6006147861480713,0.6242750287055969,-0.21957705914974213,0.9689834713935852,0.46173104643821716,0.6360710263252258,-0.22160783410072327,0.9491480588912964,0.596606433391571,0.6133092641830444,-0.18334698677062988,0.9647055268287659,0.46517178416252136,0.6239047646522522,-0.18455317616462708,0.9423375725746155,0.553754448890686,0.5781188607215881,0.0030967111233621836,0.9997692108154297,0.5075019598007202,0.577850341796875,-0.0032655508257448673,0.9996941685676575,0.5634587407112122,0.7468017339706421,0.0006754911155439913,0.9935936331748962,0.5149048566818237,0.7414765954017639,0.0037410010118037462,0.9957290887832642,0.5729696750640869,0.8777857422828674,0.14832322299480438,0.9934880137443542,0.5211561322212219,0.8808082938194275,0.1477919965982437,0.9931060671806335,0.5680150985717773,0.8921123743057251,0.15688951313495636,0.9223570823669434,0.5246904492378235,0.8908522725105286,0.15659846365451813,0.8634701371192932,0.5843998789787292,0.9369168877601624,0.05218617245554924,0.9893133640289307,0.5228014588356018,0.938308596611023,0.05048442631959915,0.9885146617889404
19666.666666666668,0.5211166739463806,0.3108823895454407,-0.3387208580970764,0.9999927878379822,0.5253865718841553,0.295875608921051,-0.33167022466659546,0.9999681711196899,0.5291503071784973,0.2948892414569855,-0.3316660225391388,0.9999703168869019,0.5326977372169495,0.2940484583377838,-0.3316815495491028,0.9999672174453735,0.5165262818336487,0.29787471890449524,-0.3288877606391907,0.9999586343765259,0.5137282013893127,0.29832521080970764,-0.3289281129837036,0.9999595880508423,0.5109241008758545,0.298794150352478,-0.32894229888916016,0.9999524354934692,0.5390713214874268,0.29726308584213257,-0.24835294485092163,0.9999342560768127,0.5095112323760986,0.30211102962493896,-0.23685796558856964,0.999900758266449,0.528400719165802,0.3229445517063141,-0.3043854832649231,0.9999884366989136,0.5173308253288269,0.3255237340927124,-0.3011605143547058,0.9999852180480957,0.5673505663871765,0.3826482892036438,-0.1632256805896759,0.9999836683273315,0.49165743589401245,0.38897696137428284,-0.1538771092891693,0.9999666213989258,0.5798793435096741,0.4940755069255829,-0.10542414337396622,0.9918588399887085,0.4842987358570099,0.4991235136985779,-0.1017875149846077,0.9821074604988098,0.597051203250885,0.5903058648109436,-0.16289456188678741,0.9869581460952759,0.46506527066230774,0.6000843644142151,-0.16123691201210022,0.9731099605560303,0.6041061878204346,0.6221784949302673,-0.18099120259284973,0.9657696485519409,0.45956483483314514,0.6345730423927307,-0.18142636120319366,0.9458275437355042,0.6003534197807312,0.6242029666900635,-0.21183842420578003,0.9696211814880371,0.4618434011936188,0.6362157464027405,-0.2111181616783142,0.9502324461936951,0.5964037775993347,0.6132693290710449,-0.1757710576057434,0.9653805494308472,0.4654121994972229,0.6239091157913208,-0.17449180781841278,0.9435259699821472,0.5534921288490295,0.5781262516975403,0.0030963036697357893,0.9997696280479431,0.5072875618934631,0.5779780745506287,-0.0032650434877723455,0.9996952414512634,0.5634294748306274,0.7468637824058533,0.0007152334437705576,0.993579089641571,0.5147555470466614,0.7414990663528442,0.003127713454887271,0.9957033395767212,0.5726454257965088,0.8778006434440613,0.1499909907579422,0.9934543967247009,0.5211511254310608,0.8809433579444885,0.14815402030944824,0.9931034445762634,0.5676124691963196,0.8921036124229431,0.15888427197933197,0.9219368696212769,0.5246789455413818,0.8910221457481384,0.15715116262435913,0.863356351852417,0.5842453837394714,0.9369286298751831,0.05406661331653595,0.9892911911010742,0.5227654576301575,0.9385444521903992,0.05074252188205719,0.9885187745094299
19700.0,0.5208913087844849,0.31082239747047424,-0.33352720737457275,0.9999927878379822,0.525284469127655,0.2957357168197632,-0.32652533054351807,0.9999681115150452,0.529071569442749,0.29481253027915955,-0.32651981711387634,0.9999701976776123,0.5326189398765564,0.29400742053985596,-0.3265314996242523,0.9999669790267944,0.5164021849632263,0.2975403964519501,-0.32374802231788635,0.9999586343765259,0.5136215686798096,0.29794615507125854,-0.32378652691841125,0.9999595880508423,0.5108152031898499,0.2983628809452057,-0.3237997889518738,0.9999524354934692,0.5390093326568604,0.29725486040115356,-0.24371424317359924,0.9999337196350098,0.5094430446624756,0.30188173055648804,-0.2319854348897934,0.9999006986618042,0.5282394886016846,0.32293495535850525,-0.29937151074409485,0.9999883770942688,0.5170934796333313,0.3254241645336151,-0.29610687494277954,0.9999852776527405,0.5670480132102966,0.38262656331062317,-0.15893001854419708,0.9999836683273315,0.49157869815826416,0.38865306973457336,-0.1495506912469864,0.9999669194221497,0.5796462893486023,0.49405795335769653,-0.10056758671998978,0.9919043779373169,0.484309583902359,0.4988812506198883,-0.09725268930196762,0.9822139143943787,0.5970020890235901,0.5901036858558655,-0.1575591266155243,0.9871878623962402,0.4652864336967468,0.5998137593269348,-0.15704117715358734,0.9737367630004883,0.6039873957633972,0.6221141219139099,-0.17545899748802185,0.966375470161438,0.4598640203475952,0.634360134601593,-0.17735429108142853,0.9470824599266052,0.6001453995704651,0.6241067051887512,-0.2063726931810379,0.9701324701309204,0.4621538519859314,0.6359862685203552,-0.20698946714401245,0.9513939023017883,0.5962579846382141,0.6131816506385803,-0.17048387229442596,0.9659253358840942,0.4657677710056305,0.6236116886138916,-0.17027497291564941,0.9447957277297974,0.5533714294433594,0.5781381130218506,0.00302886706776917,0.9997702836990356,0.5072604417800903,0.5780876278877258,-0.0031976092141121626,0.9996970295906067,0.5632293820381165,0.7469490170478821,0.0019064059015363455,0.9936689138412476,0.514695405960083,0.7414031028747559,0.003684900002554059,0.9957326054573059,0.5722493529319763,0.8780868649482727,0.1503710299730301,0.9935221076011658,0.521199107170105,0.880808413028717,0.14904332160949707,0.9931838512420654,0.5674031972885132,0.8921976685523987,0.15911170840263367,0.9219586849212646,0.5249471068382263,0.8909834623336792,0.1580086499452591,0.8647433519363403,0.5838513970375061,0.9369502067565918,0.05427640303969383,0.9894004464149475,0.5226954817771912,0.938536524772644,0.051978278905153275,0.988663911819458
19733.333333333332,0.5206592679023743,0.3105454444885254,-0.33319172263145447,0.999992847442627,0.5251843929290771,0.29526540637016296,-0.3260546624660492,0.9999682903289795,0.5289934277534485,0.2944890260696411,-0.3260466754436493,0.9999703168869019,0.5325420498847961,0.29376646876335144,-0.3260580897331238,0.999967098236084,0.5162938237190247,0.2968018054962158,-0.32319992780685425,0.999958872795105,0.5135376453399658,0.2971900999546051,-0.323238343000412,0.9999598264694214,0.5107374787330627,0.2975514531135559,-0.3232511579990387,0.9999527335166931,0.5389577746391296,0.29718270897865295,-0.24317818880081177,0.9999340176582336,0.50941401720047,0.301457017660141,-0.2310938537120819,0.9999011754989624,0.5280481576919556,0.32279542088508606,-0.29911118745803833,0.9999884963035583,0.5168492794036865,0.3250424265861511,-0.29574552178382874,0.9999854564666748,0.5668237209320068,0.3825256824493408,-0.15865744650363922,0.9999837279319763,0.49151307344436646,0.3883443772792816,-0.14865955710411072,0.9999671578407288,0.5794533491134644,0.4939795732498169,-0.10014975070953369,0.9919461607933044,0.48434412479400635,0.49872350692749023,-0.09547532349824905,0.9823060631752014,0.5969237089157104,0.5898617506027222,-0.15745486319065094,0.9874250292778015,0.46574726700782776,0.5996938347816467,-0.1548764705657959,0.9742533564567566,0.60387122631073,0.621957540512085,-0.17552897334098816,0.9670118093490601,0.46029388904571533,0.6343533992767334,-0.17530693113803864,0.9481207728385925,0.5999821424484253,0.6239016056060791,-0.20664387941360474,0.9706703424453735,0.4626116454601288,0.6359803080558777,-0.20496155321598053,0.9523536562919617,0.5960954427719116,0.6129977703094482,-0.17046958208084106,0.9664909243583679,0.46630150079727173,0.6235554814338684,-0.16815871000289917,0.9458649158477783,0.5533180832862854,0.5780927538871765,0.003016703063622117,0.9997726678848267,0.5072209239006042,0.5781157612800598,-0.00318556884303689,0.9997013211250305,0.5631279349327087,0.7469847798347473,0.0018691496225073934,0.9937722086906433,0.5146141052246094,0.741450309753418,0.0036894911900162697,0.9957759380340576,0.5714256763458252,0.8780917525291443,0.15119341015815735,0.9935881495475769,0.5212215781211853,0.8808762431144714,0.14998629689216614,0.9932869672775269,0.5663964748382568,0.8921879529953003,0.160054549574852,0.9216732978820801,0.5249795913696289,0.8910964727401733,0.15909594297409058,0.8658565282821655,0.5828409790992737,0.9369258284568787,0.055367711931467056,0.9895268082618713,0.5226852893829346,0.9386686682701111,0.05291353166103363,0.9888516068458557
19766.666666666664,0.5205468535423279,0.31039220094680786,-0.328867644071579,0.9999927878379822,0.5251509547233582,0.2949690818786621,-0.32188743352890015,0.9999678134918213,0.5289677381515503,0.2942853271961212,-0.3218787908554077,0.9999697804450989,0.5325149297714233,0.2936069965362549,-0.3218875229358673,0.9999663829803467,0.5162402987480164,0.2962924540042877,-0.31912583112716675,0.9999584555625916,0.5134944319725037,0.29663604497909546,-0.3191626965999603,0.9999594688415527,0.5106924772262573,0.29692336916923523,-0.3191762864589691,0.9999523758888245,0.538934051990509,0.2971107065677643,-0.24015328288078308,0.9999324679374695,0.50937420129776,0.3010440766811371,-0.22842903435230255,0.9999002814292908,0.5279499888420105,0.32271602749824524,-0.295217901468277,0.999988317489624,0.5166946053504944,0.3247835040092468,-0.2919473350048065,0.99998539686203,0.566693902015686,0.3821510374546051,-0.1569415181875229,0.999983549118042,0.49144479632377625,0.3878621459007263,-0.14754405617713928,0.9999672770500183,0.5792534351348877,0.49381187558174133,-0.09929624199867249,0.9918655753135681,0.4843530058860779,0.49869853258132935,-0.09557337313890457,0.9823107719421387,0.5968071818351746,0.5896233916282654,-0.15630978345870972,0.987442672252655,0.4664837718009949,0.5998335480690002,-0.1539299190044403,0.9746455550193787,0.6038199067115784,0.6217833161354065,-0.17431960999965668,0.967167317867279,0.4610084593296051,0.6347602605819702,-0.17410151660442352,0.948945164680481,0.5999068021774292,0.6236565709114075,-0.20501379668712616,0.9707810282707214,0.46367111802101135,0.6362800598144531,-0.20326410233974457,0.9531122446060181,0.5959880948066711,0.6127741932868958,-0.16921328008174896,0.9666292071342468,0.46732357144355774,0.6239023804664612,-0.1669721007347107,0.9467390179634094,0.5532581210136414,0.578026294708252,0.00291638751514256,0.9997730851173401,0.5072077512741089,0.5781539082527161,-0.0030865336302667856,0.9997033476829529,0.5627909898757935,0.7466404438018799,0.0021993534173816442,0.9938046932220459,0.5146129131317139,0.7409117817878723,0.004541939590126276,0.9957432746887207,0.5708878636360168,0.8780034184455872,0.1511901170015335,0.9935950636863708,0.5214528441429138,0.8804532885551453,0.15038219094276428,0.9932895302772522,0.565966010093689,0.8919548392295837,0.1600116640329361,0.9210640788078308,0.5254361033439636,0.8909014463424683,0.15947982668876648,0.8664039373397827,0.5823209881782532,0.9369282126426697,0.05582435801625252,0.989547073841095,0.5226719975471497,0.9386616349220276,0.053218092769384384,0.9888969659805298
19799.999999999996,0.5205275416374207,0.31034770607948303,-0.32318276166915894,0.9999927878379822,0.5251544713973999,0.2948176860809326,-0.3164582848548889,0.9999675154685974,0.5289691090583801,0.2941659092903137,-0.3164505064487457,0.9999693632125854,0.5325143337249756,0.29349184036254883,-0.3164580464363098,0.9999659061431885,0.5162181854248047,0.29607582092285156,-0.3137480318546295,0.999958336353302,0.5134726166725159,0.2964050769805908,-0.31378236413002014,0.9999593496322632,0.5106701254844666,0.2966516315937042,-0.31379464268684387,0.9999523758888245,0.5389172434806824,0.2969793975353241,-0.2357971966266632,0.9999310374259949,0.509329080581665,0.3007698059082031,-0.22446605563163757,0.9999004602432251,0.5279355645179749,0.3226843774318695,-0.28989890217781067,0.9999881982803345,0.5166200995445251,0.32467857003211975,-0.28671738505363464,0.9999854564666748,0.5665892362594604,0.3817315697669983,-0.1527276486158371,0.9999833703041077,0.4914188086986542,0.3874923884868622,-0.1453096568584442,0.9999675154685974,0.5790558457374573,0.49355456233024597,-0.0950329601764679,0.9917909502983093,0.48436078429222107,0.4986427128314972,-0.09494030475616455,0.9824469685554504,0.5967029929161072,0.5892471075057983,-0.15146879851818085,0.9875443577766418,0.46744146943092346,0.5999974608421326,-0.15285810828208923,0.9750732183456421,0.6037299633026123,0.6214821338653564,-0.16939757764339447,0.9675124883651733,0.4620416462421417,0.6349712014198303,-0.17280767858028412,0.9498239755630493,0.5998080968856812,0.6231830716133118,-0.19969257712364197,0.9710608124732971,0.4650490880012512,0.6364469528198242,-0.20147104561328888,0.9539018869400024,0.5958729982376099,0.6123249530792236,-0.16420124471187592,0.9669380187988281,0.4687260389328003,0.6241595149040222,-0.16561880707740784,0.9476422071456909,0.5531325936317444,0.5779367089271545,0.0029623934533447027,0.9997733235359192,0.5071367025375366,0.5781590938568115,-0.003132256679236889,0.9997056722640991,0.5624291896820068,0.7465710043907166,0.0023980101104825735,0.9938239455223083,0.514560878276825,0.74063640832901,0.004203176591545343,0.9957353472709656,0.5701776146888733,0.8780043721199036,0.14547954499721527,0.9936089515686035,0.5214498043060303,0.8804599642753601,0.1443319022655487,0.9933067560195923,0.5651817321777344,0.8919548392295837,0.15348194539546967,0.9212363362312317,0.5254416465759277,0.8910208344459534,0.1527717411518097,0.8669301867485046,0.5821561217308044,0.9369528889656067,0.051340747624635696,0.9895492196083069,0.5226103663444519,0.9386364221572876,0.048801131546497345,0.9889153242111206
19833.33333333333,0.5205311179161072,0.3102940022945404,-0.3267212510108948,0.9999929070472717,0.5251576900482178,0.2946135997772217,-0.3198489546775818,0.9999681115150452,0.5289720892906189,0.2939755916595459,-0.3198404312133789,0.9999697804450989,0.5325171947479248,0.2932857275009155,-0.3198499381542206,0.9999663233757019,0.5162155628204346,0.29587095975875854,-0.31725043058395386,0.9999593496322632,0.5134684443473816,0.29621267318725586,-0.3172862231731415,0.9999602437019348,0.510666012763977,0.296446293592453,-0.31729796528816223,0.9999535083770752,0.5389052629470825,0.29676729440689087,-0.23788310587406158,0.9999316334724426,0.5092962980270386,0.30055537819862366,-0.2270674705505371,0.9999033808708191,0.5279361009597778,0.32260268926620483,-0.29291388392448425,0.9999883770942688,0.5165777206420898,0.32455068826675415,-0.28989267349243164,0.9999858736991882,0.5665091872215271,0.38145771622657776,-0.1523742377758026,0.9999833106994629,0.49140438437461853,0.3869428038597107,-0.14678168296813965,0.9999681115150452,0.578989565372467,0.493313193321228,-0.09203383326530457,0.9917258024215698,0.4843688905239105,0.4982748031616211,-0.09562042355537415,0.9826849102973938,0.5966616868972778,0.5890067219734192,-0.14878970384597778,0.9876437783241272,0.4689355194568634,0.5999040603637695,-0.1546635627746582,0.9755343794822693,0.6036620736122131,0.6212658286094666,-0.16694039106369019,0.9678468704223633,0.46366554498672485,0.6348860859870911,-0.1756480187177658,0.9507244825363159,0.5997565984725952,0.6228524446487427,-0.19772620499134064,0.9713284969329834,0.4669129550457001,0.6363064646720886,-0.20325055718421936,0.95469069480896,0.5958238244056702,0.6120165586471558,-0.16172631084918976,0.9672079682350159,0.4705541729927063,0.6240071058273315,-0.16680939495563507,0.9484882354736328,0.5530136227607727,0.5776967406272888,0.003252944443374872,0.9997762441635132,0.507066011428833,0.5780505537986755,-0.003419651882722974,0.9997109770774841,0.5623111724853516,0.7465771436691284,0.003352791303768754,0.9939313530921936,0.5144351720809937,0.740648627281189,0.0046511017717421055,0.9958063364028931,0.5698893666267395,0.8780338764190674,0.14583824574947357,0.9937163591384888,0.5214501023292542,0.8804163336753845,0.14586874842643738,0.9934449195861816,0.5647169351577759,0.8919711112976074,0.1538061946630478,0.9224569201469421,0.5254324078559875,0.8910207152366638,0.15452398359775543,0.8690714836120605,0.5821152925491333,0.9370275139808655,0.05102593079209328,0.9897104501724243,0.5225951075553894,0.9382848143577576,0.05005734786391258,0.9891291856765747
19866.66666666666,0.5205239057540894,0.3102877736091614,-0.3276277184486389,0.999993085861206,0.5251619219779968,0.29456356167793274,-0.3205975592136383,0.9999688267707825,0.5289748311042786,0.2939209043979645,-0.3205926716327667,0.9999703168869019,0.5325185656547546,0.2932153046131134,-0.32060858607292175,0.9999669194221497,0.5162058472633362,0.2958167791366577,-0.3174782991409302,0.9999604821205139,0.5134546160697937,0.29615288972854614,-0.3175183832645416,0.9999613165855408,0.5106485486030579,0.2963760793209076,-0.3175294101238251,0.999954879283905,0.5388970971107483,0.2966420352458954,-0.2392178624868393,0.9999324679374695,0.509254515171051,0.3004307150840759,-0.22781048715114594,0.999906599521637,0.5279184579849243,0.3225823938846588,-0.2942739725112915,0.9999886751174927,0.5165212750434875,0.32451769709587097,-0.2907801568508148,0.9999863505363464,0.5664848685264587,0.3811851739883423,-0.1536024510860443,0.9999834299087524,0.49136048555374146,0.3867042064666748,-0.14807984232902527,0.999968945980072,0.5789200663566589,0.49316537380218506,-0.0921567752957344,0.991721510887146,0.484354704618454,0.4982486963272095,-0.09796421974897385,0.9830154776573181,0.5965928435325623,0.5888929963111877,-0.1496957242488861,0.9878101944923401,0.4699861705303192,0.6000116467475891,-0.1584843546152115,0.9761907458305359,0.6035863757133484,0.6211264133453369,-0.1680321842432022,0.9683243036270142,0.46489807963371277,0.6350220441818237,-0.1800631433725357,0.9519655108451843,0.599675714969635,0.622703492641449,-0.19904392957687378,0.9717353582382202,0.468333899974823,0.6364020109176636,-0.20766940712928772,0.9558047652244568,0.5957496762275696,0.6118916273117065,-0.1627032309770584,0.9676209688186646,0.4718829095363617,0.6241271495819092,-0.17044802010059357,0.94965660572052,0.5529721975326538,0.5776245594024658,0.0034482991322875023,0.9997800588607788,0.5070616602897644,0.5780698657035828,-0.0036130573134869337,0.9997164607048035,0.5623037815093994,0.7467740774154663,0.0032863158266991377,0.9940563440322876,0.5143802165985107,0.7410350441932678,0.005362751893699169,0.9958701133728027,0.5699096322059631,0.8781457543373108,0.1467205137014389,0.9938295483589172,0.5214254856109619,0.8805265426635742,0.14951151609420776,0.993579089641571,0.5646886825561523,0.8920359015464783,0.15492576360702515,0.9237314462661743,0.5253691673278809,0.8910911083221436,0.15844020247459412,0.8711414933204651,0.5821281671524048,0.9371994733810425,0.05169440060853958,0.9898945689201355,0.5224694013595581,0.9382891058921814,0.05413411185145378,0.9893519282341003
19899.999999999993,0.520515501499176,0.31027835607528687,-0.327841192483902,0.9999932646751404,0.5251659750938416,0.2945334315299988,-0.32078054547309875,0.9999694228172302,0.5289742946624756,0.29388678073883057,-0.32077205181121826,0.9999707341194153,0.5325109362602234,0.2931670546531677,-0.3207807242870331,0.9999673366546631,0.5162015557289124,0.29578065872192383,-0.31815022230148315,0.9999614953994751,0.5134500861167908,0.29611149430274963,-0.3181861937046051,0.9999622702598572,0.5106461644172668,0.2963259518146515,-0.3181980550289154,0.9999560713768005,0.5388748049736023,0.2965639531612396,-0.2376890480518341,0.9999329447746277,0.5092435479164124,0.3003550171852112,-0.22763021290302277,0.9999094605445862,0.527893602848053,0.3225502669811249,-0.2936404049396515,0.9999889135360718,0.516474723815918,0.3244704604148865,-0.29070398211479187,0.9999868273735046,0.5664755702018738,0.3808048963546753,-0.1499081254005432,0.9999836087226868,0.4912894368171692,0.38634786009788513,-0.14744973182678223,0.9999698996543884,0.5788974165916443,0.4928835332393646,-0.08630402386188507,0.9917181134223938,0.48432457447052,0.4980728030204773,-0.0971839651465416,0.9833384156227112,0.5965009927749634,0.5886176228523254,-0.14425945281982422,0.9879426956176758,0.4709709882736206,0.5999788045883179,-0.15792280435562134,0.9768359661102295,0.6034881472587585,0.620971143245697,-0.16261044144630432,0.9687425494194031,0.4664992392063141,0.6348313689231873,-0.17950862646102905,0.9531901478767395,0.5995502471923828,0.6225706338882446,-0.19381669163703918,0.9720906615257263,0.4702736437320709,0.6361991763114929,-0.20728865265846252,0.9568966627120972,0.5956190824508667,0.611738920211792,-0.15733300149440765,0.9679652452468872,0.47338199615478516,0.6240158081054688,-0.17003054916858673,0.9507673382759094,0.5528980493545532,0.5776182413101196,0.00355962454341352,0.9997838735580444,0.5070242285728455,0.5781612992286682,-0.0037218963261693716,0.9997220039367676,0.5622894167900085,0.7467889785766602,0.003960060887038708,0.9941741228103638,0.5143846869468689,0.7414544820785522,0.006330495700240135,0.9959292411804199,0.5696828365325928,0.8782290816307068,0.14676393568515778,0.9939530491828918,0.5214310884475708,0.8806460499763489,0.15097670257091522,0.9936961531639099,0.5642551779747009,0.8920665979385376,0.15484924614429474,0.9248967170715332,0.5253547430038452,0.8912180066108704,0.15988542139530182,0.8729228973388672,0.5820013880729675,0.9372847676277161,0.05094218999147415,0.990110456943512,0.5224676728248596,0.9382866024971008,0.05538182705640793,0.9895702004432678
19933.333333333325,0.5204839110374451,0.31026336550712585,-0.32900580763816833,0.9999933838844299,0.5251567959785461,0.2944946885108948,-0.32197239995002747,0.9999696612358093,0.5289483666419983,0.29383939504623413,-0.32196393609046936,0.9999708533287048,0.5324739217758179,0.2931042015552521,-0.32197389006614685,0.9999673962593079,0.5161882042884827,0.29575058817863464,-0.3193022608757019,0.9999619722366333,0.5134393572807312,0.29608073830604553,-0.3193396329879761,0.9999627470970154,0.5106378793716431,0.29629281163215637,-0.3193508982658386,0.9999567270278931,0.5388411283493042,0.29646801948547363,-0.23865480720996857,0.9999327063560486,0.509232759475708,0.3003025949001312,-0.22855551540851593,0.9999111294746399,0.5278497934341431,0.3225218951702118,-0.29473695158958435,0.9999890923500061,0.5164238810539246,0.32442227005958557,-0.29181426763534546,0.9999871850013733,0.5664733648300171,0.38012388348579407,-0.15009206533432007,0.9999838471412659,0.4911915063858032,0.3863099217414856,-0.14792388677597046,0.9999706149101257,0.5788751840591431,0.49245256185531616,-0.08603024482727051,0.9916936755180359,0.484267920255661,0.49804145097732544,-0.0976792424917221,0.9835323691368103,0.5964075922966003,0.588443398475647,-0.14429426193237305,0.9880466461181641,0.47171449661254883,0.6003772616386414,-0.15913072228431702,0.9771736264228821,0.603392481803894,0.6209220886230469,-0.16275659203529358,0.9690679907798767,0.4677133560180664,0.6357573866844177,-0.18098989129066467,0.9538202285766602,0.5994364023208618,0.62252277135849,-0.19386304914951324,0.9723750352859497,0.4721700847148895,0.636780321598053,-0.20845061540603638,0.9574348330497742,0.5954943299293518,0.6116880178451538,-0.15731336176395416,0.968231201171875,0.475045382976532,0.6245240569114685,-0.17097949981689453,0.9512567520141602,0.5528923869132996,0.5775982737541199,0.0037301559932529926,0.9997872114181519,0.5070206522941589,0.5784250497817993,-0.0038916401099413633,0.9997251033782959,0.5622838139533997,0.7468985915184021,0.004218156449496746,0.9942353367805481,0.5143844485282898,0.7423602342605591,0.006810755468904972,0.9959343075752258,0.5696988701820374,0.8782368302345276,0.15230321884155273,0.9940128326416016,0.521415650844574,0.8809348940849304,0.1575179100036621,0.9937390685081482,0.564248263835907,0.8920516967773438,0.16117793321609497,0.9254748821258545,0.5252963900566101,0.8914191126823425,0.1672486662864685,0.8735102415084839,0.581986129283905,0.9374604821205139,0.05667557194828987,0.9902452230453491,0.5224786400794983,0.9384027123451233,0.06166672706604004,0.9896826148033142
19966.666666666657,0.5203608870506287,0.31019359827041626,-0.32922372221946716,0.9999933838844299,0.5251020193099976,0.29438516497612,-0.32231855392456055,0.9999693632125854,0.528874933719635,0.2937551438808441,-0.3223090171813965,0.9999704360961914,0.5324020385742188,0.29302576184272766,-0.3223171532154083,0.9999668598175049,0.5161596536636353,0.2955346405506134,-0.31964072585105896,0.9999618530273438,0.5134267807006836,0.2958267033100128,-0.3196764588356018,0.9999626278877258,0.5106299519538879,0.29599905014038086,-0.3196907341480255,0.9999566674232483,0.5388288497924805,0.29636773467063904,-0.2389233112335205,0.9999309182167053,0.5092573761940002,0.3000081479549408,-0.22839730978012085,0.9999109506607056,0.5277088284492493,0.3224855959415436,-0.29479676485061646,0.9999890923500061,0.5163209438323975,0.32426023483276367,-0.2917989194393158,0.9999873042106628,0.5664767622947693,0.3792819082736969,-0.15038558840751648,0.9999838471412659,0.491152286529541,0.38625919818878174,-0.14781765639781952,0.9999710321426392,0.5788606405258179,0.49188685417175293,-0.08656422793865204,0.9916841983795166,0.4842125177383423,0.49793118238449097,-0.09773470461368561,0.9836194515228271,0.5962738394737244,0.5883667469024658,-0.14366556704044342,0.9881551265716553,0.4726608991622925,0.6004557013511658,-0.15843148529529572,0.977372407913208,0.6032778024673462,0.6209197640419006,-0.16196118295192719,0.9693858027458191,0.46910911798477173,0.6361612677574158,-0.18002334237098694,0.9542057514190674,0.5992615222930908,0.6225274801254272,-0.19283130764961243,0.9726492762565613,0.4742280840873718,0.6369109749794006,-0.20724087953567505,0.9577302932739258,0.5952860116958618,0.6116829514503479,-0.15648722648620605,0.9684771299362183,0.47688132524490356,0.6246100664138794,-0.17021027207374573,0.951447069644928,0.5528806447982788,0.577601432800293,0.0038300203159451485,0.9997893571853638,0.5070019960403442,0.5786789059638977,-0.0039909896440804005,0.9997268915176392,0.5623049139976501,0.746999979019165,0.004221998155117035,0.9942623972892761,0.5143844485282898,0.7424778938293457,0.00731044914573431,0.9959468841552734,0.5697400569915771,0.8783143758773804,0.15223713219165802,0.9940589666366577,0.5212603807449341,0.8810346126556396,0.15900592505931854,0.9937807321548462,0.5642627477645874,0.8921360373497009,0.16109329462051392,0.9264154434204102,0.5249664187431335,0.8914666175842285,0.1688043624162674,0.8739928007125854,0.5819915533065796,0.9374986290931702,0.056630004197359085,0.9903536438941956,0.5224877595901489,0.9384403824806213,0.06314628571271896,0.9897671937942505
19999.99999999999,0.5203503370285034,0.31015655398368835,-0.33241787552833557,0.9999933838844299,0.5251068472862244,0.29436078667640686,-0.3253292739391327,0.9999693036079407,0.528875470161438,0.2937474548816681,-0.3253196179866791,0.9999702572822571,0.532400369644165,0.2930176556110382,-0.3253278136253357,0.9999666213989258,0.5161616802215576,0.2953879237174988,-0.32279565930366516,0.9999619126319885,0.5134409070014954,0.29561659693717957,-0.3228299021720886,0.999962568283081,0.5106428861618042,0.2957509756088257,-0.3228501081466675,0.9999566674232483,0.5388270020484924,0.29635488986968994,-0.24019083380699158,0.9999299645423889,0.5093214511871338,0.29981476068496704,-0.2302536517381668,0.9999111294746399,0.5276836156845093,0.32247447967529297,-0.2971917986869812,0.9999891519546509,0.516290009021759,0.32416006922721863,-0.2944069802761078,0.9999874830245972,0.5664462447166443,0.37904298305511475,-0.1511782854795456,0.9999840259552002,0.4910898804664612,0.3862641155719757,-0.14876502752304077,0.999971330165863,0.5788100361824036,0.4917699694633484,-0.08698797225952148,0.9917394518852234,0.4840705692768097,0.4978659152984619,-0.09857409447431564,0.9837730526924133,0.5959840416908264,0.5883681774139404,-0.1444847285747528,0.9883900880813599,0.4737696647644043,0.6004970073699951,-0.15943656861782074,0.97767174243927,0.6030521988868713,0.6209983825683594,-0.16296763718128204,0.9699923992156982,0.47090253233909607,0.6363956332206726,-0.18128149211406708,0.9547275304794312,0.5989350080490112,0.6225965023040771,-0.19401749968528748,0.9731832146644592,0.4762629568576813,0.6369248628616333,-0.20822376012802124,0.9581502676010132,0.5948531031608582,0.6117324829101562,-0.15736812353134155,0.9690055251121521,0.47878298163414,0.6246059536933899,-0.17097918689250946,0.9517799615859985,0.5528426766395569,0.5776139497756958,0.003972537349909544,0.9997916221618652,0.5069477558135986,0.5791121125221252,-0.004132310394197702,0.999727725982666,0.562220573425293,0.7470125555992126,0.004060979001224041,0.9942557215690613,0.5143622756004333,0.7436115741729736,0.008081808686256409,0.9958993792533875,0.5697612166404724,0.8782982230186462,0.15497292578220367,0.9940152168273926,0.5212206244468689,0.8812029957771301,0.165729358792305,0.9937337636947632,0.5643452405929565,0.8921095132827759,0.1642991602420807,0.9263578057289124,0.5248731970787048,0.891474187374115,0.17612963914871216,0.8734320402145386,0.581995964050293,0.9374850392341614,0.05891963467001915,0.9903340935707092,0.5225170850753784,0.9385239481925964,0.06887369602918625,0.989730179309845
20033.33333333332,0.5204086899757385,0.310112863779068,-0.33421480655670166,0.9999935030937195,0.5252469182014465,0.2943381369113922,-0.32687532901763916,0.9999698400497437,0.5289501547813416,0.29373905062675476,-0.3268636465072632,0.9999707341194153,0.5324357151985168,0.2930085361003876,-0.32686978578567505,0.999967098236084,0.5162279605865479,0.29523223638534546,-0.32462605834007263,0.9999626874923706,0.5135486721992493,0.29539164900779724,-0.3246597349643707,0.9999632835388184,0.5107520222663879,0.295512855052948,-0.3246794044971466,0.9999575614929199,0.5388278365135193,0.2963421046733856,-0.24070125818252563,0.999930739402771,0.5094065070152283,0.2996555268764496,-0.23210428655147552,0.9999132752418518,0.5276973843574524,0.32244959473609924,-0.2986273169517517,0.99998939037323,0.5162919759750366,0.3240548372268677,-0.2962372899055481,0.9999879002571106,0.5663946270942688,0.37894099950790405,-0.15164202451705933,0.9999843239784241,0.491024911403656,0.38633227348327637,-0.15013955533504486,0.9999718070030212,0.578710675239563,0.49175509810447693,-0.08657550066709518,0.9918373227119446,0.4839838445186615,0.4978589117527008,-0.10009028017520905,0.9840616583824158,0.5956127047538757,0.588506817817688,-0.14446288347244263,0.9886908531188965,0.4750770032405853,0.6006177067756653,-0.16112661361694336,0.978114128112793,0.6026673913002014,0.621212899684906,-0.1631801575422287,0.9707586169242859,0.47272783517837524,0.6367984414100647,-0.18326954543590546,0.9554921984672546,0.5984970927238464,0.6228436231613159,-0.1944209784269333,0.973859965801239,0.4783816933631897,0.6369503736495972,-0.21015402674674988,0.958802342414856,0.5943250060081482,0.6119488477706909,-0.15743690729141235,0.9697080254554749,0.48092013597488403,0.6246046423912048,-0.17259220778942108,0.9524103403091431,0.5528271794319153,0.5776103138923645,0.004014484118670225,0.9997947216033936,0.5069445967674255,0.5793277025222778,-0.004173058085143566,0.9997301697731018,0.5620020031929016,0.7470232844352722,0.004327430389821529,0.9942989945411682,0.5143443942070007,0.7437787055969238,0.009936322458088398,0.9958782196044922,0.5697231888771057,0.8783184885978699,0.15553568303585052,0.9940255284309387,0.5212152004241943,0.881281316280365,0.1677604466676712,0.9937136769294739,0.5642938613891602,0.8921082019805908,0.16471314430236816,0.9264383316040039,0.5248572826385498,0.8915209770202637,0.1780111938714981,0.8732353448867798,0.5818865299224854,0.937494158744812,0.05896788462996483,0.990379810333252,0.5225169062614441,0.9385315775871277,0.07067468017339706,0.9897351264953613
20066.666666666653,0.5207212567329407,0.3101027011871338,-0.3368905484676361,0.9999938011169434,0.5255517363548279,0.29435041546821594,-0.32917627692222595,0.9999711513519287,0.5291328430175781,0.29374492168426514,-0.3291621208190918,0.9999719262123108,0.5325392484664917,0.2930191159248352,-0.3291672468185425,0.9999684691429138,0.5164185762405396,0.29523077607154846,-0.3272717595100403,0.9999644160270691,0.51375412940979,0.2953869700431824,-0.32730743288993835,0.9999649524688721,0.5109694600105286,0.29551076889038086,-0.32732093334198,0.9999595284461975,0.5388277769088745,0.29635483026504517,-0.2424289733171463,0.9999333620071411,0.5094494223594666,0.29968181252479553,-0.23548850417137146,0.99991774559021,0.5278362035751343,0.3224428594112396,-0.3013128638267517,0.9999898672103882,0.5164107084274292,0.32404661178588867,-0.2993844449520111,0.9999884963035583,0.5663270950317383,0.3789350688457489,-0.15189963579177856,0.9999846816062927,0.4909802973270416,0.38699010014533997,-0.15354494750499725,0.9999726414680481,0.5786016583442688,0.4917174279689789,-0.08739276975393295,0.9919790029525757,0.4839194118976593,0.4978529214859009,-0.10411854833364487,0.9846490621566772,0.5952004194259644,0.5885043740272522,-0.14520613849163055,0.9890328049659729,0.4759710133075714,0.6007606983184814,-0.1646411120891571,0.9788857698440552,0.6021002531051636,0.6212704181671143,-0.16385941207408905,0.9715786576271057,0.4741290211677551,0.6370661854743958,-0.1868470013141632,0.9568074345588684,0.598069429397583,0.622930645942688,-0.1950342357158661,0.9745786190032959,0.48001629114151,0.6368710398674011,-0.21370567381381989,0.9599860906600952,0.5939017534255981,0.6119891405105591,-0.15818694233894348,0.9704669713973999,0.4824652373790741,0.6244214177131653,-0.17610816657543182,0.9537047147750854,0.5527963042259216,0.5770785212516785,0.004019749350845814,0.9997967481613159,0.5069481134414673,0.5792992115020752,-0.004178503528237343,0.9997343420982361,0.5618951916694641,0.7462530136108398,0.004289730452001095,0.9943060278892517,0.5143914818763733,0.7439022660255432,0.005395637359470129,0.9958531260490417,0.5697370171546936,0.8786104321479797,0.1448499709367752,0.9940595626831055,0.5216533541679382,0.881802499294281,0.14513693749904633,0.993723452091217,0.5643671154975891,0.8924560546875,0.1522868424654007,0.926466166973114,0.5255665183067322,0.8924217224121094,0.15317381918430328,0.8732045888900757,0.5818783640861511,0.9374972581863403,0.046170592308044434,0.9904264807701111,0.5226397514343262,0.9385868906974792,0.045227374881505966,0.9897622466087341
20099.999999999985,0.5209177732467651,0.3100035786628723,-0.33710184693336487,0.999994158744812,0.5257910490036011,0.294309139251709,-0.3291352689266205,0.9999727010726929,0.5293264985084534,0.2937130630016327,-0.32912012934684753,0.9999733567237854,0.5326659083366394,0.2930092215538025,-0.32912400364875793,0.999970018863678,0.5165350437164307,0.2950863540172577,-0.3273467719554901,0.9999664425849915,0.5138902068138123,0.2951785922050476,-0.3273835778236389,0.9999669194221497,0.5111048221588135,0.2953191101551056,-0.3273959159851074,0.9999618530273438,0.5388405323028564,0.29637545347213745,-0.24229717254638672,0.9999362230300903,0.5094773769378662,0.2996792197227478,-0.23596785962581635,0.9999225735664368,0.5279473066329956,0.3224358558654785,-0.3015553653240204,0.9999904036521912,0.5164657831192017,0.3240025043487549,-0.2999349534511566,0.9999891519546509,0.5663033723831177,0.3790185749530792,-0.15201380848884583,0.9999849796295166,0.49097326397895813,0.38750573992729187,-0.15551863610744476,0.999973475933075,0.5785629153251648,0.4919227957725525,-0.08673311024904251,0.9921516180038452,0.4838733375072479,0.49790897965431213,-0.10737314075231552,0.9852514266967773,0.5947953462600708,0.5885027647018433,-0.14494355022907257,0.9894145131111145,0.47731754183769226,0.6014367341995239,-0.16734594106674194,0.9796909093856812,0.6014391779899597,0.6213817000389099,-0.16388943791389465,0.9724995493888855,0.47589826583862305,0.6376915574073792,-0.18996931612491608,0.9581852555274963,0.5974177718162537,0.623051106929779,-0.19512684643268585,0.975390613079071,0.4822259247303009,0.6369644999504089,-0.21631380915641785,0.9612139463424683,0.5933358073234558,0.6120521426200867,-0.15796023607254028,0.97132408618927,0.4847067892551422,0.6244412660598755,-0.17860110104084015,0.9550210237503052,0.552817702293396,0.5770909190177917,0.0041706757619977,0.9998008608818054,0.5071159601211548,0.5799477696418762,-0.00433043809607625,0.9997408986091614,0.5618217587471008,0.7462643384933472,0.008318430744111538,0.9944199323654175,0.5145016312599182,0.7447989583015442,0.010303197428584099,0.9958877563476562,0.5697497129440308,0.878791868686676,0.14950032532215118,0.9941522479057312,0.521826446056366,0.8814363479614258,0.15998882055282593,0.9937970638275146,0.5643790364265442,0.8924999237060547,0.15689176321029663,0.9273253083229065,0.5259185433387756,0.8919268846511841,0.16916440427303314,0.8742263317108154,0.5818952918052673,0.9375631809234619,0.050309065729379654,0.9905722737312317,0.5226466059684753,0.9385148286819458,0.0619833879172802,0.9898883104324341
20133.333333333318,0.5209782123565674,0.30988582968711853,-0.33782774209976196,0.9999943375587463,0.5258954763412476,0.294053316116333,-0.329533189535141,0.9999735355377197,0.5294434428215027,0.29342374205589294,-0.3295177221298218,0.9999740719795227,0.5327464938163757,0.2927343249320984,-0.3295198976993561,0.9999707937240601,0.5165649652481079,0.29488322138786316,-0.32786843180656433,0.9999675750732422,0.5139225125312805,0.2949906587600708,-0.3279060423374176,0.9999680519104004,0.5111204385757446,0.2951803505420685,-0.327919602394104,0.9999632835388184,0.5388647317886353,0.2962685525417328,-0.24231934547424316,0.9999371767044067,0.509479284286499,0.2996772825717926,-0.23619428277015686,0.9999255537986755,0.5280043482780457,0.3224187195301056,-0.30213871598243713,0.999990701675415,0.5164809823036194,0.3239951729774475,-0.30061647295951843,0.9999895691871643,0.5662998557090759,0.37908241152763367,-0.15207570791244507,0.9999850988388062,0.49098408222198486,0.38775524497032166,-0.15590474009513855,0.9999739527702332,0.5785419344902039,0.49195465445518494,-0.08668380230665207,0.9921559691429138,0.4838567078113556,0.4979681074619293,-0.10731834918260574,0.9856995344161987,0.5945131182670593,0.5883440971374512,-0.1450973004102707,0.9895325303077698,0.4787543714046478,0.6016649603843689,-0.16720572113990784,0.9802277088165283,0.6005153656005859,0.6213425397872925,-0.1644379049539566,0.9728255867958069,0.47751763463020325,0.6379175186157227,-0.18984323740005493,0.9590492844581604,0.5964277386665344,0.6230002641677856,-0.19553416967391968,0.9756689071655273,0.48418745398521423,0.6369585394859314,-0.21596284210681915,0.9619548916816711,0.5925750136375427,0.6119820475578308,-0.15811657905578613,0.9715712070465088,0.486704558134079,0.6244044303894043,-0.1783861368894577,0.9557456970214844,0.552815854549408,0.5771286487579346,0.004266912117600441,0.9998037219047546,0.507117509841919,0.5802897214889526,-0.00442862743511796,0.9997446537017822,0.5612905621528625,0.7460058927536011,0.009581014513969421,0.994462788105011,0.5144712924957275,0.7456340193748474,0.011053230613470078,0.9958821535110474,0.569533109664917,0.878680944442749,0.1609044075012207,0.9942072033882141,0.5217073559761047,0.8812350630760193,0.168167382478714,0.9938174486160278,0.5641648173332214,0.8923642635345459,0.16989921033382416,0.9276416301727295,0.5259021520614624,0.891448974609375,0.17834322154521942,0.8742362856864929,0.5818578004837036,0.9375661611557007,0.06328197568655014,0.9906874895095825,0.5226913690567017,0.9384862184524536,0.07049818336963654,0.9899640679359436
20166.66666666665,0.5215005278587341,0.30954766273498535,-0.3315640389919281,0.9999945759773254,0.5265102982521057,0.29343435168266296,-0.3222340941429138,0.9999746680259705,0.5300382375717163,0.2928193211555481,-0.3222193121910095,0.9999750852584839,0.5332597494125366,0.29222771525382996,-0.32221585512161255,0.9999719262123108,0.5169214010238647,0.2942061722278595,-0.32140669226646423,0.9999690055847168,0.5142451524734497,0.2942866384983063,-0.3214424252510071,0.9999695420265198,0.5114689469337463,0.2946128845214844,-0.32145002484321594,0.9999650716781616,0.5390100479125977,0.2960264980792999,-0.2339659184217453,0.9999391436576843,0.5095999836921692,0.2995412051677704,-0.23164722323417664,0.9999291896820068,0.528289258480072,0.3223682641983032,-0.2959071695804596,0.9999911189079285,0.5167894959449768,0.3239080309867859,-0.29543349146842957,0.9999901056289673,0.566328763961792,0.37921223044395447,-0.1459750384092331,0.99998539686203,0.49101924896240234,0.38782262802124023,-0.15347400307655334,0.9999744296073914,0.5785558819770813,0.4916720986366272,-0.0811556950211525,0.9922851920127869,0.4838631749153137,0.4979483187198639,-0.10597393661737442,0.9862504005432129,0.5940366983413696,0.5879795551300049,-0.14346753060817719,0.9898197054862976,0.47957661747932434,0.6017523407936096,-0.1666114181280136,0.9809669852256775,0.5993129014968872,0.6209952235221863,-0.16346363723278046,0.9735099673271179,0.4791017770767212,0.6381189823150635,-0.18926003575325012,0.9603533744812012,0.5947972536087036,0.6223836541175842,-0.19423213601112366,0.9762605428695679,0.4863073229789734,0.6369580030441284,-0.2151513695716858,0.9631244540214539,0.591144323348999,0.6113133430480957,-0.15637996792793274,0.9721973538398743,0.4886060357093811,0.6243893504142761,-0.17714640498161316,0.9570139646530151,0.5528005957603455,0.5770667195320129,0.004301015753298998,0.9998068809509277,0.5071268677711487,0.58033287525177,-0.004465206991881132,0.9997484087944031,0.5612070560455322,0.7460169196128845,0.009023627266287804,0.9944774508476257,0.5144811272621155,0.7458001375198364,0.008440452627837658,0.9958286285400391,0.5695789456367493,0.8787738084793091,0.15940193831920624,0.9942166209220886,0.5218603014945984,0.8813428282737732,0.16190746426582336,0.9937791228294373,0.5643395781517029,0.8924281597137451,0.16830642521381378,0.9269766211509705,0.5261045694351196,0.8914787173271179,0.17150288820266724,0.87326979637146,0.5819797515869141,0.937725305557251,0.06218355894088745,0.9907078742980957,0.5228760838508606,0.9385190606117249,0.06332138180732727,0.989952027797699
20199.99999999998,0.5226877927780151,0.3070398271083832,-0.31647735834121704,0.9999947547912598,0.527572512626648,0.2913913428783417,-0.3049640357494354,0.9999756813049316,0.5309872031211853,0.2909782826900482,-0.3049575090408325,0.9999759793281555,0.5342715978622437,0.29048943519592285,-0.30494824051856995,0.9999728798866272,0.5177608132362366,0.2919791340827942,-0.3055018484592438,0.9999703764915466,0.5149417519569397,0.2922711968421936,-0.3055364191532135,0.9999709129333496,0.5123328566551208,0.29269206523895264,-0.3055437505245209,0.9999667406082153,0.5393829345703125,0.2949642241001129,-0.21353349089622498,0.9999403357505798,0.5098235011100769,0.2989019453525543,-0.21749497950077057,0.9999327063560486,0.5292597413063049,0.3208436071872711,-0.2805805802345276,0.9999914169311523,0.5173509120941162,0.32209673523902893,-0.28182312846183777,0.9999905228614807,0.5663911700248718,0.3792494833469391,-0.1301662176847458,0.9999853372573853,0.4911176264286041,0.3879885971546173,-0.14411529898643494,0.9999741911888123,0.5786340236663818,0.4906300902366638,-0.06972406804561615,0.9922163486480713,0.48379093408584595,0.4979986548423767,-0.10064312815666199,0.9867640137672424,0.5935142636299133,0.5845279097557068,-0.13853402435779572,0.9898607134819031,0.48029768466949463,0.6017516255378723,-0.16344112157821655,0.9814652800559998,0.5973527431488037,0.6161676049232483,-0.1597965508699417,0.9736114740371704,0.4805522561073303,0.6380985975265503,-0.18734198808670044,0.9611085653305054,0.5925975441932678,0.6158812642097473,-0.1896197646856308,0.9763326644897461,0.48776599764823914,0.6366081237792969,-0.21238552033901215,0.9637826085090637,0.589481770992279,0.605893075466156,-0.151399165391922,0.9721855521202087,0.48980051279067993,0.6240318417549133,-0.17388807237148285,0.9577174186706543,0.5528346300125122,0.577851414680481,0.004900577012449503,0.9998078346252441,0.5073462128639221,0.5812604427337646,-0.005062553100287914,0.9997491240501404,0.5613828301429749,0.746038556098938,0.009755967184901237,0.9944812059402466,0.5145931839942932,0.7456387877464294,0.007748499978333712,0.9956793189048767,0.5696528553962708,0.8791894316673279,0.15582910180091858,0.9942281246185303,0.5218575596809387,0.8811962008476257,0.16017881035804749,0.9936073422431946,0.564436137676239,0.8929154276847839,0.16347701847553253,0.9265291690826416,0.5260884165763855,0.8913955688476562,0.16935698688030243,0.8701088428497314,0.582036554813385,0.9377266764640808,0.05465207248926163,0.9907132387161255,0.5229173302650452,0.9383548498153687,0.05973498523235321,0.9897567629814148
20233.333333333314,0.523980438709259,0.3037370443344116,-0.30174171924591064,0.9999949932098389,0.5284048914909363,0.2888776659965515,-0.288575142621994,0.9999767541885376,0.5317931771278381,0.288485586643219,-0.28857478499412537,0.9999770522117615,0.5350854992866516,0.28805768489837646,-0.2885645925998688,0.9999740123748779,0.5185772180557251,0.28988075256347656,-0.29003050923347473,0.999971866607666,0.5155951976776123,0.2906198799610138,-0.29005998373031616,0.999972403049469,0.513089656829834,0.2913126051425934,-0.2900591492652893,0.9999684691429138,0.5396596789360046,0.29344722628593445,-0.19396711885929108,0.9999423623085022,0.5100401043891907,0.2985628843307495,-0.20172841846942902,0.999936580657959,0.5306950807571411,0.3186206817626953,-0.2652655839920044,0.999991774559021,0.518332839012146,0.31980371475219727,-0.2675422728061676,0.9999909996986389,0.5666013956069946,0.3794451355934143,-0.1129947230219841,0.9999856352806091,0.4914146959781647,0.38841837644577026,-0.1316412091255188,0.9999738335609436,0.580398678779602,0.4859113395214081,-0.055137749761343,0.9921808242797852,0.4835984408855438,0.4980487525463104,-0.08879605680704117,0.9872724413871765,0.5929421186447144,0.5722523331642151,-0.1311904639005661,0.989875316619873,0.4811387062072754,0.6013723015785217,-0.1529722809791565,0.9816835522651672,0.5939468145370483,0.6026275753974915,-0.15427526831626892,0.9736568331718445,0.48193687200546265,0.6375739574432373,-0.17808400094509125,0.9611970782279968,0.5879657864570618,0.6003034710884094,-0.18350473046302795,0.9763500690460205,0.4892967641353607,0.6361961364746094,-0.20333319902420044,0.9638009071350098,0.5857287049293518,0.5925211906433105,-0.14418083429336548,0.9720462560653687,0.4912272095680237,0.6236783862113953,-0.1639290302991867,0.9577539563179016,0.5528457760810852,0.5787696838378906,0.005897362716495991,0.9998112320899963,0.5077386498451233,0.5818946957588196,-0.006041293498128653,0.9997520446777344,0.5614727139472961,0.7458827495574951,0.009445053525269032,0.9944435954093933,0.5147479176521301,0.7451346516609192,0.006844299379736185,0.995394229888916,0.5696625113487244,0.879321813583374,0.1525295376777649,0.9942009449005127,0.5218971371650696,0.8810897469520569,0.16012148559093475,0.9932875037193298,0.5644649863243103,0.893085777759552,0.15972717106342316,0.9252592325210571,0.5260781049728394,0.8913976550102234,0.16930675506591797,0.8655232191085815,0.5820037722587585,0.9374778866767883,0.04805011302232742,0.9906710386276245,0.5231372117996216,0.9380100965499878,0.05911922827363014,0.9894216060638428
20266.666666666646,0.5248563289642334,0.3005085587501526,-0.2920478880405426,0.9999952912330627,0.5289368033409119,0.28665390610694885,-0.27911970019340515,0.9999781847000122,0.5324578285217285,0.28626155853271484,-0.2791190445423126,0.9999784231185913,0.5356687903404236,0.28596264123916626,-0.279092013835907,0.9999755024909973,0.5191280245780945,0.2880992591381073,-0.27975425124168396,0.9999736547470093,0.5160945057868958,0.28911706805229187,-0.27977874875068665,0.9999741315841675,0.5136206150054932,0.29001620411872864,-0.2797744572162628,0.9999704360961914,0.5399935841560364,0.2920364439487457,-0.18623532354831696,0.999945342540741,0.5103626847267151,0.29819002747535706,-0.19031445682048798,0.9999406933784485,0.531823992729187,0.31608909368515015,-0.25639808177948,0.9999922513961792,0.5191163420677185,0.3174121379852295,-0.2576121985912323,0.9999915957450867,0.566917359828949,0.37946823239326477,-0.11036958545446396,0.9999863505363464,0.4919132888317108,0.3885338306427002,-0.11981461942195892,0.999974250793457,0.5829365253448486,0.48127955198287964,-0.06346619874238968,0.9924268126487732,0.48349902033805847,0.49804869294166565,-0.074271060526371,0.9877433776855469,0.5910638570785522,0.5624251365661621,-0.15371616184711456,0.9902347922325134,0.48210516571998596,0.6004681587219238,-0.13982172310352325,0.9820221066474915,0.5889624357223511,0.5918708443641663,-0.1817944496870041,0.9745451211929321,0.48364415764808655,0.6358494162559509,-0.16503290832042694,0.9616402983665466,0.5827941298484802,0.5866824388504028,-0.20910367369651794,0.9771071672439575,0.49100691080093384,0.6343705654144287,-0.19030386209487915,0.9641271233558655,0.5815380811691284,0.5777020454406738,-0.1660608947277069,0.9727405309677124,0.4928070604801178,0.6223741173744202,-0.1507188230752945,0.9580845236778259,0.552836000919342,0.5794023275375366,0.006029870826750994,0.9998185634613037,0.5079487562179565,0.5822931528091431,-0.006166181061416864,0.9997604489326477,0.5616231560707092,0.7457671761512756,0.009329786524176598,0.9943525791168213,0.5148381590843201,0.7437329888343811,0.008224345743656158,0.9951221346855164,0.5698375701904297,0.8801084160804749,0.14114759862422943,0.9941644072532654,0.5219973921775818,0.8803600072860718,0.16184954345226288,0.9929759502410889,0.5646553635597229,0.8939254283905029,0.14742526412010193,0.9250691533088684,0.5261470079421997,0.8911048769950867,0.17090333998203278,0.8626160025596619,0.5821514129638672,0.937468945980072,0.0358559675514698,0.9906349778175354,0.5233046412467957,0.9373641610145569,0.061338912695646286,0.989093005657196
20299.999999999978,0.5256502628326416,0.29798415303230286,-0.29663988947868347,0.9999956488609314,0.5296128988265991,0.2843066453933716,-0.28452062606811523,0.9999799132347107,0.53322833776474,0.28419601917266846,-0.2845174968242645,0.999980092048645,0.5363719463348389,0.2841009795665741,-0.2844947874546051,0.9999773502349854,0.5196512937545776,0.28593504428863525,-0.2839289605617523,0.9999756813049316,0.5165959596633911,0.28697770833969116,-0.28395169973373413,0.9999760985374451,0.5140673518180847,0.2880678176879883,-0.2839459776878357,0.9999727010726929,0.5405665636062622,0.29066139459609985,-0.19364936649799347,0.9999493956565857,0.5108592510223389,0.2972858250141144,-0.19224286079406738,0.9999454021453857,0.5328913331031799,0.3140670359134674,-0.2617107331752777,0.999992847442627,0.5198168158531189,0.3154294490814209,-0.2613767385482788,0.9999922513961792,0.5682353377342224,0.37967854738235474,-0.1188250407576561,0.9999870657920837,0.4924740195274353,0.3885568380355835,-0.120084248483181,0.9999750256538391,0.5857689380645752,0.4818249046802521,-0.09541213512420654,0.9926303029060364,0.4834749102592468,0.4979730248451233,-0.07734224200248718,0.9880598783493042,0.5868862271308899,0.5556948184967041,-0.2123393416404724,0.9906043410301208,0.483442485332489,0.5992178320884705,-0.1458391696214676,0.9821838736534119,0.581451952457428,0.5849943161010742,-0.2448412925004959,0.9755025506019592,0.4854920506477356,0.6337578892707825,-0.16797305643558502,0.9619624614715576,0.5765076279640198,0.5785800218582153,-0.2685522735118866,0.9778771996498108,0.4930364191532135,0.6325162053108215,-0.19567321240901947,0.9642917513847351,0.5763816833496094,0.5681638717651367,-0.22323791682720184,0.9733592867851257,0.4946906268596649,0.6211230158805847,-0.15707789361476898,0.9581462740898132,0.5527970194816589,0.5793883204460144,0.006025903392583132,0.9998244047164917,0.508250892162323,0.5822558403015137,-0.006162112113088369,0.9997682571411133,0.5619431734085083,0.7457305788993835,0.008537991903722286,0.9943288564682007,0.5152051448822021,0.7435759902000427,0.0068169254809618,0.9950785040855408,0.5700178742408752,0.8805023431777954,0.14304058253765106,0.9941326975822449,0.5222420692443848,0.8803730607032776,0.1566413789987564,0.9928447604179382,0.5648467540740967,0.8944129347801208,0.1500156670808792,0.9248390793800354,0.5265220999717712,0.8911545276641846,0.1652626097202301,0.8600001335144043,0.5822525024414062,0.9374622106552124,0.0405208021402359,0.9905401468276978,0.5235134363174438,0.937302827835083,0.056625526398420334,0.9888778328895569
20333.33333333331,0.5261396765708923,0.29607337713241577,-0.29358693957328796,0.999995768070221,0.530335545539856,0.2824012041091919,-0.280975878238678,0.9999809861183167,0.5340097546577454,0.2825965881347656,-0.28097665309906006,0.9999809861183167,0.5371339321136475,0.28263232111930847,-0.28096044063568115,0.9999784231185913,0.5202190279960632,0.2840156853199005,-0.27981001138687134,0.9999770522117615,0.5171367526054382,0.28503063321113586,-0.2798314094543457,0.9999774098396301,0.514546811580658,0.2861092984676361,-0.27983254194259644,0.9999743700027466,0.5415806174278259,0.289750337600708,-0.18920160830020905,0.9999515414237976,0.5117162466049194,0.29581838846206665,-0.1840728223323822,0.9999489784240723,0.5335468649864197,0.31262442469596863,-0.2585166394710541,0.9999932050704956,0.5202800035476685,0.31387683749198914,-0.257142573595047,0.9999927282333374,0.5703223347663879,0.3805483281612396,-0.11383232474327087,0.9999861717224121,0.49352771043777466,0.388454794883728,-0.11612825840711594,0.9999748468399048,0.5879989862442017,0.48256808519363403,-0.1015143170952797,0.9919877648353577,0.4835396111011505,0.4976537525653839,-0.07952918857336044,0.9878112077713013,0.5795772075653076,0.5481952428817749,-0.22313646972179413,0.9891476631164551,0.4866037964820862,0.5963338017463684,-0.15114083886146545,0.9810788631439209,0.5723142623901367,0.5765455961227417,-0.25589612126350403,0.972652018070221,0.4888731837272644,0.6290376782417297,-0.17997032403945923,0.9599145650863647,0.567311704158783,0.5674865245819092,-0.27649444341659546,0.9748901724815369,0.4966062605381012,0.6275213360786438,-0.20200881361961365,0.9620992541313171,0.5678962469100952,0.5575074553489685,-0.2331973761320114,0.9691848754882812,0.4986019432544708,0.6164993643760681,-0.16023094952106476,0.9553282260894775,0.5527977347373962,0.5793859958648682,0.006011791992932558,0.9998263716697693,0.5083029866218567,0.582265317440033,-0.006149177439510822,0.9997719526290894,0.5624832510948181,0.7456864714622498,0.0036291303113102913,0.9944238662719727,0.5152063965797424,0.7435720562934875,0.005314395297318697,0.9951798319816589,0.5701959133148193,0.8805660605430603,0.14772279560565948,0.9942275881767273,0.5222428441047668,0.8804079294204712,0.15675269067287445,0.9929910898208618,0.5651171803474426,0.8946739435195923,0.15601161122322083,0.9247962236404419,0.526696503162384,0.8912292718887329,0.16550898551940918,0.8612048029899597,0.5822924971580505,0.9373728632926941,0.04231126233935356,0.9906245470046997,0.5234764814376831,0.9372721314430237,0.056599847972393036,0.9890819191932678
20366.666666666642,0.5263408422470093,0.2941393256187439,-0.27113059163093567,0.9999958872795105,0.5307160019874573,0.2802554666996002,-0.25823137164115906,0.9999820590019226,0.5343710780143738,0.2804897427558899,-0.2582417130470276,0.9999819397926331,0.5376291871070862,0.2806251049041748,-0.2582280933856964,0.999979555606842,0.5205879807472229,0.28203365206718445,-0.2567436993122101,0.9999783635139465,0.5174529552459717,0.28303149342536926,-0.25674596428871155,0.9999786019325256,0.5149032473564148,0.28410273790359497,-0.2567398250102997,0.9999758005142212,0.5423593521118164,0.2884480357170105,-0.16716966032981873,0.999954104423523,0.5124305486679077,0.2939935326576233,-0.1601078361272812,0.9999521970748901,0.5338137745857239,0.3110980987548828,-0.23648199439048767,0.999993622303009,0.5205543637275696,0.3123665452003479,-0.2345120757818222,0.9999932050704956,0.5714700222015381,0.3809032440185547,-0.09707264602184296,0.9999862313270569,0.49445489048957825,0.38812345266342163,-0.09354374557733536,0.9999744296073914,0.589718222618103,0.48231393098831177,-0.10184958577156067,0.9919705986976624,0.4836455285549164,0.4959706664085388,-0.058974239975214005,0.9871101975440979,0.5789474248886108,0.5323221683502197,-0.24179457128047943,0.9889690279960632,0.48871877789497375,0.5924782156944275,-0.13922013342380524,0.9794456958770752,0.5698444843292236,0.5547172427177429,-0.2779735028743744,0.972415030002594,0.4910599887371063,0.624727189540863,-0.16829842329025269,0.9569928050041199,0.5654929280281067,0.5437156558036804,-0.295754611492157,0.9744990468025208,0.49931392073631287,0.621573805809021,-0.1896595060825348,0.9590147733688354,0.5663954615592957,0.5367570519447327,-0.25101906061172485,0.968183696269989,0.5011566281318665,0.6109779477119446,-0.14859741926193237,0.9514136910438538,0.552794873714447,0.579700767993927,0.005834468174725771,0.9998289942741394,0.5083895921707153,0.5822582244873047,-0.005970923230051994,0.9997732043266296,0.5629252791404724,0.7456541657447815,0.0038015609607100487,0.9944471120834351,0.5153013467788696,0.7436167001724243,0.006973825395107269,0.9952067732810974,0.5702490210533142,0.8806151151657104,0.15624631941318512,0.9942032098770142,0.5221812129020691,0.8807492852210999,0.162226140499115,0.9930041432380676,0.5652099847793579,0.8947749733924866,0.16529911756515503,0.9232907891273499,0.5267356038093567,0.8918081521987915,0.171513631939888,0.8613104224205017,0.5821791291236877,0.9372929334640503,0.050835467875003815,0.9904758334159851,0.5234771966934204,0.9372223019599915,0.06191091611981392,0.9890927076339722
20399.999999999975,0.5268779993057251,0.29327279329299927,-0.2841476798057556,0.9999960660934448,0.5315649509429932,0.2793886065483093,-0.27107730507850647,0.9999832510948181,0.535215437412262,0.27972471714019775,-0.271083265542984,0.9999830722808838,0.5384733080863953,0.2799237072467804,-0.27107366919517517,0.9999808669090271,0.5214158296585083,0.280885249376297,-0.26962125301361084,0.9999797940254211,0.5181853771209717,0.2817934453487396,-0.2696318030357361,0.9999799132347107,0.5156290531158447,0.282681405544281,-0.26962533593177795,0.9999772906303406,0.5433267951011658,0.2880382835865021,-0.177619069814682,0.9999570250511169,0.5134215950965881,0.29255953431129456,-0.1706184297800064,0.9999554753303528,0.5343229174613953,0.31035712361335754,-0.24865767359733582,0.9999939799308777,0.5211638808250427,0.3114373981952667,-0.24678896367549896,0.999993622303009,0.5728371739387512,0.38159263134002686,-0.10462665557861328,0.9999864101409912,0.4952456057071686,0.38811054825782776,-0.09877832978963852,0.9999734163284302,0.5902117490768433,0.4818655550479889,-0.12066365033388138,0.992168664932251,0.48387330770492554,0.4940195679664612,-0.06265817582607269,0.9866015315055847,0.5727984309196472,0.520872175693512,-0.27368080615997314,0.9892814755439758,0.4906141459941864,0.586851954460144,-0.14274342358112335,0.9775623083114624,0.5632716417312622,0.53645259141922,-0.3110004961490631,0.9730756282806396,0.4943242073059082,0.6191321611404419,-0.17055533826351166,0.9533710479736328,0.5587145686149597,0.5228414535522461,-0.32594239711761475,0.9749866724014282,0.5025004744529724,0.6152912378311157,-0.19214388728141785,0.9551987648010254,0.560124933719635,0.5169776678085327,-0.2817133665084839,0.9682636260986328,0.5032401084899902,0.6047134399414062,-0.15218935906887054,0.946616530418396,0.5527974963188171,0.5794990062713623,0.0054542445577681065,0.9998267292976379,0.5085350275039673,0.5804174542427063,-0.005595780909061432,0.9997694492340088,0.5635778307914734,0.7449969053268433,0.0022458236198872328,0.9944171905517578,0.5153830647468567,0.7433087229728699,0.005515838973224163,0.9952364563941956,0.5714214444160461,0.8806649446487427,0.1401841640472412,0.9942348599433899,0.5219737887382507,0.881252110004425,0.14689047634601593,0.9930168986320496,0.5660905241966248,0.8954046368598938,0.14704442024230957,0.9233348965644836,0.5265802145004272,0.8932415843009949,0.15430094301700592,0.8602616786956787,0.5829295516014099,0.9372701644897461,0.030957134440541267,0.9903988242149353,0.523478090763092,0.9373102188110352,0.042349837720394135,0.9890343546867371
20433.333333333307,0.5273558497428894,0.29320228099823,-0.27062782645225525,0.9999959468841553,0.5321429967880249,0.279118150472641,-0.25749191641807556,0.9999836087226868,0.5357494354248047,0.2793319523334503,-0.257504940032959,0.9999834299087524,0.539081335067749,0.2794703245162964,-0.25749313831329346,0.9999812245368958,0.5220271348953247,0.2807106673717499,-0.255359023809433,0.9999803304672241,0.5188307762145996,0.28154897689819336,-0.2553613483905792,0.9999802112579346,0.5163605809211731,0.28234222531318665,-0.2553630471229553,0.999977707862854,0.5439563989639282,0.2875077426433563,-0.16511201858520508,0.9999575614929199,0.5145445466041565,0.2917725741863251,-0.1545058637857437,0.9999570250511169,0.5348014831542969,0.3097918927669525,-0.23555658757686615,0.9999940991401672,0.5218237042427063,0.31099408864974976,-0.23255227506160736,0.9999937415122986,0.5741928219795227,0.38147100806236267,-0.09393640607595444,0.9999857544898987,0.49626603722572327,0.3879651725292206,-0.08482847362756729,0.9999726414680481,0.5909398794174194,0.48180660605430603,-0.12119784206151962,0.9919199347496033,0.48398303985595703,0.49314072728157043,-0.04984498396515846,0.9862092137336731,0.5733969211578369,0.5068008899688721,-0.2917822599411011,0.9892248511314392,0.4918409585952759,0.5821467638015747,-0.13063651323318481,0.9765283465385437,0.5634587407112122,0.5187433362007141,-0.33080071210861206,0.9731805324554443,0.49661770462989807,0.6130696535110474,-0.15726442635059357,0.9512821435928345,0.559266984462738,0.5044025182723999,-0.34435421228408813,0.9749878644943237,0.5043324828147888,0.6078771948814392,-0.17745216190814972,0.9528646469116211,0.5605331659317017,0.49974778294563293,-0.29975441098213196,0.9675869345664978,0.5044180154800415,0.5985156893730164,-0.13924117386341095,0.9432734251022339,0.5528978705406189,0.5797675251960754,0.005502957385033369,0.9998223781585693,0.5086619853973389,0.5804266333580017,-0.005648588761687279,0.9997631907463074,0.5641738772392273,0.7450042366981506,0.0018686630064621568,0.9943382740020752,0.5155486464500427,0.7433090209960938,0.004696484189480543,0.9953274726867676,0.5717524886131287,0.8812973499298096,0.141542449593544,0.9942988157272339,0.5215436816215515,0.881195604801178,0.14889152348041534,0.993098795413971,0.5663617849349976,0.8967435359954834,0.14875048398971558,0.9243882298469543,0.5262600183486938,0.8932504057884216,0.15690593421459198,0.8608512282371521,0.5837646722793579,0.9373111724853516,0.033326540142297745,0.9904060959815979,0.5234048366546631,0.937242329120636,0.045345548540353775,0.9891125559806824
20466.66666666664,0.5283113121986389,0.2937276363372803,-0.26480090618133545,0.9999960660934448,0.5329777598381042,0.27955320477485657,-0.2513410449028015,0.999984622001648,0.5365191698074341,0.27970218658447266,-0.2513597309589386,0.9999844431877136,0.5397513508796692,0.2797851264476776,-0.2513525187969208,0.9999824166297913,0.5231378078460693,0.28110435605049133,-0.2493489384651184,0.9999814629554749,0.5201238989830017,0.2818838059902191,-0.24933834373950958,0.999981164932251,0.5175846815109253,0.2826208472251892,-0.24933114647865295,0.9999787211418152,0.5446563959121704,0.2876230478286743,-0.15490971505641937,0.99996018409729,0.5159265398979187,0.2916775345802307,-0.14500945806503296,0.9999595284461975,0.5354344248771667,0.31010791659355164,-0.22799848020076752,0.9999944567680359,0.5228330492973328,0.3112858235836029,-0.22520692646503448,0.9999940991401672,0.5748285055160522,0.3810019791126251,-0.08011901378631592,0.9999864101409912,0.4974755644798279,0.3874094784259796,-0.07039832323789597,0.9999731183052063,0.5922152400016785,0.48152297735214233,-0.12038205564022064,0.9922824501991272,0.4842682480812073,0.4914873540401459,-0.03156503289937973,0.9861655235290527,0.5756804347038269,0.4945467412471771,-0.31723451614379883,0.989931046962738,0.4927626848220825,0.5772521495819092,-0.11534059047698975,0.9765094518661499,0.5676593780517578,0.5019199252128601,-0.3599385917186737,0.974858820438385,0.4980167746543884,0.6057143807411194,-0.14107228815555573,0.95096755027771,0.5643534064292908,0.4860527813434601,-0.37114256620407104,0.9765287041664124,0.5053941011428833,0.6006508469581604,-0.16170865297317505,0.9523656368255615,0.5644823312759399,0.48332497477531433,-0.32472464442253113,0.9691644310951233,0.5051035284996033,0.5920932292938232,-0.12393099814653397,0.9419440627098083,0.5530892610549927,0.579671323299408,0.005933500360697508,0.999821126461029,0.5090039968490601,0.5801049470901489,-0.006078626494854689,0.9997591376304626,0.564641535282135,0.7450331449508667,-0.0008700842154212296,0.9941951036453247,0.5160728693008423,0.7433059811592102,0.00030399367096833885,0.9953787326812744,0.5720498561859131,0.8817398548126221,0.1369156539440155,0.9943589568138123,0.5214458107948303,0.8811684250831604,0.14426559209823608,0.9931562542915344,0.5665608644485474,0.8974387049674988,0.14400582015514374,0.9263272285461426,0.5261962413787842,0.8934935927391052,0.15210142731666565,0.8621971011161804,0.5845094919204712,0.937443733215332,0.025489848107099533,0.9904817342758179,0.5237180590629578,0.9372241497039795,0.037448231130838394,0.9891782999038696
20499.99999999997,0.5286303758621216,0.29396557807922363,-0.27308759093284607,0.9999961853027344,0.5333279967308044,0.27986112236976624,-0.2605138123035431,0.9999854564666748,0.536868155002594,0.2799936532974243,-0.2605302035808563,0.9999853372573853,0.5401374101638794,0.28004780411720276,-0.26052209734916687,0.9999834299087524,0.5236855745315552,0.28137290477752686,-0.2582698464393616,0.9999823570251465,0.5207738876342773,0.28214094042778015,-0.25826144218444824,0.9999818801879883,0.5182917714118958,0.28286266326904297,-0.2582588493824005,0.9999793767929077,0.5452327132225037,0.2877085208892822,-0.16408206522464752,0.9999624490737915,0.5168980956077576,0.2915412485599518,-0.1523866206407547,0.9999617338180542,0.5356537699699402,0.3103187084197998,-0.23581886291503906,0.9999948143959045,0.5233665108680725,0.3115125000476837,-0.23260369896888733,0.9999944567680359,0.5758110880851746,0.3788878321647644,-0.08364491909742355,0.9999872446060181,0.4986925423145294,0.3858882486820221,-0.07400082796812057,0.9999741315841675,0.5958842039108276,0.48094409704208374,-0.13260120153427124,0.9927433729171753,0.48485273122787476,0.490884393453598,-0.029711173847317696,0.9863739609718323,0.5800907611846924,0.48174652457237244,-0.3446430563926697,0.9907135963439941,0.49552014470100403,0.5732967257499695,-0.11033879965543747,0.9771755337715149,0.5689069032669067,0.4887383282184601,-0.388979971408844,0.9767218232154846,0.5003740787506104,0.6029257774353027,-0.1347937285900116,0.9519441723823547,0.566161572933197,0.4740418791770935,-0.39873507618904114,0.9782540202140808,0.5077279210090637,0.5984895825386047,-0.15581420063972473,0.9531612396240234,0.5685828328132629,0.4704456031322479,-0.35171812772750854,0.9711185097694397,0.5078209042549133,0.5900607109069824,-0.11869791895151138,0.9422526359558105,0.5542505979537964,0.579895555973053,0.007276920136064291,0.9998207092285156,0.5101425051689148,0.5798779726028442,-0.007417332846671343,0.9997560381889343,0.5651033520698547,0.7450448870658875,0.006645685993134975,0.9940217137336731,0.5169174671173096,0.7433268427848816,0.0009779048850759864,0.9954743981361389,0.572054922580719,0.8820967674255371,0.1524786353111267,0.9944189786911011,0.5213201642036438,0.8811705708503723,0.1516859382390976,0.9932736754417419,0.5665558576583862,0.8978171348571777,0.1604469120502472,0.9287719130516052,0.525964081287384,0.8936406373977661,0.16038276255130768,0.8649728298187256,0.5850750803947449,0.9377052187919617,0.038384679704904556,0.9905865788459778,0.5237491726875305,0.9372662305831909,0.03867994621396065,0.9893420934677124
20533.333333333303,0.5288316607475281,0.2943205237388611,-0.2708981931209564,0.9999964237213135,0.533434271812439,0.2799842953681946,-0.25797027349472046,0.9999865889549255,0.5370162129402161,0.2800942659378052,-0.2579894959926605,0.999986469745636,0.5403531193733215,0.28019043803215027,-0.2579830288887024,0.9999847412109375,0.5239261984825134,0.281577467918396,-0.25541529059410095,0.9999836087226868,0.5210996866226196,0.2823215126991272,-0.2553996741771698,0.999983012676239,0.5186984539031982,0.2830110192298889,-0.2553931176662445,0.9999805688858032,0.5457277894020081,0.2877734899520874,-0.15748310089111328,0.999965488910675,0.5175283551216125,0.2916237413883209,-0.14441969990730286,0.9999645948410034,0.5359651446342468,0.31040459871292114,-0.23187455534934998,0.999995231628418,0.5239375233650208,0.3115690052509308,-0.22820931673049927,0.9999948740005493,0.5764188170433044,0.37721288204193115,-0.07121715694665909,0.9999882578849792,0.4993341863155365,0.3844614028930664,-0.06448595225811005,0.9999754428863525,0.5973489880561829,0.48080942034721375,-0.12491534650325775,0.9932398796081543,0.4854930639266968,0.4897201955318451,-0.018949806690216064,0.9866175055503845,0.5838224291801453,0.47938576340675354,-0.34421759843826294,0.9915047287940979,0.4989509880542755,0.569536566734314,-0.10234243422746658,0.9779220223426819,0.5723077654838562,0.48422542214393616,-0.3902997672557831,0.9786303043365479,0.5027122497558594,0.5987911820411682,-0.127363920211792,0.9530837535858154,0.5720021724700928,0.46739065647125244,-0.40038636326789856,0.9800319075584412,0.5098907351493835,0.5940537452697754,-0.14862626791000366,0.9541423916816711,0.5741208791732788,0.4639529287815094,-0.3516927659511566,0.9732579588890076,0.5103282332420349,0.5853966474533081,-0.11078540235757828,0.9428533315658569,0.5550805330276489,0.5797392725944519,0.009562737308442593,0.999823272228241,0.5108530521392822,0.5791912078857422,-0.009688482619822025,0.9997557401657104,0.5652020573616028,0.7450291514396667,0.006548486649990082,0.9938374757766724,0.517342209815979,0.7433387041091919,-0.0034362918231636286,0.995580792427063,0.5722669363021851,0.8823893070220947,0.16010047495365143,0.9944741725921631,0.5207918882369995,0.8815029859542847,0.15171410143375397,0.9934309720993042,0.5667220950126648,0.8979676365852356,0.1689578890800476,0.9313552975654602,0.5249083042144775,0.8942147493362427,0.16079464554786682,0.8686817288398743,0.5855110883712769,0.9377849698066711,0.046596135944128036,0.9906884431838989,0.5241963863372803,0.9373595714569092,0.04188604652881622,0.989557683467865
20566.666666666635,0.529030442237854,0.2964746654033661,-0.2525608241558075,0.999996542930603,0.5336019992828369,0.28167489171028137,-0.23983757197856903,0.9999873638153076,0.5371837615966797,0.281475305557251,-0.2398596554994583,0.9999872446060181,0.5405951142311096,0.2812741994857788,-0.2398548573255539,0.9999855756759644,0.5243262052536011,0.2829360365867615,-0.23677723109722137,0.9999844431877136,0.5215840935707092,0.28356748819351196,-0.23675437271595,0.9999836683273315,0.5193181037902832,0.28419169783592224,-0.2367398738861084,0.9999812245368958,0.5460906624794006,0.28815072774887085,-0.142135351896286,0.999967634677887,0.5182986855506897,0.29223519563674927,-0.1268528550863266,0.999966561794281,0.5360769033432007,0.3121163249015808,-0.2145332396030426,0.9999955296516418,0.5243958830833435,0.31304699182510376,-0.2101365029811859,0.9999951720237732,0.576288104057312,0.37510672211647034,-0.06208702176809311,0.9999890327453613,0.5003343820571899,0.38384300470352173,-0.04546888917684555,0.999976396560669,0.5967620611190796,0.47628745436668396,-0.12415847927331924,0.993594229221344,0.4865494668483734,0.48911967873573303,-0.0006874508690088987,0.9870125651359558,0.5856134295463562,0.4787762761116028,-0.32937949895858765,0.9921824932098389,0.5049229264259338,0.5622116923332214,-0.08871432393789291,0.9791022539138794,0.5765811204910278,0.486592561006546,-0.3756182789802551,0.9803047180175781,0.5081117153167725,0.5913820266723633,-0.11474939435720444,0.9553125500679016,0.5759508609771729,0.4701317250728607,-0.38756707310676575,0.9815914630889893,0.5155487060546875,0.5845174789428711,-0.1347377896308899,0.9562491774559021,0.5768860578536987,0.46633410453796387,-0.3375439941883087,0.9751145839691162,0.5159580707550049,0.5747642517089844,-0.09667844325304031,0.9449805021286011,0.5563186407089233,0.5781412124633789,0.007234806660562754,0.9998219013214111,0.5119935870170593,0.5782269239425659,-0.0073137045837938786,0.9997512698173523,0.5652612447738647,0.7448743581771851,-0.006799580063670874,0.9938244223594666,0.51801598072052,0.7437421679496765,-0.007296890486031771,0.9956411123275757,0.5723539590835571,0.8825563192367554,0.13686217367649078,0.9945369362831116,0.5205988883972168,0.8816583752632141,0.13890370726585388,0.9935023188591003,0.5667917132377625,0.8980014324188232,0.14455287158489227,0.9328859448432922,0.5244766473770142,0.8945367336273193,0.14690513908863068,0.8708451390266418,0.5854527950286865,0.9377648830413818,0.0228477381169796,0.9907163977622986,0.5244157314300537,0.9373669028282166,0.02857491374015808,0.98958420753479
20599.999999999967,0.5294944047927856,0.29848742485046387,-0.24194453656673431,0.9999963045120239,0.5341875553131104,0.28351888060569763,-0.22978372871875763,0.9999870657920837,0.5377859473228455,0.28312262892723083,-0.2298048585653305,0.9999868869781494,0.5412552356719971,0.28268545866012573,-0.22979970276355743,0.9999851584434509,0.5249180793762207,0.28446730971336365,-0.22668732702732086,0.999984085559845,0.5221485495567322,0.28495219349861145,-0.22668366134166718,0.9999830722808838,0.5199488997459412,0.28547200560569763,-0.22668145596981049,0.9999807476997375,0.5468068718910217,0.2889026999473572,-0.13550934195518494,0.9999668598175049,0.5192269682884216,0.2929591238498688,-0.12035316973924637,0.9999662637710571,0.5366313457489014,0.31386515498161316,-0.20524457097053528,0.9999953508377075,0.5250427722930908,0.31470298767089844,-0.20088240504264832,0.9999950528144836,0.5766622424125671,0.3752458095550537,-0.05935440957546234,0.9999885559082031,0.501975417137146,0.3830636739730835,-0.045416899025440216,0.9999756813049316,0.5963799357414246,0.47585052251815796,-0.09748591482639313,0.9931698441505432,0.48873522877693176,0.48904481530189514,-0.018545474857091904,0.986668050289154,0.5831494927406311,0.48912206292152405,-0.32701459527015686,0.9921514391899109,0.5094115734100342,0.554880678653717,-0.11369885504245758,0.9794098138809204,0.5770126581192017,0.49785709381103516,-0.3471567928791046,0.9805242419242859,0.5129741430282593,0.5852279663085938,-0.14859670400619507,0.956159770488739,0.5777761340141296,0.48122185468673706,-0.3609715402126312,0.9817857146263123,0.5204543471336365,0.5772138237953186,-0.16475960612297058,0.9569888114929199,0.5772639513015747,0.47754600644111633,-0.3311811685562134,0.9749566912651062,0.5205940008163452,0.5670258402824402,-0.12028225511312485,0.9453386664390564,0.5569554567337036,0.5768928527832031,0.004063278902322054,0.9998120665550232,0.5129300951957703,0.5775614380836487,-0.004132980480790138,0.999739944934845,0.5652733445167542,0.7446150183677673,-0.01612675189971924,0.9937133193016052,0.5186384916305542,0.7444692254066467,-0.007972720079123974,0.9955642819404602,0.5723482966423035,0.8825782537460327,0.11747671663761139,0.9944935441017151,0.5204892754554749,0.8817061185836792,0.12761498987674713,0.9934139847755432,0.5668672919273376,0.8979887962341309,0.12407795339822769,0.9328514337539673,0.5244730114936829,0.8946201801300049,0.13473288714885712,0.8711063265800476,0.5851860046386719,0.9376344680786133,0.004745575599372387,0.9905509352684021,0.5243424773216248,0.9369729161262512,0.019367454573512077,0.9893638491630554
20633.3333333333,0.5296599268913269,0.2992260158061981,-0.2266513556241989,0.9999963045120239,0.53449946641922,0.2842152714729309,-0.21389533579349518,0.9999874234199524,0.538094162940979,0.28378012776374817,-0.21391931176185608,0.9999872446060181,0.5415982007980347,0.2832806706428528,-0.2139122486114502,0.9999855756759644,0.5253689289093018,0.2850359082221985,-0.21078793704509735,0.9999844431877136,0.5226747989654541,0.2854628264904022,-0.2107781618833542,0.9999832510948181,0.5205302834510803,0.2859356105327606,-0.21075987815856934,0.9999809861183167,0.547354519367218,0.289321631193161,-0.11993174254894257,0.9999679327011108,0.5200623273849487,0.2933120131492615,-0.1048533245921135,0.999967098236084,0.5367834568023682,0.3145058751106262,-0.19049957394599915,0.9999954104423523,0.5252876877784729,0.315224289894104,-0.1861269623041153,0.9999951124191284,0.5771859288215637,0.3750748336315155,-0.04912276193499565,0.999988853931427,0.5032742619514465,0.38279926776885986,-0.033974193036556244,0.9999748468399048,0.5958184599876404,0.47192835807800293,-0.09432341158390045,0.9932495951652527,0.48978012800216675,0.4889610707759857,-0.025561582297086716,0.9864976406097412,0.5878986120223999,0.4805809259414673,-0.302482545375824,0.9926015734672546,0.512634813785553,0.5463972091674805,-0.14942844212055206,0.9799531102180481,0.5836951732635498,0.49615395069122314,-0.3433975875377655,0.9816998839378357,0.5190894603729248,0.5761691331863403,-0.18378318846225739,0.9574377536773682,0.5805709958076477,0.484299898147583,-0.35831108689308167,0.9828901290893555,0.5260953307151794,0.5668925642967224,-0.19899486005306244,0.9581458568572998,0.579645037651062,0.4787432551383972,-0.3107350170612335,0.9762071967124939,0.5252538323402405,0.5562027096748352,-0.1565314382314682,0.9462487697601318,0.558212161064148,0.5759636759757996,0.0029175884556025267,0.9998056888580322,0.5149865746498108,0.5771322250366211,-0.002974793082103133,0.9997298717498779,0.5654581785202026,0.7429923415184021,-0.014200699515640736,0.9936239123344421,0.5194301009178162,0.744011402130127,-0.007327839732170105,0.9954861402511597,0.5723862051963806,0.8824677467346191,0.11408855020999908,0.9944552183151245,0.5207503437995911,0.8810986280441284,0.12445494532585144,0.9933317303657532,0.5670374035835266,0.897934079170227,0.12004852294921875,0.9335167407989502,0.5248225927352905,0.8945077657699585,0.13104276359081268,0.8716580867767334,0.5852680802345276,0.9375219941139221,0.0018071080558001995,0.9904124140739441,0.5244068503379822,0.9365083575248718,0.01694209687411785,0.9891334772109985
20666.66666666663,0.529690682888031,0.29934191703796387,-0.24465788900852203,0.9999960064888,0.534631609916687,0.2842951714992523,-0.23204366862773895,0.9999873638153076,0.5382184386253357,0.28386420011520386,-0.23206071555614471,0.9999870657920837,0.5417349934577942,0.2833636999130249,-0.23205669224262238,0.99998539686203,0.5256152749061584,0.28511443734169006,-0.22906632721424103,0.9999844431877136,0.5230247378349304,0.2855595052242279,-0.2290700078010559,0.9999831914901733,0.5209505558013916,0.28604230284690857,-0.22905775904655457,0.9999810457229614,0.5477476119995117,0.2894362211227417,-0.13734988868236542,0.9999682307243347,0.5209179520606995,0.2933274805545807,-0.12238001823425293,0.9999675154685974,0.5368815660476685,0.314592570066452,-0.20813708007335663,0.9999951720237732,0.5254414081573486,0.315326988697052,-0.2040373533964157,0.9999948740005493,0.5783478617668152,0.3751745820045471,-0.06299487501382828,0.9999865889549255,0.5047752857208252,0.38284963369369507,-0.050039492547512054,0.9999717473983765,0.5956293344497681,0.4715731739997864,-0.09562194347381592,0.9928104281425476,0.4901207983493805,0.48840489983558655,-0.05726934224367142,0.9852824211120605,0.5837988257408142,0.4877674877643585,-0.29871994256973267,0.9918224811553955,0.5136589407920837,0.5337530970573425,-0.2059042900800705,0.9792097210884094,0.5804010033607483,0.5020138025283813,-0.33526530861854553,0.9803089499473572,0.5223023295402527,0.5558512210845947,-0.24370066821575165,0.9568394422531128,0.5796167254447937,0.48782575130462646,-0.3508523106575012,0.9815323352813721,0.528114914894104,0.542293131351471,-0.2575564682483673,0.957417368888855,0.5786346793174744,0.48222616314888,-0.30684956908226013,0.9739219546318054,0.5265864729881287,0.5343672037124634,-0.2133999466896057,0.9444797039031982,0.5592232346534729,0.5744120478630066,0.0015246287221089005,0.999792218208313,0.5165471434593201,0.5764210820198059,-0.001589933061040938,0.9997186064720154,0.5656567811965942,0.7407793402671814,-0.015376513823866844,0.9936295747756958,0.5198370218276978,0.7429993748664856,-0.006329747848212719,0.9955027103424072,0.572801947593689,0.8818230032920837,0.11310019344091415,0.9944774508476257,0.5207473039627075,0.8808444738388062,0.12375248223543167,0.9933916330337524,0.567538857460022,0.8971619009971619,0.11902420222759247,0.9342957735061646,0.5248252749443054,0.8944473266601562,0.13004407286643982,0.8727326989173889,0.5856113433837891,0.9370176792144775,-0.000363949075108394,0.9903517365455627,0.5242303609848022,0.9359515905380249,0.014509791508316994,0.9890335202217102
20699.999999999964,0.529772162437439,0.2993369698524475,-0.2385551780462265,0.9999958872795105,0.5347699522972107,0.28429216146469116,-0.2256830632686615,0.9999877214431763,0.5383127331733704,0.2838486135005951,-0.22570089995861053,0.9999874234199524,0.5418349504470825,0.28334134817123413,-0.2257065325975418,0.9999858736991882,0.5259749293327332,0.28512799739837646,-0.22256828844547272,0.9999846816062927,0.5235552787780762,0.2855761647224426,-0.22257524728775024,0.9999833106994629,0.5215460062026978,0.2860613763332367,-0.22255948185920715,0.9999811053276062,0.5480175614356995,0.28939375281333923,-0.1286056786775589,0.9999698400497437,0.5218269228935242,0.2933010160923004,-0.11322212219238281,0.9999682903289795,0.5369560718536377,0.31451061367988586,-0.2010912299156189,0.9999952912330627,0.5257579684257507,0.3152700960636139,-0.19671596586704254,0.9999948740005493,0.5799542665481567,0.3751053214073181,-0.05204843729734421,0.9999867081642151,0.5056934952735901,0.3828268051147461,-0.042735643684864044,0.9999698400497437,0.5986887216567993,0.47075140476226807,-0.1000719964504242,0.9930350184440613,0.4915759861469269,0.4877011477947235,-0.05479355528950691,0.9842289686203003,0.5842243432998657,0.47876474261283875,-0.31313759088516235,0.9922394156455994,0.5132661461830139,0.5242053866386414,-0.20358048379421234,0.979441225528717,0.5801616907119751,0.48955732583999634,-0.35906782746315,0.981260359287262,0.5232453346252441,0.541532039642334,-0.2398906648159027,0.9578123092651367,0.5780748724937439,0.4753585159778595,-0.368753582239151,0.9824143648147583,0.528437614440918,0.5269108414649963,-0.2544574439525604,0.9583117961883545,0.5776776075363159,0.4702952206134796,-0.320259153842926,0.9748818278312683,0.5267613530158997,0.5200527310371399,-0.21139506995677948,0.9450286030769348,0.5600414276123047,0.5736852884292603,0.001686559640802443,0.9997879862785339,0.5172789096832275,0.5752378702163696,-0.0017585461027920246,0.9997096657752991,0.5658013224601746,0.7398129105567932,-0.02189387008547783,0.9935439825057983,0.5201062560081482,0.7413679957389832,-0.008848917670547962,0.9953970313072205,0.5727947354316711,0.8813154697418213,0.11645909398794174,0.9943995475769043,0.520797610282898,0.8808006048202515,0.12692198157310486,0.993292510509491,0.5674759149551392,0.896435558795929,0.12356431782245636,0.9351154565811157,0.5248298048973083,0.8945834040641785,0.1340487152338028,0.8721672296524048,0.5857452154159546,0.9369839429855347,0.004326521884649992,0.9901707768440247,0.5242291688919067,0.9356045722961426,0.018053708598017693,0.9887827634811401
20733.333333333296,0.5306581854820251,0.29886507987976074,-0.21183699369430542,0.9999960064888,0.5356470942497253,0.28378376364707947,-0.1978498250246048,0.9999884366989136,0.5392154455184937,0.2833262085914612,-0.1978740692138672,0.9999881386756897,0.5426846146583557,0.2828860282897949,-0.1978679746389389,0.9999867081642151,0.5269588828086853,0.28460729122161865,-0.19513942301273346,0.99998539686203,0.5246114730834961,0.2849983870983124,-0.1951330602169037,0.9999839663505554,0.5225419402122498,0.2854197919368744,-0.19511368870735168,0.999981701374054,0.549053966999054,0.28901591897010803,-0.09848438203334808,0.9999719262123108,0.5226888060569763,0.29253655672073364,-0.08532524108886719,0.9999697804450989,0.5377073884010315,0.31404682993888855,-0.17387299239635468,0.9999955892562866,0.526623547077179,0.3147907257080078,-0.17010824382305145,0.9999951124191284,0.5813239812850952,0.37512025237083435,-0.02302674390375614,0.9999874830245972,0.5068075060844421,0.38226547837257385,-0.022387003526091576,0.9999693632125854,0.6007819771766663,0.4708075225353241,-0.09032934159040451,0.9934934973716736,0.49266907572746277,0.48489707708358765,-0.04621724784374237,0.9836954474449158,0.5868503451347351,0.47138506174087524,-0.30802831053733826,0.9928646683692932,0.5143414735794067,0.5156238079071045,-0.1925150454044342,0.980073094367981,0.5803115963935852,0.4780636727809906,-0.35596463084220886,0.982690691947937,0.5241674184799194,0.5326716899871826,-0.22950498759746552,0.9593182802200317,0.5780927538871765,0.4610208570957184,-0.36401307582855225,0.9837499260902405,0.5294353365898132,0.5190805792808533,-0.2438926100730896,0.9597365856170654,0.5780993103981018,0.4575999975204468,-0.3148680627346039,0.9766372442245483,0.5281026363372803,0.5122897028923035,-0.20035801827907562,0.9464168548583984,0.5605736970901489,0.5737539529800415,0.007015937007963657,0.9997919797897339,0.5174431800842285,0.5747700929641724,-0.007103288546204567,0.9997086524963379,0.5661301016807556,0.7399241328239441,-0.017680982127785683,0.993334174156189,0.5203399658203125,0.7412513494491577,-0.015439133159816265,0.9953101277351379,0.5727893114089966,0.8810825943946838,0.12297990918159485,0.994263768196106,0.5204993486404419,0.8810918927192688,0.12727178633213043,0.9932287931442261,0.5674009323120117,0.8959375619888306,0.13154670596122742,0.9363516569137573,0.5240009427070618,0.8954091668128967,0.1349496841430664,0.8724991083145142,0.5857994556427002,0.9370869994163513,0.009629306383430958,0.9900023937225342,0.5242278575897217,0.9355401992797852,0.016755202785134315,0.9886398315429688
20766.666666666628,0.5314376950263977,0.2978335916996002,-0.21379677951335907,0.9999961853027344,0.5365445613861084,0.2825934886932373,-0.19985932111740112,0.9999892115592957,0.5401352643966675,0.2820897400379181,-0.1998707503080368,0.9999889135360718,0.5436133146286011,0.2817605137825012,-0.19986006617546082,0.9999876022338867,0.5278955101966858,0.28369030356407166,-0.19674216210842133,0.9999862909317017,0.5255776047706604,0.284022718667984,-0.19673576951026917,0.999984860420227,0.5235138535499573,0.2843707799911499,-0.19671469926834106,0.9999827146530151,0.550030529499054,0.28815537691116333,-0.10067784041166306,0.9999740123748779,0.523637056350708,0.29114559292793274,-0.08588079363107681,0.9999716877937317,0.5384741425514221,0.3128584027290344,-0.17591221630573273,0.9999958872795105,0.5274348258972168,0.3137113153934479,-0.17173336446285248,0.9999954104423523,0.581978440284729,0.374655157327652,-0.02529546432197094,0.9999880194664001,0.5076351761817932,0.3811584413051605,-0.02068510092794895,0.999969482421875,0.6002994775772095,0.471089243888855,-0.09378419816493988,0.9939216375350952,0.49379095435142517,0.4809771478176117,-0.0422806590795517,0.9835387468338013,0.5871874690055847,0.45920267701148987,-0.3163638114929199,0.9934129118919373,0.5151388645172119,0.5094294548034668,-0.1880776733160019,0.9807400703430176,0.5797754526138306,0.4636434316635132,-0.3643415868282318,0.9839156866073608,0.5245952010154724,0.5285869836807251,-0.22452159225940704,0.9606861472129822,0.5773969888687134,0.44645988941192627,-0.3696141541004181,0.9848853349685669,0.530340850353241,0.5159281492233276,-0.23704923689365387,0.9610111117362976,0.5780446529388428,0.4447702169418335,-0.32205507159233093,0.9781086444854736,0.52875816822052,0.5087698101997375,-0.19501753151416779,0.9476442933082581,0.5612062811851501,0.5732237100601196,0.007132307160645723,0.999795138835907,0.5177030563354492,0.5729518532752991,-0.00723246717825532,0.9997096061706543,0.5662346482276917,0.7396227121353149,-0.016690781340003014,0.9932281970977783,0.5205549597740173,0.7413002252578735,-0.016528964042663574,0.9952632188796997,0.5729413628578186,0.8805519342422485,0.13263612985610962,0.9941315054893494,0.5199493169784546,0.8822551965713501,0.129307359457016,0.9932054281234741,0.5677528381347656,0.894970715045929,0.14214438199996948,0.9364802241325378,0.5228322744369507,0.8960093259811401,0.13710834085941315,0.8723477125167847,0.5858141183853149,0.9370682239532471,0.01881333440542221,0.9898263812065125,0.5241900682449341,0.935684084892273,0.017832664772868156,0.9885318279266357
20799.99999999996,0.5317485928535461,0.2973904013633728,-0.22691789269447327,0.9999964237213135,0.5368924736976624,0.2816736698150635,-0.2134074866771698,0.9999900460243225,0.5404329895973206,0.28104519844055176,-0.21342547237873077,0.9999897480010986,0.5439403057098389,0.2806641757488251,-0.21341921389102936,0.9999885559082031,0.528523862361908,0.28303512930870056,-0.2107471525669098,0.9999872446060181,0.5263217687606812,0.28335317969322205,-0.21074435114860535,0.9999858736991882,0.5243988037109375,0.2836863696575165,-0.2107286900281906,0.9999838471412659,0.5508826971054077,0.2869819104671478,-0.11614672839641571,0.9999760985374451,0.524971067905426,0.28999951481819153,-0.10042747855186462,0.9999738335609436,0.5387969613075256,0.31203755736351013,-0.1895323246717453,0.9999961853027344,0.528155505657196,0.3131047487258911,-0.1854235678911209,0.9999957084655762,0.5839012861251831,0.37492111325263977,-0.03794776275753975,0.9999883770942688,0.5089799165725708,0.3789309859275818,-0.033150140196084976,0.9999710321426392,0.5997257828712463,0.4777427315711975,-0.11175748705863953,0.9942646026611328,0.49437883496284485,0.47716882824897766,-0.05418486148118973,0.9834761023521423,0.5899875164031982,0.458055317401886,-0.3362734019756317,0.993893563747406,0.5168206095695496,0.5069505572319031,-0.20633180439472198,0.9812383651733398,0.5808109045028687,0.45586133003234863,-0.38340678811073303,0.9849799871444702,0.5256387591362,0.5279375910758972,-0.24210554361343384,0.961613118648529,0.5799286961555481,0.43679243326187134,-0.3874012231826782,0.9858728051185608,0.5321378707885742,0.5157114267349243,-0.2530510425567627,0.961799144744873,0.5811739563941956,0.43656325340270996,-0.34162887930870056,0.9793543219566345,0.5307924151420593,0.5083223581314087,-0.21270295977592468,0.9482802152633667,0.5619621276855469,0.5733069181442261,0.008217260241508484,0.9997970461845398,0.5186095237731934,0.5722343921661377,-0.00834375899285078,0.99971604347229,0.5668604373931885,0.7395787835121155,-0.006586702074855566,0.9931905269622803,0.5205519199371338,0.740879476070404,-0.014511674642562866,0.9953518509864807,0.5735484957695007,0.8802719712257385,0.14806446433067322,0.9941007494926453,0.5193553566932678,0.8825985193252563,0.13965657353401184,0.9932441115379333,0.5685235857963562,0.8944538831710815,0.15731102228164673,0.9377709031105042,0.5220101475715637,0.8960421085357666,0.14887407422065735,0.8729707598686218,0.5860163569450378,0.9368499517440796,0.035462990403175354,0.9898163676261902,0.5241477489471436,0.9356880784034729,0.02642476186156273,0.9885464310646057
20833.333333333292,0.5334587693214417,0.2957863509654999,-0.23168441653251648,0.9999966621398926,0.5384160876274109,0.27962782979011536,-0.21699269115924835,0.9999908208847046,0.5419248342514038,0.2790650427341461,-0.21698293089866638,0.9999905228614807,0.5454026460647583,0.2786923348903656,-0.21696554124355316,0.9999894499778748,0.5299307703971863,0.28150874376296997,-0.21482610702514648,0.9999881982803345,0.5275872945785522,0.28189972043037415,-0.2148384302854538,0.9999868869781494,0.52561354637146,0.2823053300380707,-0.21484556794166565,0.9999849796295166,0.5522052645683289,0.28514400124549866,-0.1214800700545311,0.9999780058860779,0.5259181261062622,0.2888329327106476,-0.10501991957426071,0.9999759793281555,0.540605902671814,0.31009557843208313,-0.1897231489419937,0.9999964833259583,0.5297138690948486,0.31161242723464966,-0.1871473789215088,0.9999960660934448,0.5858575105667114,0.3749651610851288,-0.04037996381521225,0.9999884963035583,0.5095376968383789,0.3784025013446808,-0.04278160259127617,0.9999723434448242,0.5994880795478821,0.48082107305526733,-0.1163729727268219,0.9944596290588379,0.4947730600833893,0.4774516820907593,-0.07378622144460678,0.983807384967804,0.5934334993362427,0.4555538296699524,-0.34360477328300476,0.9942792057991028,0.5200933218002319,0.5076896548271179,-0.22248812019824982,0.9816815853118896,0.5840682983398438,0.4497329294681549,-0.3914198875427246,0.9858328700065613,0.5280295014381409,0.5284667611122131,-0.2578812539577484,0.9622859954833984,0.5839642286300659,0.42955541610717773,-0.3954826891422272,0.9866690635681152,0.535461962223053,0.5167083144187927,-0.26818498969078064,0.9623323678970337,0.5851589441299438,0.4301168620586395,-0.3494228720664978,0.9803266525268555,0.5344390869140625,0.5093186497688293,-0.22826960682868958,0.9485923647880554,0.5639067888259888,0.5733661651611328,0.011739465408027172,0.9997941851615906,0.5205223560333252,0.5710917115211487,-0.011873164214193821,0.9997172355651855,0.5674539804458618,0.7396585941314697,0.003926973324269056,0.9929473400115967,0.5206615328788757,0.7395551800727844,-0.013300501741468906,0.9953650832176208,0.5735352039337158,0.8800653219223022,0.1595739722251892,0.9939766526222229,0.5182324051856995,0.8826070427894592,0.14189878106117249,0.9932235479354858,0.5684974193572998,0.8942381143569946,0.16853706538677216,0.9386911988258362,0.5199185013771057,0.8959993720054626,0.15104356408119202,0.872495710849762,0.5862012505531311,0.936762273311615,0.04754223674535751,0.9897124767303467,0.524143397808075,0.9360007643699646,0.027200013399124146,0.9884788393974304
20866.666666666624,0.5348937511444092,0.29569488763809204,-0.23444288969039917,0.9999969005584717,0.5397828221321106,0.27938273549079895,-0.22057071328163147,0.9999915361404419,0.543296217918396,0.27883657813072205,-0.22057069838047028,0.9999912977218628,0.5467583537101746,0.2784680128097534,-0.22055797278881073,0.9999902844429016,0.531287431716919,0.2812168598175049,-0.21789881587028503,0.9999890923500061,0.5288800597190857,0.2815987467765808,-0.217906191945076,0.9999878406524658,0.5268523097038269,0.2819949984550476,-0.21790681779384613,0.9999860525131226,0.5536268949508667,0.28499114513397217,-0.12389662861824036,0.9999798536300659,0.5269700884819031,0.28856343030929565,-0.10682829469442368,0.9999779462814331,0.5418033599853516,0.3100651204586029,-0.1945883333683014,0.9999967813491821,0.5309703350067139,0.31153392791748047,-0.19106878340244293,0.9999963641166687,0.5876139998435974,0.37535831332206726,-0.04233996942639351,0.9999886751174927,0.5103157162666321,0.378050297498703,-0.04341945797204971,0.9999735951423645,0.5985296368598938,0.48591217398643494,-0.12125356495380402,0.994594156742096,0.49563586711883545,0.4780280292034149,-0.07404022663831711,0.9836786985397339,0.5968774557113647,0.4568707048892975,-0.3468623459339142,0.9946380853652954,0.5220636129379272,0.5099955201148987,-0.22961635887622833,0.9817809462547302,0.5880507230758667,0.446929007768631,-0.39460819959640503,0.9866586923599243,0.5303389430046082,0.5283446907997131,-0.2656102478504181,0.9624008536338806,0.5891348719596863,0.42649728059768677,-0.3996107876300812,0.9874461889266968,0.5378863215446472,0.5157361626625061,-0.2754914164543152,0.9622941613197327,0.5903069376945496,0.42796590924263,-0.353070467710495,0.9812846779823303,0.5367298722267151,0.509110152721405,-0.23567961156368256,0.948202908039093,0.5656366348266602,0.5735659599304199,0.011271725408732891,0.9997938275337219,0.5216491222381592,0.5707615613937378,-0.011400053277611732,0.9997215270996094,0.5681341290473938,0.740908682346344,0.0024200938642024994,0.9929251670837402,0.5209824442863464,0.7395318746566772,-0.012584478594362736,0.9954475164413452,0.5735747218132019,0.8801602125167847,0.16036029160022736,0.99396812915802,0.5182990431785583,0.882603645324707,0.1476586014032364,0.993292510509491,0.5687028169631958,0.8942456841468811,0.1696215122938156,0.9398658871650696,0.5201057195663452,0.8958374857902527,0.1570233851671219,0.8730528950691223,0.5862865447998047,0.936769962310791,0.04793281480669975,0.9897379875183105,0.5244028568267822,0.936193585395813,0.032552145421504974,0.9885440468788147
20899.999999999956,0.5364372134208679,0.29585370421409607,-0.24816331267356873,0.999997079372406,0.5412623882293701,0.27944937348365784,-0.23602168262004852,0.9999921917915344,0.5448631048202515,0.2788650691509247,-0.23602589964866638,0.9999919533729553,0.5483419895172119,0.27852684259414673,-0.23602239787578583,0.9999909996986389,0.5326882004737854,0.28124988079071045,-0.23219110071659088,0.9999898672103882,0.5302524566650391,0.2816149890422821,-0.2322041243314743,0.9999886155128479,0.5281505584716797,0.2820195257663727,-0.2322150319814682,0.9999869465827942,0.5549865961074829,0.28507816791534424,-0.1377975344657898,0.9999814629554749,0.5281317234039307,0.2886531949043274,-0.11905112117528915,0.9999796152114868,0.5433657169342041,0.3101474940776825,-0.20903867483139038,0.9999970197677612,0.5324258804321289,0.3116486370563507,-0.20415782928466797,0.9999966025352478,0.589078962802887,0.3761211335659027,-0.05037667602300644,0.999988853931427,0.5107637047767639,0.3781570494174957,-0.053049035370349884,0.9999745488166809,0.598247230052948,0.48904797434806824,-0.13044090569019318,0.994671642780304,0.4968319535255432,0.47814738750457764,-0.08510039001703262,0.9834594130516052,0.5990912318229675,0.4595225155353546,-0.3564150035381317,0.9949690699577332,0.5238227248191833,0.512337863445282,-0.2440638244152069,0.9819527864456177,0.5903919339179993,0.4475647509098053,-0.4037659764289856,0.9874323606491089,0.5334153771400452,0.5281833410263062,-0.279716432094574,0.9627323746681213,0.5923994183540344,0.42734408378601074,-0.409429669380188,0.9881744980812073,0.5397654175758362,0.5147648453712463,-0.2894594967365265,0.9624861478805542,0.5935512185096741,0.4291265904903412,-0.3628022074699402,0.9821915626525879,0.5379971861839294,0.5088902711868286,-0.250033438205719,0.948112964630127,0.5673824548721313,0.5747642517089844,0.010887103155255318,0.9997933506965637,0.5225098133087158,0.5708348155021667,-0.011013803072273731,0.9997251033782959,0.568871796131134,0.742763340473175,0.0010856722947210073,0.9929360151290894,0.5214642882347107,0.7395771145820618,-0.008822367526590824,0.9955024719238281,0.5736029744148254,0.8805371522903442,0.16086509823799133,0.9939607381820679,0.5191695690155029,0.8826205730438232,0.15404340624809265,0.9933004975318909,0.5688689351081848,0.8944506049156189,0.17035670578479767,0.9407630562782288,0.520984947681427,0.8958298563957214,0.1637016236782074,0.8728340864181519,0.586314857006073,0.9369965195655823,0.048846535384655,0.9897486567497253,0.5248973965644836,0.9365575909614563,0.04053147882223129,0.9885378479957581
20933.33333333329,0.538285493850708,0.2958938777446747,-0.2776122987270355,0.9999971985816956,0.5432021617889404,0.2794693410396576,-0.265374094247818,0.9999926686286926,0.5468880534172058,0.27893245220184326,-0.26538407802581787,0.9999924898147583,0.5502849221229553,0.27862054109573364,-0.26539453864097595,0.9999915361404419,0.534360945224762,0.28130850195884705,-0.26138296723365784,0.9999904036521912,0.5319406986236572,0.2816571593284607,-0.26140111684799194,0.9999892115592957,0.5297098755836487,0.28202974796295166,-0.261408269405365,0.9999875426292419,0.5567857623100281,0.2851178050041199,-0.164568692445755,0.9999827742576599,0.5294874310493469,0.28866276144981384,-0.14614056050777435,0.9999808669090271,0.5451005697250366,0.3101906180381775,-0.23819798231124878,0.9999971985816956,0.5339438319206238,0.3116946518421173,-0.23310700058937073,0.9999967813491821,0.5903128981590271,0.376601904630661,-0.07705850154161453,0.999988853931427,0.5109719038009644,0.37823882699012756,-0.07512371987104416,0.9999744892120361,0.5981763601303101,0.4891892671585083,-0.15547364950180054,0.9946759343147278,0.4986005425453186,0.4791087508201599,-0.10912103950977325,0.9831901788711548,0.5998109579086304,0.4620448350906372,-0.3845520615577698,0.9951971173286438,0.5261889100074768,0.5130435824394226,-0.27471068501472473,0.9819234013557434,0.5910474061965942,0.4530579447746277,-0.43335455656051636,0.9879679083824158,0.5363547205924988,0.5275281071662903,-0.31284135580062866,0.9628199338912964,0.5930835008621216,0.43234872817993164,-0.4405812919139862,0.988679051399231,0.5421783328056335,0.5132421255111694,-0.32202455401420593,0.9624380469322205,0.5941593647003174,0.4335441291332245,-0.39165642857551575,0.9827483296394348,0.5403016805648804,0.5075604319572449,-0.28066930174827576,0.9475489854812622,0.5690262317657471,0.5752741098403931,0.009559419006109238,0.9997960329055786,0.5232851505279541,0.5709267854690552,-0.009686784818768501,0.9997286796569824,0.5692200064659119,0.744036078453064,-0.0027938326820731163,0.9929600358009338,0.5219359397888184,0.7396085858345032,-0.0032502643298357725,0.9955009818077087,0.5736061930656433,0.8810721039772034,0.16770532727241516,0.9938915371894836,0.5196818113327026,0.8826409578323364,0.17060519754886627,0.9931944012641907,0.5688539743423462,0.8952383995056152,0.178818017244339,0.9407282471656799,0.5220322012901306,0.8954275250434875,0.18163329362869263,0.8706876635551453,0.5863209962844849,0.9372376799583435,0.055243466049432755,0.9896631240844727,0.5250426530838013,0.9368088245391846,0.058093804866075516,0.9883529543876648
20966.66666666662,0.5397201776504517,0.29607343673706055,-0.2727869153022766,0.9999972581863403,0.5448905825614929,0.2800323963165283,-0.2599770426750183,0.999993085861206,0.5486795902252197,0.2795765697956085,-0.2599889039993286,0.9999929070472717,0.5519883632659912,0.2792928218841553,-0.25999686121940613,0.9999920129776001,0.5356560945510864,0.2814570963382721,-0.25718700885772705,0.9999908208847046,0.5330667495727539,0.28173327445983887,-0.25720351934432983,0.9999896883964539,0.5307153463363647,0.28206273913383484,-0.25720277428627014,0.9999880790710449,0.5585035681724548,0.2855469286441803,-0.15705285966396332,0.9999839067459106,0.5302609801292419,0.28876379132270813,-0.1435442417860031,0.9999819993972778,0.5467111468315125,0.310410737991333,-0.2325279861688614,0.9999973177909851,0.5351178050041199,0.31179752945899963,-0.2288123071193695,0.9999969005584717,0.5909415483474731,0.376364529132843,-0.06917089968919754,0.9999890327453613,0.5113983750343323,0.3782810568809509,-0.07590238004922867,0.9999744892120361,0.6005188226699829,0.48502323031425476,-0.14180050790309906,0.994718074798584,0.5004053711891174,0.47915786504745483,-0.11284211277961731,0.9831399917602539,0.5996817946434021,0.46347782015800476,-0.3664056062698364,0.995350182056427,0.5286716818809509,0.511090874671936,-0.27654045820236206,0.981886625289917,0.5916747450828552,0.45699343085289,-0.41506221890449524,0.9882706999778748,0.5384882092475891,0.5260364413261414,-0.3153581917285919,0.9627294540405273,0.593190610408783,0.4364120364189148,-0.421688973903656,0.9889571070671082,0.5449411273002625,0.5110832452774048,-0.32432571053504944,0.9621843695640564,0.5936870574951172,0.4367111027240753,-0.3732556104660034,0.9829849600791931,0.5434342622756958,0.5049237608909607,-0.2822364866733551,0.9466959238052368,0.5702721476554871,0.5753061175346375,0.010106513276696205,0.9997976422309875,0.5249969959259033,0.5709673166275024,-0.010219012387096882,0.9997293949127197,0.5697336792945862,0.7433648705482483,-0.0005983495502732694,0.9928182363510132,0.5232602953910828,0.7395668625831604,-0.003103238297626376,0.9954424500465393,0.5738250613212585,0.8810651302337646,0.16838259994983673,0.9937373995780945,0.5203428268432617,0.8816062211990356,0.1645493060350418,0.9930382966995239,0.5688585638999939,0.8953264355659485,0.17867682874202728,0.9406911730766296,0.5228493213653564,0.8931772708892822,0.17482037842273712,0.8685092329978943,0.5863848328590393,0.937164306640625,0.055770453065633774,0.9894598722457886,0.5250345468521118,0.9361186027526855,0.052227895706892014,0.9881056547164917
20999.999999999953,0.5412645936012268,0.2970621883869171,-0.27028971910476685,0.9999973773956299,0.5467289686203003,0.2811376750469208,-0.2595752477645874,0.9999935626983643,0.5505786538124084,0.28067705035209656,-0.25956109166145325,0.9999933838844299,0.553794801235199,0.28037866950035095,-0.2595732510089874,0.9999925494194031,0.5369012951850891,0.2822442054748535,-0.25284138321876526,0.9999913573265076,0.5340795516967773,0.2824060916900635,-0.25284725427627563,0.9999902844429016,0.5316196084022522,0.2827601432800293,-0.25285425782203674,0.9999887347221375,0.5603524446487427,0.2860081195831299,-0.1445908397436142,0.9999850988388062,0.5309174656867981,0.2895899713039398,-0.14273765683174133,0.9999833106994629,0.5487323999404907,0.3113079071044922,-0.2262839525938034,0.9999974966049194,0.5365756154060364,0.31281107664108276,-0.22703894972801208,0.999997079372406,0.5921227335929871,0.3762045204639435,-0.04870028421282768,0.9999896287918091,0.5121594071388245,0.37831610441207886,-0.06987275183200836,0.9999753832817078,0.6020718812942505,0.4804352819919586,-0.11328638345003128,0.9948397874832153,0.5017076730728149,0.47929269075393677,-0.09657624363899231,0.983348548412323,0.6007566452026367,0.4637083411216736,-0.3391827642917633,0.9955722689628601,0.5303337574005127,0.5101409554481506,-0.25470852851867676,0.9821587204933167,0.5934747457504272,0.4587569534778595,-0.38902294635772705,0.9887675642967224,0.5393378138542175,0.5269737839698792,-0.29304009675979614,0.9631837010383606,0.5943018198013306,0.4384738504886627,-0.39647212624549866,0.9894214272499084,0.5470966100692749,0.5127915740013123,-0.3031628429889679,0.9625228047370911,0.5945159196853638,0.4387367367744446,-0.3465088903903961,0.9835689067840576,0.545837938785553,0.5063770413398743,-0.2606717050075531,0.9467736482620239,0.5710176825523376,0.5760795474052429,0.014145116321742535,0.9998031854629517,0.526424765586853,0.5720165371894836,-0.01423425693064928,0.9997342228889465,0.5703620910644531,0.7426047921180725,0.004101114347577095,0.9924710988998413,0.5242188572883606,0.7395779490470886,-0.008014372549951077,0.9954193234443665,0.5739330649375916,0.8809000253677368,0.17322325706481934,0.9935319423675537,0.5202791690826416,0.8813832998275757,0.15984457731246948,0.9929429888725281,0.5688098669052124,0.8953275084495544,0.1835012435913086,0.941393256187439,0.5225396752357483,0.8919811844825745,0.16962532699108124,0.8682463765144348,0.5863825082778931,0.9367879629135132,0.06362376362085342,0.9892785549163818,0.5248569846153259,0.9361357092857361,0.04794562608003616,0.9879884123802185
21033.333333333285,0.5425328612327576,0.29761776328086853,-0.2659388780593872,0.9999975562095642,0.5482816696166992,0.28148144483566284,-0.25566208362579346,0.9999940395355225,0.5521462559700012,0.28101781010627747,-0.25565147399902344,0.9999938607215881,0.5553023815155029,0.28068816661834717,-0.2556743025779724,0.999993085861206,0.5381531119346619,0.28260496258735657,-0.24856027960777283,0.9999919533729553,0.5352795124053955,0.2827378213405609,-0.24856147170066833,0.9999909400939941,0.5327824950218201,0.28308889269828796,-0.24856527149677277,0.9999894499778748,0.5621100664138794,0.2861989438533783,-0.14099504053592682,0.9999862313270569,0.5319576859474182,0.2898854613304138,-0.13953576982021332,0.9999845623970032,0.5502000451087952,0.31194448471069336,-0.22570747137069702,0.9999976754188538,0.5380704402923584,0.31359726190567017,-0.22387917339801788,0.9999972581863403,0.5935354232788086,0.3762073516845703,-0.046009548008441925,0.9999901652336121,0.5133185386657715,0.3783375322818756,-0.06653980910778046,0.9999763369560242,0.6025202870368958,0.48047366738319397,-0.11082872003316879,0.9949730634689331,0.5024634003639221,0.4795320928096771,-0.09365398436784744,0.983569860458374,0.601894736289978,0.4642338752746582,-0.33644407987594604,0.9958143830299377,0.5315672159194946,0.5101890563964844,-0.25166571140289307,0.9824094176292419,0.5945442914962769,0.4602096974849701,-0.3863048255443573,0.9893261194229126,0.5399051904678345,0.5281503796577454,-0.2896425426006317,0.9635318517684937,0.5952075719833374,0.4396224915981293,-0.3937728703022003,0.9899493455886841,0.548384964466095,0.5140717029571533,-0.2994287610054016,0.9627766013145447,0.5955177545547485,0.4399389624595642,-0.3437959551811218,0.9842650890350342,0.5472145080566406,0.5073884725570679,-0.25742945075035095,0.9468176364898682,0.5721121430397034,0.5767143368721008,0.015574955381453037,0.9998065233230591,0.527701199054718,0.5725792646408081,-0.01566370017826557,0.9997387528419495,0.5709742903709412,0.7423378825187683,0.01006284449249506,0.9921954274177551,0.5255249738693237,0.739258348941803,-0.00959107931703329,0.9954074621200562,0.574705958366394,0.8800844550132751,0.1788722723722458,0.9934213161468506,0.5200873017311096,0.8793376684188843,0.15790820121765137,0.992911696434021,0.5688803791999817,0.8948572874069214,0.18912652134895325,0.9423618912696838,0.5214691758155823,0.8902567625045776,0.1678600162267685,0.8679975271224976,0.5862681865692139,0.935549795627594,0.07037268579006195,0.9892078042030334,0.5242588520050049,0.9352449774742126,0.046192094683647156,0.9879465699195862
21066.666666666617,0.5440088510513306,0.29847702383995056,-0.2679993808269501,0.9999976754188538,0.5498321056365967,0.28204450011253357,-0.25515615940093994,0.9999945163726807,0.5536485314369202,0.2815815806388855,-0.25515931844711304,0.9999943375587463,0.5567306280136108,0.28122156858444214,-0.25516027212142944,0.999993622303009,0.5394290089607239,0.2831537425518036,-0.25203436613082886,0.9999925494194031,0.5364396572113037,0.28323283791542053,-0.2520442306995392,0.9999915361404419,0.5338403582572937,0.28356125950813293,-0.2520398199558258,0.9999901652336121,0.5633501410484314,0.2865195870399475,-0.14561353623867035,0.9999873042106628,0.5328810214996338,0.2903484106063843,-0.13956886529922485,0.9999857544898987,0.5517176389694214,0.3128741383552551,-0.22663623094558716,0.9999978542327881,0.5394247770309448,0.31469255685806274,-0.22438770532608032,0.9999974370002747,0.5942694544792175,0.3764108419418335,-0.04834606871008873,0.9999906420707703,0.5140295624732971,0.3785066604614258,-0.06876084208488464,0.9999771118164062,0.6029542684555054,0.48087266087532043,-0.11231211572885513,0.9950358271598816,0.502790093421936,0.47977888584136963,-0.09329468756914139,0.9837672114372253,0.6018533706665039,0.4660435914993286,-0.34054842591285706,0.9960127472877502,0.5325064063072205,0.511039674282074,-0.24831938743591309,0.9825193285942078,0.5938793420791626,0.4603221118450165,-0.3900631070137024,0.9897933006286621,0.5417444705963135,0.529039740562439,-0.285746306180954,0.9635898470878601,0.5949000716209412,0.4409378468990326,-0.3982491195201874,0.9903881549835205,0.5498315095901489,0.5152946710586548,-0.2959854304790497,0.9627393484115601,0.5955369472503662,0.4408983588218689,-0.348169207572937,0.9848253130912781,0.5484000444412231,0.5084960460662842,-0.2540912330150604,0.9464653730392456,0.5736972689628601,0.5769412517547607,0.015078908763825893,0.9998118877410889,0.5289289951324463,0.5727118253707886,-0.015173486433923244,0.9997455477714539,0.5716573596000671,0.7421188950538635,0.01050181407481432,0.9921815991401672,0.5271445512771606,0.7380234599113464,-0.009358793497085571,0.9954368472099304,0.5742421746253967,0.8794621229171753,0.18239980936050415,0.9934198260307312,0.520131528377533,0.8768957257270813,0.16520370543003082,0.9929012656211853,0.568084716796875,0.8942756056785583,0.19292765855789185,0.9431788325309753,0.5215106010437012,0.8883697986602783,0.17621758580207825,0.8678491711616516,0.5856533646583557,0.9351629018783569,0.07255934178829193,0.9892594814300537,0.5237067937850952,0.934472382068634,0.05470310524106026,0.9879910349845886
21099.99999999995,0.5455712676048279,0.2988547384738922,-0.2682286202907562,0.9999977946281433,0.5513823628425598,0.2823199927806854,-0.2543101906776428,0.9999949336051941,0.5550326108932495,0.2818948030471802,-0.25431710481643677,0.9999947547912598,0.5580561757087708,0.2815583646297455,-0.2543134391307831,0.9999940395355225,0.5408695936203003,0.28346142172813416,-0.2524595856666565,0.999993085861206,0.5377952456474304,0.28355610370635986,-0.2524712085723877,0.9999920725822449,0.5350472331047058,0.28393909335136414,-0.252466082572937,0.9999908208847046,0.5644325017929077,0.2868148386478424,-0.14512331783771515,0.9999882578849792,0.5338214039802551,0.29100656509399414,-0.13858595490455627,0.9999868273735046,0.5532588362693787,0.31325533986091614,-0.2259853035211563,0.9999979734420776,0.5408629179000854,0.3152310848236084,-0.2240479439496994,0.999997615814209,0.595259428024292,0.3766353130340576,-0.04910339415073395,0.9999908804893494,0.5146329402923584,0.3788139820098877,-0.0698949471116066,0.9999776482582092,0.603688657283783,0.4815087914466858,-0.11273565143346786,0.9950181841850281,0.5031188726425171,0.48134902119636536,-0.09507771581411362,0.9841176271438599,0.6021867394447327,0.46636879444122314,-0.3402239978313446,0.9961404800415039,0.535018265247345,0.5113388895988464,-0.24945394694805145,0.9827473163604736,0.5939433574676514,0.4615410268306732,-0.3893318176269531,0.9901039004325867,0.5452697277069092,0.5297067761421204,-0.28761398792266846,0.9639003872871399,0.5950261950492859,0.4417645335197449,-0.39758265018463135,0.9906783699989319,0.5521343350410461,0.5162227153778076,-0.2976481318473816,0.9629805088043213,0.5958321690559387,0.4415408968925476,-0.3477548062801361,0.9851692318916321,0.5505110621452332,0.5094196796417236,-0.2550705671310425,0.9464893341064453,0.5753458738327026,0.579376757144928,0.015479299239814281,0.999815046787262,0.5300334095954895,0.5751909613609314,-0.015574476681649685,0.9997495412826538,0.5729904770851135,0.7429229021072388,0.011417742818593979,0.9922317862510681,0.5282291173934937,0.7381007671356201,-0.00801702681928873,0.9955133199691772,0.5741161704063416,0.8789591193199158,0.19600269198417664,0.9934191703796387,0.5201756954193115,0.8770179152488708,0.17127132415771484,0.9930297136306763,0.5677047967910767,0.8932287693023682,0.20782190561294556,0.943816065788269,0.5215600728988647,0.8884705901145935,0.18268604576587677,0.8695582151412964,0.5849899053573608,0.9351288080215454,0.08656201511621475,0.9893589019775391,0.5237099528312683,0.93461012840271,0.05841346085071564,0.9882518649101257
21133.33333333328,0.5472673177719116,0.2990166246891022,-0.2768906056880951,0.9999979138374329,0.5528901219367981,0.2824626863002777,-0.2626207768917084,0.9999952912330627,0.5563775300979614,0.28210651874542236,-0.26262903213500977,0.9999951124191284,0.5593030452728271,0.28181442618370056,-0.26262763142585754,0.9999944567680359,0.54241943359375,0.2835218608379364,-0.2613706588745117,0.9999935030937195,0.5392905473709106,0.2835952341556549,-0.26138436794281006,0.9999925494194031,0.5363914370536804,0.28397950530052185,-0.26137903332710266,0.9999913573265076,0.5655643939971924,0.28707048296928406,-0.15164421498775482,0.9999890923500061,0.534861147403717,0.2910597324371338,-0.14624518156051636,0.999987781047821,0.5547081232070923,0.3134261965751648,-0.23358552157878876,0.9999980926513672,0.5423858165740967,0.3154395818710327,-0.2320563793182373,0.9999977946281433,0.5959794521331787,0.37660232186317444,-0.053695932030677795,0.9999911785125732,0.5156506299972534,0.37884271144866943,-0.07356740534305573,0.9999779462814331,0.6041293740272522,0.4818463921546936,-0.11353170871734619,0.9949651956558228,0.5032064914703369,0.48205137252807617,-0.09651979058980942,0.984324038028717,0.6019416451454163,0.4666140675544739,-0.34080299735069275,0.9962554574012756,0.5360584855079651,0.5117971897125244,-0.2524639666080475,0.9828274250030518,0.5935644507408142,0.4622298777103424,-0.38992980122566223,0.990389883518219,0.5469539165496826,0.529800534248352,-0.2907538115978241,0.9639336466789246,0.5947372317314148,0.44175177812576294,-0.3991270065307617,0.9909427762031555,0.5532170534133911,0.5162907242774963,-0.30094990134239197,0.9629417061805725,0.5955787301063538,0.4415503442287445,-0.3487392067909241,0.9854736328125,0.5514801144599915,0.5095482468605042,-0.25811097025871277,0.9461449980735779,0.5759410262107849,0.5798214077949524,0.01527091022580862,0.9998192191123962,0.5307375192642212,0.5761165618896484,-0.01536922249943018,0.9997544884681702,0.5740761160850525,0.7429109215736389,0.01058023888617754,0.992414116859436,0.529163122177124,0.7382032871246338,-0.007137507665902376,0.9956220388412476,0.5740164518356323,0.8781971335411072,0.19955764710903168,0.993502676486969,0.5208176374435425,0.8765636682510376,0.17786116898059845,0.9931657314300537,0.5674789547920227,0.8921839594841003,0.21173574030399323,0.9444957375526428,0.5224608778953552,0.8880051374435425,0.18989576399326324,0.8713799715042114,0.5849028825759888,0.9351465106010437,0.08921597898006439,0.9895212054252625,0.5237639546394348,0.9346370697021484,0.06509722769260406,0.9885292649269104
21166.666666666613,0.5485769510269165,0.2991342544555664,-0.2732355296611786,0.9999979734420776,0.5540361404418945,0.28262248635292053,-0.25907376408576965,0.9999955296516418,0.5574033260345459,0.28232353925704956,-0.25908467173576355,0.9999953508377075,0.5602676272392273,0.2820841372013092,-0.2590835988521576,0.9999947547912598,0.5436798930168152,0.2836177945137024,-0.25740793347358704,0.9999938011169434,0.5405399203300476,0.28366991877555847,-0.2574231028556824,0.9999929070472717,0.5375910401344299,0.2840489149093628,-0.2574210464954376,0.999991774559021,0.5664370059967041,0.287377268075943,-0.1498330533504486,0.9999896883964539,0.5359562039375305,0.2911459803581238,-0.1423974186182022,0.9999885559082031,0.5558454394340515,0.31352224946022034,-0.23058030009269714,0.999998152256012,0.5435422658920288,0.3156016767024994,-0.22846892476081848,0.9999979138374329,0.5974567532539368,0.3766038715839386,-0.05379830673336983,0.999991238117218,0.5164002180099487,0.37907636165618896,-0.07128946483135223,0.9999779462814331,0.6046993732452393,0.4818308651447296,-0.11409386247396469,0.9948845505714417,0.5038790702819824,0.4821620285511017,-0.09416627138853073,0.9843322038650513,0.601603090763092,0.4667472541332245,-0.3410272002220154,0.9963306784629822,0.5368344783782959,0.5123611092567444,-0.24903002381324768,0.9827004075050354,0.5933087468147278,0.4624837040901184,-0.39048993587493896,0.9905884861946106,0.5482178926467896,0.53017258644104,-0.2872024178504944,0.9636592268943787,0.5943357348442078,0.44177010655403137,-0.39990270137786865,0.9911320209503174,0.5542805790901184,0.5167263746261597,-0.297759085893631,0.9626214504241943,0.5951363444328308,0.4416344463825226,-0.3490689992904663,0.9856657981872559,0.5524680614471436,0.5099650621414185,-0.25487080216407776,0.9454249143600464,0.5772038698196411,0.5797091126441956,0.015029887668788433,0.999819815158844,0.5313661694526672,0.5761249661445618,-0.015127872116863728,0.9997548460960388,0.5745732188224792,0.7413399815559387,0.009919081814587116,0.9924187660217285,0.5298003554344177,0.7382370829582214,-0.008906767703592777,0.9956462979316711,0.5742277503013611,0.8779187202453613,0.1911434680223465,0.9934741258621216,0.5208126902580261,0.8765859603881836,0.17198726534843445,0.9931820631027222,0.5676393508911133,0.8921438455581665,0.2027437537908554,0.945048987865448,0.5223820209503174,0.8881120681762695,0.1832311451435089,0.8713622093200684,0.5851061940193176,0.9352063536643982,0.08092856407165527,0.9895067811012268,0.5237511396408081,0.9355813264846802,0.06006337329745293,0.9885352849960327
21199.999999999945,0.549598753452301,0.29922547936439514,-0.27112120389938354,0.9999980330467224,0.5550130605697632,0.28274005651474,-0.25684061646461487,0.999995768070221,0.5583136081695557,0.2824898362159729,-0.2568527162075043,0.9999955296516418,0.5610945820808411,0.2822866439819336,-0.2568524479866028,0.9999949932098389,0.5447525382041931,0.28367170691490173,-0.25530532002449036,0.9999940395355225,0.5416367053985596,0.2837052345275879,-0.2553199529647827,0.9999932050704956,0.5386621356010437,0.28406864404678345,-0.25531747937202454,0.9999920725822449,0.5671907067298889,0.28770023584365845,-0.14909645915031433,0.9999901652336121,0.5370592474937439,0.291153222322464,-0.14094163477420807,0.9999891519546509,0.5567343831062317,0.31358930468559265,-0.22865945100784302,0.9999982118606567,0.5445002913475037,0.31565481424331665,-0.22669903934001923,0.9999979734420776,0.5976656079292297,0.37661126255989075,-0.052531320601701736,0.9999913573265076,0.5173457264900208,0.3791177570819855,-0.07008697092533112,0.9999775886535645,0.6064203977584839,0.4817681312561035,-0.11051973700523376,0.9948620796203613,0.5052356123924255,0.48230069875717163,-0.08996120095252991,0.9840613603591919,0.6015472412109375,0.4668031632900238,-0.3371928334236145,0.9964291453361511,0.539487898349762,0.5138556361198425,-0.24230057001113892,0.9823663830757141,0.592700183391571,0.4628099203109741,-0.38744327425956726,0.9908339977264404,0.5516051054000854,0.5302333831787109,-0.2814917266368866,0.9632044434547424,0.5930529832839966,0.4420860707759857,-0.397335410118103,0.9913607239723206,0.5567626953125,0.5169101357460022,-0.29313555359840393,0.9621414542198181,0.5942341685295105,0.4418773949146271,-0.3454452455043793,0.9859451055526733,0.5546753406524658,0.51021808385849,-0.24834498763084412,0.9444299936294556,0.5785529613494873,0.5789638161659241,0.015460270456969738,0.9998196959495544,0.5325196385383606,0.5761120915412903,-0.015554278157651424,0.9997530579566956,0.575112521648407,0.7408768534660339,0.0091447364538908,0.9923458099365234,0.5304105281829834,0.7382097840309143,-0.012382151558995247,0.9956669807434082,0.5742674469947815,0.8778849840164185,0.18883155286312103,0.9933915138244629,0.5208484530448914,0.8766753077507019,0.16825498640537262,0.9931661486625671,0.5676248669624329,0.8921124935150146,0.20026108622550964,0.9455278515815735,0.522288978099823,0.8881843090057373,0.18014934659004211,0.8707892298698425,0.5851109027862549,0.9353358149528503,0.08015899360179901,0.9894450902938843,0.5239854454994202,0.9364646077156067,0.0558122843503952,0.9884760975837708
21233.333333333278,0.550921618938446,0.2992663085460663,-0.2876852750778198,0.9999979138374329,0.5560874342918396,0.28279373049736023,-0.2731030583381653,0.9999956488609314,0.559281051158905,0.2825794219970703,-0.27312231063842773,0.9999954104423523,0.5619781613349915,0.2823933959007263,-0.27313539385795593,0.9999948740005493,0.5460084676742554,0.2836904525756836,-0.27207517623901367,0.9999938607215881,0.5428807139396667,0.2837153971195221,-0.27210065722465515,0.9999930262565613,0.539911687374115,0.2840801179409027,-0.27210864424705505,0.9999918937683105,0.567949652671814,0.2878330945968628,-0.16331472992897034,0.9999901056289673,0.5380894541740417,0.2911587953567505,-0.1581604778766632,0.9999892115592957,0.5578477382659912,0.313658744096756,-0.2447490394115448,0.999998152256012,0.5458756685256958,0.31569886207580566,-0.24342069029808044,0.9999979138374329,0.5985957980155945,0.37641239166259766,-0.0703067034482956,0.9999908804893494,0.5182186365127563,0.3792526125907898,-0.08451619744300842,0.9999755620956421,0.607954204082489,0.4814998507499695,-0.12550434470176697,0.9947212338447571,0.5056182146072388,0.4825380742549896,-0.10523409396409988,0.9841118454933167,0.6008474826812744,0.46816328167915344,-0.34492024779319763,0.9963536858558655,0.5428701043128967,0.5142362117767334,-0.2579711079597473,0.9817797541618347,0.5915071964263916,0.4645269215106964,-0.3941052556037903,0.9906656742095947,0.556786298751831,0.5303158164024353,-0.2971622049808502,0.9620731472969055,0.5903880000114441,0.44378533959388733,-0.40360960364341736,0.9911870360374451,0.5606858134269714,0.5168837308883667,-0.3065618872642517,0.960880696773529,0.5916282534599304,0.44335663318634033,-0.35276320576667786,0.9855741858482361,0.5581946969032288,0.5101063251495361,-0.2631586194038391,0.9422324299812317,0.579414963722229,0.5789563059806824,0.01457978319376707,0.9998142123222351,0.5329873561859131,0.576801061630249,-0.014665084891021252,0.9997426271438599,0.5758611559867859,0.740877091884613,0.005260099656879902,0.9922907948493958,0.5304766297340393,0.7384136915206909,-0.010924293659627438,0.9956457018852234,0.5745217204093933,0.8775054216384888,0.1919870674610138,0.9931955337524414,0.5219600796699524,0.8767244219779968,0.17262139916419983,0.9929783344268799,0.5676270127296448,0.8915441632270813,0.2046024203300476,0.9445219039916992,0.5234583616256714,0.888037919998169,0.18473590910434723,0.8679575324058533,0.5851204991340637,0.9353353977203369,0.08444752544164658,0.9891864657402039,0.525173008441925,0.9363664984703064,0.06110125035047531,0.9881197810173035
21266.66666666661,0.5520555377006531,0.2993360459804535,-0.28754064440727234,0.999997615814209,0.5570696592330933,0.28294917941093445,-0.27294930815696716,0.999995231628418,0.5602360367774963,0.2827921509742737,-0.2729714512825012,0.9999949336051941,0.5628585815429688,0.2826250195503235,-0.27298927307128906,0.9999943375587463,0.5470707416534424,0.28378936648368835,-0.27236315608024597,0.9999932646751404,0.5439684987068176,0.2838023006916046,-0.27238836884498596,0.9999923706054688,0.5410146117210388,0.2841382622718811,-0.27239304780960083,0.999991238117218,0.5688384771347046,0.2881700098514557,-0.1634504348039627,0.9999895095825195,0.5390520095825195,0.2913227081298828,-0.15997739136219025,0.9999886751174927,0.5589361190795898,0.313828706741333,-0.24476358294487,0.9999979734420776,0.547231137752533,0.3158201575279236,-0.24386173486709595,0.9999977350234985,0.5994682312011719,0.3763953149318695,-0.07197332382202148,0.9999901056289673,0.5190665125846863,0.3794558346271515,-0.08680117875337601,0.9999722838401794,0.6108618974685669,0.48061880469322205,-0.125362828373909,0.9944642186164856,0.5063614845275879,0.48312830924987793,-0.11292602866888046,0.9841753244400024,0.6007038950920105,0.47191715240478516,-0.34380286931991577,0.9960594177246094,0.5453951954841614,0.5142630338668823,-0.2708965837955475,0.9814047813415527,0.5913879871368408,0.47341591119766235,-0.3926785886287689,0.9899744987487793,0.5606328845024109,0.5268985629081726,-0.31121954321861267,0.9613579511642456,0.5892282724380493,0.4535398483276367,-0.4032195210456848,0.9905025959014893,0.5624727010726929,0.5103440880775452,-0.32000258564949036,0.9600396156311035,0.5904452204704285,0.45195186138153076,-0.3518259823322296,0.9844295978546143,0.5596036911010742,0.5043694376945496,-0.2760680913925171,0.9405784010887146,0.5799462199211121,0.5790687203407288,0.012746567837893963,0.9998068809509277,0.5331426858901978,0.5774319767951965,-0.012816505506634712,0.9997299313545227,0.5764233469963074,0.741499125957489,0.0002652016410138458,0.992405891418457,0.5304535031318665,0.7389063835144043,-0.0063952007330954075,0.9956445097923279,0.5745620131492615,0.8775144815444946,0.1923179179430008,0.993098258972168,0.5225793123245239,0.8771520256996155,0.1761981099843979,0.9928780794143677,0.567520022392273,0.8916155099868774,0.20519456267356873,0.9433122873306274,0.5247921943664551,0.8882405757904053,0.188108891248703,0.8657622337341309,0.5850459933280945,0.935367226600647,0.0835733637213707,0.9890113472938538,0.5258008241653442,0.9366353154182434,0.06378360837697983,0.9879260063171387
21299.99999999994,0.5530216693878174,0.29932349920272827,-0.26082298159599304,0.9999973773956299,0.5579090118408203,0.2829814553260803,-0.24491000175476074,0.9999948740005493,0.5610097050666809,0.28282836079597473,-0.244941845536232,0.9999945163726807,0.5636052489280701,0.2826516628265381,-0.2449556440114975,0.9999938607215881,0.5481058955192566,0.2838260531425476,-0.24496977031230927,0.999992847442627,0.5450708270072937,0.28384023904800415,-0.24499103426933289,0.9999918341636658,0.5421994924545288,0.2841588854789734,-0.24498865008354187,0.9999907612800598,0.5695654153823853,0.2881821393966675,-0.13521739840507507,0.9999889731407166,0.5400954484939575,0.2914784848690033,-0.13431639969348907,0.9999882578849792,0.5599365234375,0.31380534172058105,-0.21842972934246063,0.9999978542327881,0.5483742356300354,0.3158184289932251,-0.21826353669166565,0.9999975562095642,0.6002057194709778,0.37528589367866516,-0.05247819423675537,0.9999898076057434,0.5211242437362671,0.3794769048690796,-0.06465007364749908,0.9999696612358093,0.6136759519577026,0.4770981967449188,-0.10029669851064682,0.9943711161613464,0.5068145990371704,0.4829225242137909,-0.09615146368741989,0.9846346974372864,0.5981844663619995,0.47304442524909973,-0.3069249391555786,0.9959231019020081,0.5444936752319336,0.514738142490387,-0.26109567284584045,0.9814640879631042,0.5907976627349854,0.48001018166542053,-0.35465049743652344,0.9896508455276489,0.559217631816864,0.5268531441688538,-0.3067808449268341,0.9613983035087585,0.5842665433883667,0.46871110796928406,-0.36458078026771545,0.9901735186576843,0.5611149668693542,0.5101532340049744,-0.3102705776691437,0.960014820098877,0.5839554071426392,0.46556270122528076,-0.3144131004810333,0.983840823173523,0.5583416223526001,0.5041521191596985,-0.26491057872772217,0.9402448534965515,0.5801441073417664,0.5796388387680054,0.011518937535583973,0.9997997283935547,0.5338283181190491,0.5779266357421875,-0.01157172117382288,0.9997164011001587,0.5764743685722351,0.7421150207519531,-0.005393181461840868,0.9923946857452393,0.5308807492256165,0.7399053573608398,-0.007833819836378098,0.9955958127975464,0.5745582580566406,0.8779000043869019,0.1839209944009781,0.9929701089859009,0.5234634876251221,0.878836452960968,0.16378293931484222,0.9927873015403748,0.5674875378608704,0.8921977281570435,0.1966613084077835,0.942661464214325,0.526183545589447,0.8911181688308716,0.17447060346603394,0.8645504117012024,0.5846204161643982,0.9355364441871643,0.07666835933923721,0.9888191223144531,0.5269977450370789,0.9372769594192505,0.05050339549779892,0.9877042174339294
21333.333333333274,0.5537603497505188,0.2992982268333435,-0.2510727345943451,0.9999970197677612,0.558738648891449,0.28302258253097534,-0.23554667830467224,0.9999942779541016,0.5618267059326172,0.28288739919662476,-0.23556949198246002,0.9999938607215881,0.5644800662994385,0.2827267646789551,-0.23557519912719727,0.999993085861206,0.5489739775657654,0.283864825963974,-0.23510782420635223,0.9999922513961792,0.5459755063056946,0.2838890254497528,-0.2351333200931549,0.999991238117218,0.5431068539619446,0.28423061966896057,-0.23512257635593414,0.9999902844429016,0.5704447031021118,0.28830790519714355,-0.1283973753452301,0.9999880194664001,0.5410068035125732,0.2919280230998993,-0.12531469762325287,0.9999876618385315,0.560797929763794,0.3137849271297455,-0.20981524884700775,0.999997615814209,0.5492417216300964,0.3158179521560669,-0.20898157358169556,0.9999973177909851,0.6007404923439026,0.37469616532325745,-0.04968215525150299,0.9999885559082031,0.5228597521781921,0.3797568678855896,-0.05568753927946091,0.9999668002128601,0.6137612462043762,0.4750361144542694,-0.08836609870195389,0.9940496683120728,0.506712794303894,0.48122885823249817,-0.08319337666034698,0.9850350022315979,0.5933520793914795,0.47962623834609985,-0.2697176933288574,0.9951119422912598,0.5436612367630005,0.5149660110473633,-0.2389203906059265,0.9810762405395508,0.5856187343597412,0.493527889251709,-0.31414803862571716,0.9877172708511353,0.55683833360672,0.5264118313789368,-0.2801433801651001,0.96055006980896,0.5777701139450073,0.48504412174224854,-0.32461631298065186,0.9882643222808838,0.5596256256103516,0.5099886655807495,-0.2871881425380707,0.9590933322906494,0.5774251222610474,0.48095956444740295,-0.27697718143463135,0.9809786677360535,0.5570602416992188,0.5044745802879333,-0.24371843039989471,0.9387727379798889,0.5803523659706116,0.5798710584640503,0.008287768810987473,0.9997865557670593,0.5345300436019897,0.5779688954353333,-0.008324089460074902,0.9997006058692932,0.5765381455421448,0.7420986890792847,-0.006603821646422148,0.9924414157867432,0.5311890840530396,0.7397914528846741,-0.007751843426376581,0.9955769181251526,0.5745736956596375,0.8779313564300537,0.16606026887893677,0.9929267764091492,0.5242655873298645,0.879103422164917,0.15121108293533325,0.992730975151062,0.5674880743026733,0.8922932147979736,0.17653979361057281,0.9420231580734253,0.5273212790489197,0.8915343284606934,0.16036203503608704,0.8637255430221558,0.5844798684120178,0.9355155229568481,0.0560198649764061,0.9887179136276245,0.5275252461433411,0.9372746348381042,0.03770623356103897,0.9875208139419556
21366.666666666606,0.5539290904998779,0.2992978096008301,-0.25222915410995483,0.9999966621398926,0.5590870380401611,0.2832184135913849,-0.23715949058532715,0.9999936819076538,0.5623298287391663,0.28317341208457947,-0.23717264831066132,0.9999931454658508,0.5650300979614258,0.28315216302871704,-0.23717519640922546,0.999992311000824,0.5494769811630249,0.2839185893535614,-0.2363508641719818,0.9999917149543762,0.5465943813323975,0.28393855690956116,-0.23638048768043518,0.9999906420707703,0.5437701344490051,0.2843085825443268,-0.23637156188488007,0.9999898076057434,0.5710569024085999,0.2891964316368103,-0.13136810064315796,0.9999869465827942,0.5421009063720703,0.2924199104309082,-0.12690149247646332,0.9999870657920837,0.5610631108283997,0.31386664509773254,-0.21144789457321167,0.9999973177909851,0.5493781566619873,0.3158218562602997,-0.21020913124084473,0.9999970197677612,0.6010317206382751,0.3747088611125946,-0.0502445362508297,0.999987006187439,0.5239197611808777,0.38101986050605774,-0.055835530161857605,0.9999644160270691,0.6140314936637878,0.47462236881256104,-0.08910880982875824,0.9938178658485413,0.5066726803779602,0.4807657301425934,-0.07837257534265518,0.9853396415710449,0.589593768119812,0.48768389225006104,-0.2615128457546234,0.9943352937698364,0.5433720946311951,0.5152631402015686,-0.22521667182445526,0.980561375617981,0.5815536975860596,0.5037307739257812,-0.304327130317688,0.9857969284057617,0.5556145906448364,0.5264890193939209,-0.2635967433452606,0.9594599604606628,0.5744284987449646,0.49357232451438904,-0.31487956643104553,0.986354410648346,0.5588862299919128,0.5103914141654968,-0.27164211869239807,0.95793616771698,0.574302613735199,0.4888930022716522,-0.2684575319290161,0.9781376719474792,0.5563937425613403,0.5048915147781372,-0.23004582524299622,0.9369907379150391,0.5810673236846924,0.5797080993652344,0.005863839760422707,0.9997704029083252,0.5354040861129761,0.5779169201850891,-0.005900897551327944,0.9996883273124695,0.5767072439193726,0.7418549656867981,-0.006932575721293688,0.9925582408905029,0.5318957567214966,0.7396759390830994,-0.007545410189777613,0.9955697059631348,0.5746012926101685,0.8779372572898865,0.15661880373954773,0.9929331541061401,0.5251711010932922,0.8795400261878967,0.1434970498085022,0.9927104711532593,0.5674955248832703,0.8923332095146179,0.16622839868068695,0.9414842128753662,0.5286427736282349,0.8919849395751953,0.15187117457389832,0.862598717212677,0.5844342112541199,0.935413658618927,0.04603976011276245,0.9886536598205566,0.5275726914405823,0.9372227787971497,0.029856164008378983,0.9873482584953308
21399.999999999938,0.5544455647468567,0.2994609773159027,-0.25534459948539734,0.999996542930603,0.5597590208053589,0.28368648886680603,-0.24046911299228668,0.9999934434890747,0.5631287693977356,0.283665269613266,-0.24048298597335815,0.999992847442627,0.5657962560653687,0.2837007939815521,-0.2404859960079193,0.9999920129776001,0.5501235723495483,0.28426221013069153,-0.23931187391281128,0.9999914765357971,0.5472840666770935,0.28425779938697815,-0.2393387407064438,0.9999904036521912,0.5444148182868958,0.28468403220176697,-0.2393300086259842,0.9999896287918091,0.5716800689697266,0.29000627994537354,-0.13403673470020294,0.9999865889549255,0.5427857041358948,0.2930530309677124,-0.12849517166614532,0.9999866485595703,0.5616039037704468,0.31413933634757996,-0.2142791748046875,0.9999971985816956,0.5496624112129211,0.3159443438053131,-0.2128044217824936,0.9999968409538269,0.6013985872268677,0.3747684359550476,-0.05702143535017967,0.9999861121177673,0.5249390006065369,0.3817671835422516,-0.05475633963942528,0.9999610781669617,0.6145461201667786,0.474623441696167,-0.09370731562376022,0.9937118887901306,0.5071538686752319,0.48083388805389404,-0.07393456250429153,0.9851346611976624,0.5891058444976807,0.49207714200019836,-0.2650069296360016,0.9938215017318726,0.5437555909156799,0.5154570937156677,-0.2230912744998932,0.979604959487915,0.5811386704444885,0.510375440120697,-0.30780115723609924,0.9844769835472107,0.55521559715271,0.526677131652832,-0.26160767674446106,0.9577770233154297,0.5741912126541138,0.4983171820640564,-0.31906870007514954,0.9850284457206726,0.558868408203125,0.5104449987411499,-0.27046138048171997,0.956170916557312,0.5741021633148193,0.492851585149765,-0.2720576226711273,0.9761276841163635,0.5562742352485657,0.505424976348877,-0.22838401794433594,0.9344074726104736,0.581266462802887,0.5795943737030029,0.0033747153356671333,0.9997634887695312,0.5357781648635864,0.5778951048851013,-0.0034220085944980383,0.9996821880340576,0.5771801471710205,0.7418552041053772,-0.007692898157984018,0.9927269220352173,0.5320090651512146,0.7399267554283142,-0.005284604616463184,0.9955933094024658,0.5747979879379272,0.8779142498970032,0.15826724469661713,0.993023693561554,0.5256417393684387,0.8803567290306091,0.14677970111370087,0.9927948713302612,0.5675850510597229,0.8922805190086365,0.16826899349689484,0.9411187171936035,0.5293063521385193,0.8928185105323792,0.15556700527668,0.8627800345420837,0.5843475461006165,0.9353138208389282,0.047341421246528625,0.988736629486084,0.527751088142395,0.9373024106025696,0.033297304064035416,0.9874058365821838
21433.33333333327,0.5552144646644592,0.29946374893188477,-0.2582859694957733,0.9999963045120239,0.5606918334960938,0.28389060497283936,-0.24336090683937073,0.9999930262565613,0.5640940070152283,0.28394657373428345,-0.24336901307106018,0.9999923706054688,0.5667383670806885,0.28404664993286133,-0.2433725744485855,0.9999914765357971,0.5509634017944336,0.28433793783187866,-0.242313414812088,0.9999909996986389,0.5481486916542053,0.2843095660209656,-0.24234500527381897,0.999989926815033,0.5452558398246765,0.28473004698753357,-0.24232840538024902,0.9999891519546509,0.5723914504051208,0.2905825674533844,-0.13907364010810852,0.999985933303833,0.5435227751731873,0.2931903004646301,-0.13390828669071198,0.9999858736991882,0.5623688101768494,0.31428807973861694,-0.21812190115451813,0.9999969601631165,0.5502022504806519,0.31594541668891907,-0.2167573720216751,0.999996542930603,0.6015006303787231,0.3747793436050415,-0.06422059237957001,0.9999852180480957,0.5256486535072327,0.3819785714149475,-0.055904779583215714,0.999956488609314,0.61516273021698,0.47474586963653564,-0.09561871737241745,0.9936830997467041,0.5080785751342773,0.4808712899684906,-0.07731633633375168,0.9847617745399475,0.5887517929077148,0.49553200602531433,-0.2601833939552307,0.9934154748916626,0.5445577502250671,0.5155336856842041,-0.22507955133914948,0.9783257842063904,0.5805823802947998,0.5145084261894226,-0.30210080742836,0.9832859635353088,0.555673360824585,0.526811957359314,-0.2630513906478882,0.9555615186691284,0.5735121965408325,0.5020196437835693,-0.3127918839454651,0.9838150143623352,0.5601547956466675,0.5108984112739563,-0.2722521126270294,0.9538447260856628,0.5734672546386719,0.49597105383872986,-0.26677611470222473,0.9743282794952393,0.5575078129768372,0.5060099959373474,-0.23042458295822144,0.9310527443885803,0.5816956758499146,0.579572856426239,0.0023399454075843096,0.9997532367706299,0.5365862250328064,0.5778763294219971,-0.002391672460362315,0.9996696710586548,0.5775068998336792,0.7418764233589172,-0.007352026179432869,0.9929181933403015,0.5324375629425049,0.7399291396141052,-0.0008132269722409546,0.9956015944480896,0.5749967694282532,0.8784757852554321,0.15143775939941406,0.993151843547821,0.5263375639915466,0.8804604411125183,0.1454165130853653,0.9928372502326965,0.5677998661994934,0.8930397033691406,0.16004376113414764,0.9409945607185364,0.5302747488021851,0.8929810523986816,0.15343385934829712,0.8624654412269592,0.5843502283096313,0.9355357885360718,0.038602158427238464,0.9888546466827393,0.5277765393257141,0.9372963309288025,0.032135915011167526,0.9874024987220764
21466.666666666602,0.5556411147117615,0.29959815740585327,-0.26213333010673523,0.9999961256980896,0.5610471963882446,0.2843318283557892,-0.24774102866649628,0.9999927282333374,0.5645667314529419,0.28434330224990845,-0.2477484792470932,0.9999920725822449,0.5673105120658875,0.28443196415901184,-0.2477526217699051,0.9999911189079285,0.5513587594032288,0.2847190201282501,-0.24628201127052307,0.9999906420707703,0.5485602021217346,0.28470298647880554,-0.2463153898715973,0.9999895691871643,0.5456836819648743,0.2851898670196533,-0.24629764258861542,0.9999887943267822,0.5728937983512878,0.29090335965156555,-0.14517951011657715,0.9999855756759644,0.5441209077835083,0.29375505447387695,-0.13805904984474182,0.9999850988388062,0.5630695223808289,0.31453827023506165,-0.22257210314273834,0.9999967813491821,0.5507850050926208,0.31603753566741943,-0.22062207758426666,0.9999962449073792,0.6024324297904968,0.3751489818096161,-0.0696241557598114,0.9999845027923584,0.5267417430877686,0.3826531171798706,-0.057278990745544434,0.9999513626098633,0.615977942943573,0.47472628951072693,-0.09726901352405548,0.9936587810516357,0.5091508030891418,0.48154959082603455,-0.07906914502382278,0.9840933084487915,0.5886455774307251,0.4966895878314972,-0.259372740983963,0.9931115508079529,0.5444896817207336,0.5164636969566345,-0.2280540019273758,0.9765755534172058,0.5806313753128052,0.5163189768791199,-0.30048540234565735,0.9823989272117615,0.5559724569320679,0.5275974869728088,-0.2660548686981201,0.9526386857032776,0.5735984444618225,0.5033102631568909,-0.3118758499622345,0.9829127192497253,0.5604848265647888,0.5129161477088928,-0.27527129650115967,0.9507843255996704,0.573613166809082,0.4969249665737152,-0.26603907346725464,0.9729526042938232,0.5576635599136353,0.507942259311676,-0.23344850540161133,0.9267807006835938,0.5824607014656067,0.5796309113502502,0.002062580082565546,0.9997418522834778,0.537228524684906,0.5778756737709045,-0.0021156943403184414,0.9996575713157654,0.5779380798339844,0.7425554394721985,-0.006671300623565912,0.993119478225708,0.5327154397964478,0.7407188415527344,-0.0008007384021766484,0.9956538677215576,0.5752070546150208,0.8785852789878845,0.1518486887216568,0.9932588934898376,0.5262646079063416,0.8816391825675964,0.14345420897006989,0.9929362535476685,0.5678579211235046,0.8931442499160767,0.160829558968544,0.9408926367759705,0.5300478339195251,0.8943879008293152,0.15130320191383362,0.8625852465629578,0.5843889713287354,0.9356063604354858,0.04022679477930069,0.9889515042304993,0.5277253985404968,0.9379985332489014,0.029971187934279442,0.9874608516693115
21499.999999999935,0.5561029314994812,0.29963549971580505,-0.26323994994163513,0.9999959468841553,0.561511754989624,0.28454726934432983,-0.2491857260465622,0.9999923706054688,0.5651021599769592,0.28452926874160767,-0.249196857213974,0.9999917149543762,0.5679434537887573,0.28461360931396484,-0.2492029219865799,0.999990701675415,0.5518172979354858,0.2848476767539978,-0.24745596945285797,0.9999901652336121,0.548987627029419,0.28482693433761597,-0.24748913943767548,0.9999890923500061,0.5461557507514954,0.28532734513282776,-0.24747277796268463,0.9999882578849792,0.5734307765960693,0.2910197973251343,-0.14716781675815582,0.9999852776527405,0.5447279810905457,0.2938584089279175,-0.13897913694381714,0.9999842047691345,0.5636272430419922,0.31459906697273254,-0.22380918264389038,0.9999966025352478,0.5512315034866333,0.3160458505153656,-0.22154785692691803,0.9999959468841553,0.6030839681625366,0.37521007657051086,-0.07121476531028748,0.9999842047691345,0.5274426937103271,0.3826203942298889,-0.05845371633768082,0.9999463558197021,0.6168853044509888,0.4746605157852173,-0.09755852073431015,0.9937359094619751,0.5096918940544128,0.4815687835216522,-0.07755272090435028,0.9833328127861023,0.588316023349762,0.49819737672805786,-0.25526708364486694,0.9929753541946411,0.5441756844520569,0.5173124670982361,-0.22702069580554962,0.9750936031341553,0.5803588628768921,0.518036425113678,-0.29607340693473816,0.981910228729248,0.5557023882865906,0.5287378430366516,-0.2646895945072174,0.9503215551376343,0.573563814163208,0.5052217245101929,-0.3073440194129944,0.9824016094207764,0.5601770877838135,0.5147275924682617,-0.2744903862476349,0.9483852386474609,0.5736562609672546,0.49859318137168884,-0.26168495416641235,0.9721611738204956,0.5573741793632507,0.5094476342201233,-0.23274952173233032,0.9234645366668701,0.5828746557235718,0.5797818899154663,0.0013020318001508713,0.9997329711914062,0.5374759435653687,0.5779039859771729,-0.0013505768729373813,0.9996452927589417,0.5781824588775635,0.7434046268463135,-0.006942363455891609,0.9932736754417419,0.5333248972892761,0.7410359382629395,-0.00026821138453669846,0.9956584572792053,0.5755196213722229,0.8788965344429016,0.14797547459602356,0.9933179616928101,0.5263853073120117,0.8831175565719604,0.14202947914600372,0.9929485321044922,0.5680122971534729,0.8932991623878479,0.15666411817073822,0.9405409097671509,0.530180811882019,0.8954973816871643,0.14970487356185913,0.8619846105575562,0.5844240784645081,0.9358145594596863,0.0359891913831234,0.9889597296714783,0.5276909470558167,0.9386739134788513,0.028703095391392708,0.9873805642127991
21533.333333333267,0.5569037795066833,0.29967522621154785,-0.266382098197937,0.9999958276748657,0.5622460246086121,0.2847483456134796,-0.25243040919303894,0.9999920725822449,0.5658333897590637,0.28467097878456116,-0.25244516134262085,0.9999914169311523,0.5687119960784912,0.2847292721271515,-0.2524513006210327,0.9999904036521912,0.5526115894317627,0.2850743532180786,-0.250848650932312,0.9999897480010986,0.549743115901947,0.2850720286369324,-0.2508784830570221,0.9999886155128479,0.5468752384185791,0.2856118381023407,-0.2508634328842163,0.9999877214431763,0.5741059184074402,0.2910992205142975,-0.1499449610710144,0.999984860420227,0.5453917980194092,0.2941248416900635,-0.14244404435157776,0.9999832510948181,0.564444363117218,0.3146086037158966,-0.22667409479618073,0.9999964237213135,0.5519784688949585,0.3160494863986969,-0.22456900775432587,0.9999957084655762,0.6035162210464478,0.37524524331092834,-0.07333528250455856,0.9999841451644897,0.527784526348114,0.38241472840309143,-0.05980829894542694,0.9999422430992126,0.6172634363174438,0.4746900200843811,-0.0973430946469307,0.9938180446624756,0.5099032521247864,0.48170074820518494,-0.0755244567990303,0.9826464056968689,0.5884192585945129,0.49885842204093933,-0.2563188970088959,0.9929075241088867,0.5438663363456726,0.5182480812072754,-0.22364772856235504,0.9739184379577637,0.580627977848053,0.5186036229133606,-0.2979208528995514,0.9816429615020752,0.5556302666664124,0.530331015586853,-0.2613581120967865,0.9486449956893921,0.573811411857605,0.5060041546821594,-0.3102369010448456,0.9821257591247559,0.560006856918335,0.5171674489974976,-0.2726973295211792,0.9467301368713379,0.5739051103591919,0.4993048906326294,-0.2632739841938019,0.9717291593551636,0.5567601919174194,0.5114747881889343,-0.2300434112548828,0.9211896061897278,0.5830242037773132,0.5797882676124573,0.0015436015091836452,0.9997294545173645,0.5375897288322449,0.577911376953125,-0.001595097710378468,0.9996391534805298,0.5786091685295105,0.7434974908828735,-0.0064745997078716755,0.9934390187263489,0.5337350964546204,0.7409732341766357,0.0008055263897404075,0.9956766963005066,0.5756443738937378,0.8789548873901367,0.15214543044567108,0.9934256672859192,0.5265675187110901,0.8830031156539917,0.14415420591831207,0.9930170178413391,0.5680192708969116,0.8933137655258179,0.1612423062324524,0.9406290054321289,0.5304056406021118,0.8952949047088623,0.15245398879051208,0.8622370362281799,0.5844472050666809,0.9360509514808655,0.04050030559301376,0.9890801310539246,0.5276767611503601,0.9386631846427917,0.030768370255827904,0.9874545931816101
21566.6666666666,0.5574266910552979,0.29968851804733276,-0.2663438022136688,0.9999956488609314,0.5625843405723572,0.28489333391189575,-0.25232836604118347,0.9999917149543762,0.5661765336990356,0.28477105498313904,-0.25234296917915344,0.9999910593032837,0.5691169500350952,0.2848173677921295,-0.2523479163646698,0.9999900460243225,0.5531190037727356,0.2852582335472107,-0.2507997453212738,0.99998939037323,0.5502253174781799,0.28532856702804565,-0.2508290112018585,0.9999881982803345,0.5473969578742981,0.2859596908092499,-0.25081580877304077,0.9999873042106628,0.5744842290878296,0.29123133420944214,-0.149138942360878,0.9999845027923584,0.5459112524986267,0.2946738600730896,-0.14181333780288696,0.9999825358390808,0.5649183988571167,0.3146119713783264,-0.22643589973449707,0.9999962449073792,0.5525248050689697,0.31605035066604614,-0.2243930846452713,0.9999954700469971,0.6038509607315063,0.37525492906570435,-0.07162392884492874,0.9999839663505554,0.5278600454330444,0.38240933418273926,-0.059651535004377365,0.9999388456344604,0.6174997091293335,0.4744088649749756,-0.09260116517543793,0.9938907027244568,0.5098283290863037,0.48186013102531433,-0.06986396759748459,0.98208087682724,0.5884379148483276,0.4993244409561157,-0.2474157065153122,0.9928191304206848,0.5437701940536499,0.5193808674812317,-0.21440812945365906,0.972554624080658,0.5806900262832642,0.5195131897926331,-0.2886570692062378,0.9813467860221863,0.5555379986763,0.5321348905563354,-0.2519715428352356,0.9465646147727966,0.5738934278488159,0.5068824291229248,-0.3015654385089874,0.9818189740180969,0.5598229169845581,0.5195440649986267,-0.26336365938186646,0.9446766376495361,0.57398521900177,0.49989911913871765,-0.25453343987464905,0.971253514289856,0.5567248463630676,0.5134064555168152,-0.22076667845249176,0.9184180498123169,0.5832322239875793,0.5797494649887085,0.0010086169932037592,0.999718964099884,0.5377705097198486,0.5778366923332214,-0.0010501997312530875,0.9996283650398254,0.5788029432296753,0.7431417107582092,-0.006987465545535088,0.9935479164123535,0.5336295366287231,0.7407628893852234,0.00045404452248476446,0.9956693649291992,0.5760033130645752,0.8789461851119995,0.14392957091331482,0.9934625625610352,0.5265153646469116,0.8838262557983398,0.13658960163593292,0.9930363297462463,0.5681970715522766,0.8933160305023193,0.15229685604572296,0.9400375485420227,0.5304259657859802,0.8962348699569702,0.14386597275733948,0.8620666861534119,0.5845827460289001,0.9360684156417847,0.031995248049497604,0.9890978336334229,0.5275434851646423,0.9391517639160156,0.02300390414893627,0.9873788356781006
21599.99999999993,0.557918906211853,0.29968997836112976,-0.2709956765174866,0.9999955296516418,0.562995970249176,0.28495553135871887,-0.2568490207195282,0.9999914765357971,0.5665872097015381,0.2848252058029175,-0.2568620443344116,0.9999907612800598,0.5695644021034241,0.284882515668869,-0.25686994194984436,0.9999897480010986,0.5535838603973389,0.28531360626220703,-0.25535500049591064,0.9999890923500061,0.5506611466407776,0.2854097783565521,-0.255383163690567,0.9999878406524658,0.5478585362434387,0.2860790193080902,-0.25537028908729553,0.999987006187439,0.5748792290687561,0.2914484143257141,-0.15365615487098694,0.9999841451644897,0.5463320016860962,0.29494062066078186,-0.14653533697128296,0.9999820590019226,0.5653380751609802,0.31461262702941895,-0.2309955209493637,0.9999960660934448,0.5529126524925232,0.31603315472602844,-0.22898921370506287,0.9999952912330627,0.6039637327194214,0.3752630650997162,-0.07477178424596786,0.999983549118042,0.5280591249465942,0.38252565264701843,-0.06529944390058517,0.9999357461929321,0.6178255677223206,0.4741913974285126,-0.09398689866065979,0.9939501285552979,0.509803295135498,0.4820880889892578,-0.07210776209831238,0.981809139251709,0.5883935689926147,0.49929165840148926,-0.25105923414230347,0.9927300214767456,0.5435906648635864,0.5197426080703735,-0.21590016782283783,0.9716100096702576,0.580680787563324,0.5198893547058105,-0.2920020818710327,0.9809713363647461,0.5555016398429871,0.5330020189285278,-0.2530282735824585,0.945040225982666,0.5737409591674805,0.5070813894271851,-0.3040847182273865,0.9814237356185913,0.559934675693512,0.5202525854110718,-0.26364371180534363,0.9431266784667969,0.5738199949264526,0.4999258518218994,-0.25787413120269775,0.9706727266311646,0.5567424297332764,0.513851523399353,-0.22178895771503448,0.9162509441375732,0.5832458138465881,0.5788648724555969,0.001241215388290584,0.9997091889381409,0.5377619862556458,0.5768064856529236,-0.0012855525128543377,0.9996185898780823,0.5787661671638489,0.741359293460846,-0.006712650880217552,0.9936252236366272,0.5335501432418823,0.7395823001861572,3.4257602237630635e-05,0.9956990480422974,0.576009213924408,0.8786892890930176,0.14286966621875763,0.993510365486145,0.5267180800437927,0.8838317394256592,0.13470406830310822,0.993096113204956,0.5681964755058289,0.8932647109031677,0.15114784240722656,0.940165638923645,0.5308231115341187,0.8961789011955261,0.1418956220149994,0.8622598052024841,0.5848440527915955,0.936034619808197,0.03201596438884735,0.9891504049301147,0.5275275111198425,0.9396318793296814,0.021589724346995354,0.9873665571212769
21633.333333333263,0.5583714842796326,0.2996382713317871,-0.2816038727760315,0.9999954104423523,0.5634543895721436,0.2849508821964264,-0.2672595977783203,0.999991238117218,0.5670444965362549,0.2848251760005951,-0.26726973056793213,0.9999905228614807,0.5700476765632629,0.2848857641220093,-0.26727598905563354,0.9999894499778748,0.5539622902870178,0.28531181812286377,-0.26605719327926636,0.999988853931427,0.5509758591651917,0.28541839122772217,-0.2660881578922272,0.9999876022338867,0.5482034683227539,0.28608331084251404,-0.26608040928840637,0.9999867677688599,0.5753669738769531,0.2915685474872589,-0.16258825361728668,0.999983549118042,0.5465425848960876,0.29499244689941406,-0.15686652064323425,0.999981701374054,0.565751850605011,0.3145844042301178,-0.24095620214939117,0.9999958872795105,0.5532203912734985,0.31595492362976074,-0.23934675753116608,0.9999951124191284,0.6043278574943542,0.375286728143692,-0.07962168008089066,0.9999829530715942,0.5280951857566833,0.3826405704021454,-0.07685816287994385,0.9999330639839172,0.6182803511619568,0.4741796851158142,-0.09449795633554459,0.9939649701118469,0.5098791718482971,0.48214513063430786,-0.07756325602531433,0.9815452098846436,0.5882390141487122,0.5005925297737122,-0.25073638558387756,0.9925534129142761,0.5434696078300476,0.5202434659004211,-0.21608692407608032,0.9704585075378418,0.5803487300872803,0.5214072465896606,-0.29117050766944885,0.9803615212440491,0.5555689334869385,0.5343000292778015,-0.25255122780799866,0.9431341290473938,0.5734670162200928,0.5083154439926147,-0.3033338785171509,0.9808078408241272,0.560209333896637,0.5212821364402771,-0.2635451853275299,0.9412055015563965,0.5735901594161987,0.5011171102523804,-0.2575417459011078,0.9698004126548767,0.5569216012954712,0.5145597457885742,-0.22191506624221802,0.913611888885498,0.5833596587181091,0.5786625146865845,0.002092537935823202,0.999698281288147,0.5378382205963135,0.5762721300125122,-0.0021440833806991577,0.99960857629776,0.578838050365448,0.740614116191864,-0.0011362166842445731,0.9936243891716003,0.5334926247596741,0.7374386787414551,-0.0002316969766980037,0.9957303404808044,0.576054036617279,0.8784046173095703,0.14623986184597015,0.9935591816902161,0.5266686677932739,0.8835558891296387,0.13433144986629486,0.9931933283805847,0.5681800842285156,0.8932129740715027,0.1546427458524704,0.9407604336738586,0.5307238698005676,0.8960906863212585,0.1415543556213379,0.8628276586532593,0.5850932598114014,0.93602055311203,0.035587653517723083,0.9892295598983765,0.5274869203567505,0.9396426677703857,0.02136346325278282,0.9874443411827087
21666.666666666595,0.5585576891899109,0.29980114102363586,-0.27784278988838196,0.999995231628418,0.5635367035865784,0.28511711955070496,-0.26346686482429504,0.9999908208847046,0.5671578645706177,0.2849697172641754,-0.2634786367416382,0.9999901056289673,0.5702530741691589,0.2850174605846405,-0.26348474621772766,0.9999890327453613,0.5540401339530945,0.2855052053928375,-0.262187123298645,0.9999883770942688,0.5510225296020508,0.2857257127761841,-0.2622160017490387,0.9999870657920837,0.548363447189331,0.28645461797714233,-0.2622072696685791,0.9999861717224121,0.575552225112915,0.29189813137054443,-0.15898582339286804,0.999983012676239,0.5466607809066772,0.29548123478889465,-0.15264225006103516,0.9999808669090271,0.565940260887146,0.31470394134521484,-0.23719245195388794,0.9999957084655762,0.5534517765045166,0.3160058557987213,-0.2354544699192047,0.9999948143959045,0.6048557162284851,0.37538841366767883,-0.07752883434295654,0.9999827146530151,0.5282255411148071,0.3830294907093048,-0.07389696687459946,0.9999297261238098,0.6186507344245911,0.47422879934310913,-0.0941079705953598,0.994006335735321,0.51007080078125,0.4821693003177643,-0.07737120240926743,0.9809786081314087,0.5882011651992798,0.5015460848808289,-0.24406541883945465,0.9924132227897644,0.543390691280365,0.5205562114715576,-0.21425718069076538,0.9686660766601562,0.5800876617431641,0.5220792293548584,-0.28385230898857117,0.9798600673675537,0.5556154847145081,0.5350171327590942,-0.2502743601799011,0.9402464032173157,0.5733190178871155,0.5088840126991272,-0.2955086827278137,0.9802975654602051,0.5604220628738403,0.5218389630317688,-0.26129040122032166,0.9382492899894714,0.5734997987747192,0.5018286108970642,-0.25050199031829834,0.9690448641777039,0.5571095943450928,0.5149673223495483,-0.22015397250652313,0.909684956073761,0.5835537314414978,0.5791744589805603,0.002239243360236287,0.9996870756149292,0.5381333231925964,0.5763121843338013,-0.002291615353897214,0.9995943903923035,0.579077959060669,0.7406368851661682,-0.001350333564914763,0.9936425089836121,0.5334481000900269,0.7375035881996155,-0.00040942549821920693,0.9957348108291626,0.5765538811683655,0.8784181475639343,0.14478018879890442,0.9935705065727234,0.5265213847160339,0.8836699724197388,0.1335853934288025,0.9931968450546265,0.568510890007019,0.8932294845581055,0.1529255360364914,0.9406771659851074,0.5304234027862549,0.8962012529373169,0.14076770842075348,0.8622013926506042,0.5854079127311707,0.9363601207733154,0.03392261266708374,0.9892381429672241,0.5273559093475342,0.9400004148483276,0.020711204037070274,0.9873728156089783
21699.999999999927,0.5586662292480469,0.3001541793346405,-0.2765057682991028,0.9999951124191284,0.5635480284690857,0.285473108291626,-0.2620357573032379,0.9999906420707703,0.5671967267990112,0.2852972745895386,-0.26204660534858704,0.999989926815033,0.5703948140144348,0.2852907180786133,-0.26205170154571533,0.9999889135360718,0.5540284514427185,0.2859373092651367,-0.26106494665145874,0.9999881386756897,0.551008939743042,0.2863112986087799,-0.26109662652015686,0.9999867081642151,0.5484616756439209,0.28708338737487793,-0.26109135150909424,0.9999857544898987,0.5757116675376892,0.2923383116722107,-0.15719567239284515,0.9999828934669495,0.5467503666877747,0.2962348461151123,-0.15188035368919373,0.9999802112579346,0.5660610795021057,0.3149864971637726,-0.23561063408851624,0.9999956488609314,0.5536171793937683,0.31618544459342957,-0.23419250547885895,0.9999946355819702,0.6053747534751892,0.37576401233673096,-0.07672720402479172,0.9999829530715942,0.528375506401062,0.38394081592559814,-0.07118208706378937,0.9999263286590576,0.6190853118896484,0.47433024644851685,-0.0946362316608429,0.9941092133522034,0.5102912187576294,0.48218291997909546,-0.07266614586114883,0.9801591634750366,0.5881484150886536,0.5020487308502197,-0.24709627032279968,0.9924153685569763,0.543321967124939,0.5212222933769226,-0.21056190133094788,0.9666860699653625,0.5799438953399658,0.522379994392395,-0.2876417338848114,0.9797505736351013,0.5555555820465088,0.5359938740730286,-0.2468155175447464,0.9372502565383911,0.5732367038726807,0.5090340375900269,-0.2994089722633362,0.9801836609840393,0.5603820085525513,0.522921085357666,-0.25826796889305115,0.935226321220398,0.5734302401542664,0.5020425319671631,-0.25363481044769287,0.9688414931297302,0.5570756793022156,0.5158330202102661,-0.21679309010505676,0.905708909034729,0.5837526321411133,0.5795906782150269,0.0020324164070189,0.9996837377548218,0.5385019183158875,0.5763967633247375,-0.0020817278418689966,0.9995856881141663,0.5791899561882019,0.7409969568252563,-0.002188375685364008,0.9937108159065247,0.5334254503250122,0.737542986869812,-0.0005794832832179964,0.9957501292228699,0.5768572688102722,0.878853440284729,0.1447669118642807,0.9936413764953613,0.5259820818901062,0.8839113712310791,0.13506728410720825,0.9932174682617188,0.5686730742454529,0.893753170967102,0.1530504822731018,0.9405965209007263,0.5297271013259888,0.8965379595756531,0.14248408377170563,0.8613251447677612,0.5855340957641602,0.9371944665908813,0.03309178724884987,0.9893168210983276,0.5272833704948425,0.940141499042511,0.022122543305158615,0.9873464107513428
21733.33333333326,0.5587398409843445,0.3004143536090851,-0.2778996527194977,0.9999950528144836,0.5635434985160828,0.2857336401939392,-0.263883113861084,0.9999905228614807,0.5672053098678589,0.28553760051727295,-0.26389366388320923,0.9999898076057434,0.570477306842804,0.2854745090007782,-0.26389986276626587,0.999988853931427,0.5540277361869812,0.28622451424598694,-0.2624861001968384,0.9999879598617554,0.5510275363922119,0.2866707742214203,-0.2625158131122589,0.999986469745636,0.5485914349555969,0.28743821382522583,-0.26250672340393066,0.9999854564666748,0.5757963061332703,0.2925650179386139,-0.16021806001663208,0.9999827742576599,0.546894371509552,0.29657062888145447,-0.153339684009552,0.9999797940254211,0.566126823425293,0.3151438534259796,-0.23746828734874725,0.9999955892562866,0.5537503361701965,0.3162743151187897,-0.2355784922838211,0.9999944567680359,0.6056322455406189,0.375988245010376,-0.0792727842926979,0.9999831318855286,0.5286233425140381,0.3840723931789398,-0.07261934876441956,0.9999239444732666,0.619712233543396,0.47445148229599,-0.09547685831785202,0.9942784905433655,0.5104557275772095,0.48211267590522766,-0.07311810553073883,0.9797084927558899,0.5881828665733337,0.5024159550666809,-0.24884748458862305,0.9925329685211182,0.5432811379432678,0.5216577053070068,-0.21161657571792603,0.9652224183082581,0.5799512267112732,0.5225958228111267,-0.28946733474731445,0.9798892140388489,0.555507481098175,0.5370184183120728,-0.2476203441619873,0.9349410533905029,0.5732783675193787,0.5092777609825134,-0.3010307848453522,0.9803136587142944,0.5603265762329102,0.5241395235061646,-0.2592143714427948,0.9329048991203308,0.5734813213348389,0.5023776292800903,-0.25526222586631775,0.9690088033676147,0.5570347905158997,0.5168498754501343,-0.21780185401439667,0.9026333093643188,0.5840262174606323,0.5794342160224915,0.002117814961820841,0.9996743202209473,0.5388692617416382,0.5760652422904968,-0.002167718717828393,0.99957275390625,0.5794944763183594,0.7406398057937622,-0.002234867075458169,0.9936729669570923,0.5336188673973083,0.7370054125785828,-0.0009456633124500513,0.9957031011581421,0.5772855281829834,0.8789323568344116,0.13778086006641388,0.9936231970787048,0.525902509689331,0.8839828968048096,0.12838146090507507,0.9931166768074036,0.5691141486167908,0.8938659429550171,0.14510726928710938,0.9403603076934814,0.529594361782074,0.8965680599212646,0.13501974940299988,0.8589560389518738,0.5857383012771606,0.9374642372131348,0.025308018550276756,0.9892568588256836,0.527271032333374,0.9401656985282898,0.01457953080534935,0.987066388130188
21766.66666666659,0.5589161515235901,0.30041489005088806,-0.27830857038497925,0.9999951124191284,0.5636139512062073,0.28574463725090027,-0.2641293406486511,0.9999906420707703,0.567276656627655,0.28555232286453247,-0.2641420364379883,0.999989926815033,0.5705828070640564,0.2854844331741333,-0.26414886116981506,0.9999890327453613,0.5541185140609741,0.2862292230129242,-0.2625254988670349,0.9999880790710449,0.5511492490768433,0.28669416904449463,-0.2625534236431122,0.9999865889549255,0.5487932562828064,0.2874744236469269,-0.26254209876060486,0.9999855160713196,0.575849175453186,0.2925738990306854,-0.16010969877243042,0.9999830722808838,0.5469944477081299,0.29663005471229553,-0.1525002270936966,0.9999798536300659,0.5662844181060791,0.31514543294906616,-0.23788760602474213,0.9999956488609314,0.5538967847824097,0.31626468896865845,-0.23573778569698334,0.9999945163726807,0.6058223843574524,0.3760962188243866,-0.07993383705615997,0.9999836087226868,0.5288803577423096,0.3840671181678772,-0.07195036113262177,0.9999226927757263,0.620173990726471,0.4745958149433136,-0.09718933701515198,0.994453489780426,0.5104472041130066,0.48171114921569824,-0.07335758209228516,0.9794098734855652,0.5882270336151123,0.5025585293769836,-0.2508591115474701,0.9927234649658203,0.5430122017860413,0.5221592783927917,-0.21225865185260773,0.9643377065658569,0.5799958109855652,0.5226254463195801,-0.2916654646396637,0.9802845120429993,0.5553382635116577,0.538114070892334,-0.24874094128608704,0.9336305856704712,0.5733752846717834,0.5094534754753113,-0.3022962510585785,0.9807030558586121,0.5601113438606262,0.525618851184845,-0.2604556977748871,0.9316319823265076,0.5735763907432556,0.502596378326416,-0.25729572772979736,0.9695540070533752,0.5566104054450989,0.5181039571762085,-0.21857453882694244,0.9009520411491394,0.5842780470848083,0.5797815918922424,0.00218814960680902,0.9996731281280518,0.5389841794967651,0.5761114358901978,-0.002238235902041197,0.99956876039505,0.5796521306037903,0.7406538724899292,-0.0021940984297543764,0.9937000870704651,0.5336050391197205,0.7374919056892395,-0.0009731558966450393,0.9957178831100464,0.5776700377464294,0.8790246248245239,0.14061792194843292,0.9936589002609253,0.5255432724952698,0.8840171098709106,0.12987037003040314,0.9931273460388184,0.5694378018379211,0.8939364552497864,0.14846256375312805,0.9403985738754272,0.5289844870567322,0.8965756297111511,0.136648491024971,0.857971727848053,0.5859947800636292,0.9377355575561523,0.028925366699695587,0.9892972111701965,0.5272599458694458,0.9402097463607788,0.016301902011036873,0.9870073795318604
21799.999999999924,0.5590339303016663,0.30041250586509705,-0.28559544682502747,0.9999951720237732,0.5636862516403198,0.28574830293655396,-0.2715146243572235,0.9999907612800598,0.5673401951789856,0.2855556309223175,-0.27152425050735474,0.9999901056289673,0.57066410779953,0.2854883372783661,-0.2715330421924591,0.9999892115592957,0.5542049407958984,0.28621432185173035,-0.26959100365638733,0.9999881982803345,0.5512775182723999,0.28668177127838135,-0.2696180045604706,0.9999867677688599,0.5489749312400818,0.2874554395675659,-0.26960211992263794,0.9999856352806091,0.5758760571479797,0.29253295063972473,-0.16735893487930298,0.9999834895133972,0.5471354126930237,0.2965809404850006,-0.158354714512825,0.9999799728393555,0.5663412809371948,0.3151460587978363,-0.24515284597873688,0.999995768070221,0.5539836287498474,0.31621745228767395,-0.2426031231880188,0.9999945759773254,0.605884313583374,0.3761722445487976,-0.0869811549782753,0.9999841451644897,0.528971254825592,0.38405659794807434,-0.07459782809019089,0.9999217987060547,0.6205976009368896,0.47461000084877014,-0.10509108752012253,0.9946192502975464,0.5104149580001831,0.48125267028808594,-0.07419521361589432,0.9791069626808167,0.5882725119590759,0.502491295337677,-0.258729487657547,0.9929002523422241,0.5424935817718506,0.5224905014038086,-0.212936133146286,0.9634674191474915,0.5801448225975037,0.52273029088974,-0.2998976409435272,0.9806498289108276,0.5548736453056335,0.5386265516281128,-0.2494402974843979,0.9322677254676819,0.573396623134613,0.5097507238388062,-0.31239253282546997,0.9810547828674316,0.5594730973243713,0.526557981967926,-0.26063209772109985,0.9302826523780823,0.5735957622528076,0.5028353929519653,-0.265502393245697,0.9700318574905396,0.5557889342308044,0.5189111828804016,-0.21893499791622162,0.8991890549659729,0.584506630897522,0.5795146822929382,0.0019048253307119012,0.9996770024299622,0.5390732884407043,0.575735330581665,-0.0019572325982153416,0.9995714426040649,0.5796591639518738,0.7406649589538574,-0.002248781966045499,0.9938279390335083,0.5335899591445923,0.7371026873588562,-0.0003098919987678528,0.9957780838012695,0.5776545405387878,0.879030704498291,0.14706526696681976,0.9937770366668701,0.5255090594291687,0.882560670375824,0.13845576345920563,0.993238091468811,0.5694340467453003,0.8939399123191833,0.1559368520975113,0.9406273365020752,0.5288711786270142,0.8951597809791565,0.1462748944759369,0.8586528897285461,0.5859401822090149,0.9377926588058472,0.0355231910943985,0.98945552110672,0.5272627472877502,0.9399248361587524,0.025880105793476105,0.9871509671211243
21833.333333333256,0.5589719414710999,0.29933732748031616,-0.2728663384914398,0.9999952912330627,0.5636504292488098,0.28526124358177185,-0.25805819034576416,0.9999910593032837,0.5673037171363831,0.2851148545742035,-0.2580651640892029,0.9999904036521912,0.5705978274345398,0.2850184142589569,-0.258066326379776,0.9999895691871643,0.5541545152664185,0.2857603132724762,-0.2562364637851715,0.9999885559082031,0.5512514710426331,0.2863576412200928,-0.25625932216644287,0.9999871253967285,0.5489816665649414,0.2871263027191162,-0.25624075531959534,0.9999859929084778,0.5758262276649475,0.2918229401111603,-0.15412764251232147,0.999984085559845,0.5472105145454407,0.2961406409740448,-0.14582295715808868,0.9999805092811584,0.5662772059440613,0.3138977885246277,-0.23296110332012177,0.9999958872795105,0.5539335012435913,0.3148292601108551,-0.23058579862117767,0.9999947547912598,0.6058642864227295,0.37616944313049316,-0.07698729634284973,0.9999847412109375,0.5291879177093506,0.38427624106407166,-0.0656772330403328,0.9999220967292786,0.6209291815757751,0.4741079807281494,-0.09440938383340836,0.994795560836792,0.5103495121002197,0.4810149669647217,-0.0658874586224556,0.9790132641792297,0.588899552822113,0.5022521018981934,-0.2497311234474182,0.9931318759918213,0.5423285961151123,0.5226532220840454,-0.20204049348831177,0.9629314541816711,0.581041157245636,0.5224168300628662,-0.2910705506801605,0.9811880588531494,0.5547200441360474,0.5388920903205872,-0.23841778934001923,0.9313687086105347,0.573920488357544,0.5096099972724915,-0.30395299196243286,0.9815806150436401,0.5592736005783081,0.5271502137184143,-0.24993184208869934,0.9293763637542725,0.5740756988525391,0.5026415586471558,-0.25666481256484985,0.9707984924316406,0.5554779767990112,0.5193861722946167,-0.20824579894542694,0.8980656862258911,0.5846957564353943,0.5795859098434448,0.002101786667481065,0.999679446220398,0.539305567741394,0.5757311582565308,-0.002153441309928894,0.999573290348053,0.5796859264373779,0.7413133382797241,-0.0022580286022275686,0.993877112865448,0.533630907535553,0.7375012636184692,-0.0026792525313794613,0.995826244354248,0.5776410698890686,0.8792954087257385,0.14764268696308136,0.993832528591156,0.5253078937530518,0.883243203163147,0.13620291650295258,0.9933220148086548,0.5693629384040833,0.8940854072570801,0.15654373168945312,0.940984845161438,0.5284935235977173,0.8958300352096558,0.1439053863286972,0.8589851260185242,0.585942804813385,0.9380615949630737,0.036550361663103104,0.9895374178886414,0.5272583365440369,0.9400471448898315,0.023153899237513542,0.9872345924377441
21866.666666666588,0.5589392185211182,0.29748794436454773,-0.27097055315971375,0.9999952912330627,0.5636245012283325,0.2839708924293518,-0.2563825845718384,0.9999910593032837,0.5672321915626526,0.2837933301925659,-0.2563874125480652,0.9999904632568359,0.5705805420875549,0.2837867736816406,-0.25638797879219055,0.9999896287918091,0.5541222095489502,0.2846702039241791,-0.25438863039016724,0.9999885559082031,0.5512793064117432,0.2853054702281952,-0.2544125020503998,0.9999871253967285,0.5490795373916626,0.2860008180141449,-0.25439852476119995,0.9999859929084778,0.5757879018783569,0.29050958156585693,-0.1533963829278946,0.9999842047691345,0.5475788712501526,0.2946145236492157,-0.1443449705839157,0.9999803900718689,0.566232442855835,0.31219661235809326,-0.23145636916160583,0.9999959468841553,0.5538920760154724,0.3129274547100067,-0.22884829342365265,0.9999948143959045,0.6059896349906921,0.37622228264808655,-0.07669218629598618,0.9999849796295166,0.5295078754425049,0.38426077365875244,-0.06535091251134872,0.9999216198921204,0.6213468909263611,0.47399210929870605,-0.0933932363986969,0.9948862195014954,0.5103350281715393,0.48093080520629883,-0.06601958721876144,0.978726327419281,0.5892926454544067,0.5023837089538574,-0.24610966444015503,0.9931586980819702,0.5423154830932617,0.5231738686561584,-0.1989252120256424,0.9620404243469238,0.5816437602043152,0.5230337977409363,-0.28682735562324524,0.981197714805603,0.5547964572906494,0.5394700765609741,-0.23511363565921783,0.9298993945121765,0.5743275284767151,0.5105426907539368,-0.2999297082424164,0.9815816879272461,0.5593744516372681,0.5279838442802429,-0.24655309319496155,0.9278649091720581,0.5744107365608215,0.50335294008255,-0.25310516357421875,0.9708052277565002,0.5554918646812439,0.5200428366661072,-0.20510052144527435,0.8961365222930908,0.58493572473526,0.5795885324478149,0.0021367238368839025,0.9996821284294128,0.5395421385765076,0.5757173299789429,-0.0021891004871577024,0.9995757341384888,0.5796776413917542,0.7425373792648315,-0.002769321668893099,0.9940001368522644,0.5336270928382874,0.738006055355072,-0.002605944871902466,0.9958842992782593,0.5775067806243896,0.8802326321601868,0.15152384340763092,0.9939448833465576,0.5253685116767883,0.8836436867713928,0.14007233083248138,0.9934320449829102,0.5690893530845642,0.8949363231658936,0.16085407137870789,0.9413201212882996,0.528759241104126,0.8961707353591919,0.14819662272930145,0.8596037030220032,0.585902988910675,0.938718855381012,0.03999078646302223,0.9896880984306335,0.5272727608680725,0.9401624202728271,0.0271025188267231,0.9874145984649658
21899.99999999992,0.5588954091072083,0.29470691084861755,-0.27354148030281067,0.9999952912330627,0.5635928511619568,0.2817031443119049,-0.2589164674282074,0.9999910593032837,0.5671942830085754,0.2815650403499603,-0.25892072916030884,0.9999904632568359,0.5705514550209045,0.28175169229507446,-0.25892019271850586,0.9999896287918091,0.5541166067123413,0.28262338042259216,-0.2565686106681824,0.9999885559082031,0.5513132810592651,0.2830795347690582,-0.2565942704677582,0.9999871253967285,0.5491229891777039,0.2836405634880066,-0.25658807158470154,0.9999860525131226,0.5757964849472046,0.2889445722103119,-0.15651050209999084,0.9999842047691345,0.5477294325828552,0.2923213839530945,-0.14582663774490356,0.9999803304672241,0.5661852955818176,0.30980220437049866,-0.23428504168987274,0.9999960064888,0.5538938045501709,0.3101631700992584,-0.23126062750816345,0.9999948143959045,0.6062965989112854,0.37641599774360657,-0.07936791330575943,0.9999848008155823,0.529595136642456,0.38395634293556213,-0.06675311177968979,0.9999208450317383,0.6218870878219604,0.47404125332832336,-0.09394962340593338,0.9949526190757751,0.510280966758728,0.4808864891529083,-0.06606420874595642,0.9784635901451111,0.5896583795547485,0.5037075281143188,-0.24552908539772034,0.9931374788284302,0.5423271656036377,0.5237618088722229,-0.19653081893920898,0.9612332582473755,0.5820364356040955,0.5247443914413452,-0.2856105864048004,0.9811151623725891,0.5549513697624207,0.540669858455658,-0.23231948912143707,0.92853844165802,0.5746299624443054,0.5126847624778748,-0.2991737127304077,0.98149174451828,0.5596134662628174,0.5287096500396729,-0.24403712153434753,0.9264715909957886,0.5747028589248657,0.5052922368049622,-0.2525940239429474,0.9706817269325256,0.555601954460144,0.5205493569374084,-0.20271983742713928,0.8943402767181396,0.5850705504417419,0.5797313451766968,0.002054966054856777,0.9996805191040039,0.5396579504013062,0.575728178024292,-0.002109442139044404,0.9995765686035156,0.5796703696250916,0.7427766919136047,-0.0027810095343738794,0.9940954446792603,0.5336195230484009,0.7385290265083313,-0.001850082422606647,0.9959468841552734,0.5773958563804626,0.8802298307418823,0.1578073501586914,0.9940141439437866,0.5253645181655884,0.8849067091941833,0.14445845782756805,0.993548572063446,0.5688505172729492,0.8949317336082458,0.1676957905292511,0.9413642883300781,0.5288276076316833,0.8970721364021301,0.15283244848251343,0.8603668808937073,0.5859020948410034,0.9387508034706116,0.047569338232278824,0.9897900223731995,0.5272828340530396,0.9403215050697327,0.031466469168663025,0.9875891208648682
21933.333333333252,0.5587270855903625,0.28989073634147644,-0.27238497138023376,0.9999951720237732,0.5635139346122742,0.2783311605453491,-0.2575739920139313,0.999990701675415,0.56707364320755,0.2784038484096527,-0.2575755715370178,0.9999901056289673,0.57048499584198,0.27865856885910034,-0.25757232308387756,0.9999893307685852,0.5540733337402344,0.27916398644447327,-0.25540444254875183,0.9999881386756897,0.551299512386322,0.2797289788722992,-0.255430668592453,0.9999867677688599,0.5490962862968445,0.28044140338897705,-0.25542762875556946,0.9999857544898987,0.5757784247398376,0.28652676939964294,-0.1564752757549286,0.9999833703041077,0.5477107167243958,0.2899540066719055,-0.14592958986759186,0.9999794363975525,0.5661067962646484,0.3059775233268738,-0.23388037085533142,0.9999958872795105,0.5538368821144104,0.30571553111076355,-0.23096612095832825,0.999994695186615,0.6062876582145691,0.3763834536075592,-0.08017910271883011,0.9999843239784241,0.5295729041099548,0.3833332061767578,-0.06823445856571198,0.9999182820320129,0.6222397685050964,0.47356152534484863,-0.08627399802207947,0.995000958442688,0.5101131796836853,0.48077255487442017,-0.060762014240026474,0.9785581231117249,0.5901365876197815,0.5055330395698547,-0.21961812674999237,0.9929662346839905,0.5423721671104431,0.5239830613136292,-0.17325392365455627,0.9608646035194397,0.5833339095115662,0.5272226333618164,-0.2572147250175476,0.9805955290794373,0.5551994442939758,0.5413388609886169,-0.20667758584022522,0.9276483058929443,0.5756276249885559,0.5157495737075806,-0.2718721926212311,0.9809655547142029,0.5598707795143127,0.5291972756385803,-0.21894200146198273,0.9255511164665222,0.5755504369735718,0.5080497860908508,-0.2268126755952835,0.9700105786323547,0.5558377504348755,0.5209407806396484,-0.179232656955719,0.893248975276947,0.5852099657058716,0.5797408223152161,0.001455059740692377,0.9996779561042786,0.5397536754608154,0.5757273435592651,-0.0015186892123892903,0.9995737075805664,0.5796650648117065,0.7431051135063171,-0.003196776146069169,0.9942061901092529,0.5336907505989075,0.7385289669036865,0.0002760050119832158,0.9959478974342346,0.5773912668228149,0.8808297514915466,0.15435531735420227,0.994113564491272,0.5255646109580994,0.8849591016769409,0.14441195130348206,0.9935940504074097,0.5688439011573792,0.8956583738327026,0.1635240614414215,0.9410151839256287,0.5292782783508301,0.8971413373947144,0.15252622961997986,0.8603484630584717,0.5858996510505676,0.9390795826911926,0.043564293533563614,0.9898983836174011,0.5272970795631409,0.9403451681137085,0.03242260590195656,0.987697958946228
21966.666666666584,0.5587132573127747,0.2865237295627594,-0.2556663453578949,0.9999949932098389,0.5634641647338867,0.27589693665504456,-0.24017973244190216,0.9999901652336121,0.5670064687728882,0.27601706981658936,-0.2401861846446991,0.9999895691871643,0.5704724192619324,0.2761504054069519,-0.2401788979768753,0.999988853931427,0.5540414452552795,0.27678924798965454,-0.2383928894996643,0.9999875426292419,0.5512875914573669,0.27753838896751404,-0.23841485381126404,0.9999861717224121,0.5490747094154358,0.27837926149368286,-0.2384141981601715,0.9999852180480957,0.5757609009742737,0.28410762548446655,-0.14142461121082306,0.9999822378158569,0.5476874709129333,0.2883947789669037,-0.1328589916229248,0.9999780654907227,0.5660779476165771,0.30292293429374695,-0.21845752000808716,0.999995768070221,0.5538178086280823,0.30298110842704773,-0.21605105698108673,0.9999945759773254,0.6062596440315247,0.37633928656578064,-0.07150039821863174,0.9999839067459106,0.5295425653457642,0.38234809041023254,-0.061198122799396515,0.9999152421951294,0.622714638710022,0.4728337228298187,-0.0667024552822113,0.9949684739112854,0.5098478198051453,0.48056724667549133,-0.04621018469333649,0.978617250919342,0.590961754322052,0.5067537426948547,-0.191063791513443,0.9926648736000061,0.5425072312355042,0.5247121453285217,-0.15191593766212463,0.9604777097702026,0.5848950743675232,0.530069887638092,-0.22776763141155243,0.9798092246055603,0.5555595755577087,0.5425748229026794,-0.1850365698337555,0.926750659942627,0.5767043828964233,0.5187446475028992,-0.24371197819709778,0.9801838397979736,0.5600691437721252,0.530219316482544,-0.1975463330745697,0.9246375560760498,0.5764038562774658,0.510535717010498,-0.1987544596195221,0.9690561294555664,0.5560103058815002,0.5219340324401855,-0.15797977149486542,0.8923172950744629,0.5851956605911255,0.5804405212402344,0.0013802337925881147,0.999679446220398,0.5397384166717529,0.575846254825592,-0.0014458105433732271,0.9995733499526978,0.5795692205429077,0.7446614503860474,-0.006349863950163126,0.994277834892273,0.5337051153182983,0.7390124797821045,0.00021552380349021405,0.9959313273429871,0.577328085899353,0.8808543682098389,0.15584780275821686,0.99415522813797,0.5255784392356873,0.8848827481269836,0.14672286808490753,0.9936028718948364,0.5687713623046875,0.8956466913223267,0.1656154990196228,0.9401279091835022,0.5292997360229492,0.8968292474746704,0.15528661012649536,0.8597832322120667,0.5857805013656616,0.9391391277313232,0.04653345048427582,0.9899195432662964,0.5273522138595581,0.9402937293052673,0.03630030155181885,0.9877701997756958
21999.999999999916,0.5586833357810974,0.2854004204273224,-0.25919538736343384,0.9999950528144836,0.5634499192237854,0.2748688757419586,-0.2437608540058136,0.9999902248382568,0.5669947862625122,0.27499324083328247,-0.24376584589481354,0.9999896287918091,0.5704410672187805,0.27506542205810547,-0.2437589466571808,0.9999889135360718,0.5540336966514587,0.2758249044418335,-0.24205024540424347,0.9999876618385315,0.5512732863426208,0.2766718864440918,-0.2420736402273178,0.9999863505363464,0.549057126045227,0.27760282158851624,-0.2420705258846283,0.9999854564666748,0.5757459998130798,0.28311440348625183,-0.14386728405952454,0.9999821186065674,0.5476606488227844,0.28774192929267883,-0.1357457935810089,0.9999781847000122,0.5660746097564697,0.3018573820590973,-0.22138576209545135,0.9999958276748657,0.5537980198860168,0.3020625710487366,-0.21909493207931519,0.999994695186615,0.606235921382904,0.37634655833244324,-0.07218999415636063,0.9999837279319763,0.529502272605896,0.3820861577987671,-0.061992958188056946,0.9999147653579712,0.6235364675521851,0.4723750650882721,-0.07107532024383545,0.9950097799301147,0.5085564255714417,0.48027557134628296,-0.051615070551633835,0.979148268699646,0.5925099849700928,0.507221519947052,-0.20152117311954498,0.9925824999809265,0.5424743294715881,0.5251563787460327,-0.161836639046669,0.9608702659606934,0.5870435237884521,0.5311600565910339,-0.23904336988925934,0.9795815348625183,0.5557831525802612,0.5429214835166931,-0.19549135863780975,0.9270023703575134,0.5785827040672302,0.520034909248352,-0.2548544108867645,0.9799536466598511,0.560092568397522,0.5305577516555786,-0.20723028481006622,0.9248669743537903,0.5782392621040344,0.5116490721702576,-0.20924019813537598,0.9688407778739929,0.5560033917427063,0.522339403629303,-0.1675662100315094,0.892820417881012,0.585198163986206,0.5805723667144775,0.0012797494418919086,0.9996813535690308,0.5397341847419739,0.5762757658958435,-0.0013479252811521292,0.9995757341384888,0.5795571804046631,0.7447817325592041,-0.00641932338476181,0.9943325519561768,0.5336679220199585,0.7395059466362,0.0007307697669602931,0.9959057569503784,0.5771681070327759,0.8807344436645508,0.16018222272396088,0.9941532611846924,0.525664210319519,0.8848445415496826,0.1504247784614563,0.9935953617095947,0.5686684250831604,0.8952951431274414,0.17049656808376312,0.9393467307090759,0.5294567346572876,0.8965122699737549,0.1592683494091034,0.8594601154327393,0.5854703187942505,0.9390227198600769,0.05288635194301605,0.9899049997329712,0.5274339318275452,0.9403319358825684,0.04105086624622345,0.9878064393997192
22033.33333333325,0.55866539478302,0.2854474186897278,-0.25461965799331665,0.9999949336051941,0.5634032487869263,0.2746707797050476,-0.23909537494182587,0.9999898672103882,0.5669395923614502,0.27478012442588806,-0.23910106718540192,0.9999892711639404,0.5704138278961182,0.2748440206050873,-0.2390933483839035,0.9999885559082031,0.5539995431900024,0.27566275000572205,-0.23722897469997406,0.9999873042106628,0.5512660145759583,0.2765270471572876,-0.23725150525569916,0.9999860525131226,0.5490438342094421,0.27751123905181885,-0.2372507005929947,0.9999852180480957,0.5757371783256531,0.28275832533836365,-0.14073535799980164,0.9999812245368958,0.5476462244987488,0.28758254647254944,-0.1320238560438156,0.9999775290489197,0.5660591721534729,0.301705539226532,-0.2175777554512024,0.999995768070221,0.5537891387939453,0.3019557595252991,-0.21511180698871613,0.9999946355819702,0.6062175631523132,0.37630942463874817,-0.07126517593860626,0.9999832510948181,0.5293022990226746,0.3820776343345642,-0.06008206307888031,0.9999136924743652,0.625133216381073,0.47059428691864014,-0.06535733491182327,0.9949898719787598,0.5072023272514343,0.48024070262908936,-0.04432326927781105,0.9796110391616821,0.5939042568206787,0.5076162815093994,-0.18969851732254028,0.9923077821731567,0.5424712300300598,0.5251688361167908,-0.14814123511314392,0.9611285328865051,0.5889672040939331,0.5316900014877319,-0.22644813358783722,0.9788911938667297,0.5558763742446899,0.5427955389022827,-0.18092751502990723,0.9269801378250122,0.5804702043533325,0.5213268995285034,-0.24272069334983826,0.9792637228965759,0.5600893497467041,0.5304156541824341,-0.19260580837726593,0.9247921705245972,0.579948365688324,0.5129664540290833,-0.19750219583511353,0.9679976105690002,0.5559858679771423,0.5222560167312622,-0.15372659265995026,0.8929415941238403,0.5851967334747314,0.5815154314041138,0.0007352270185947418,0.9996825456619263,0.5397341251373291,0.5772286653518677,-0.0008086049347184598,0.9995766878128052,0.5795246362686157,0.7450940012931824,-0.006331850308924913,0.9943567514419556,0.5335853695869446,0.7403779029846191,0.003729038406163454,0.9958553910255432,0.5770015716552734,0.8807327747344971,0.16356587409973145,0.9941146373748779,0.5260741710662842,0.884604275226593,0.15647612512111664,0.9935364723205566,0.5686121582984924,0.8952001333236694,0.17425552010536194,0.9382097721099854,0.5300810933113098,0.8953069448471069,0.16573576629161835,0.8589488863945007,0.5852186679840088,0.9390211701393127,0.05780749022960663,0.989827036857605,0.5275274515151978,0.9403566718101501,0.0491814985871315,0.9877764582633972
22066.66666666658,0.5586453676223755,0.28542011976242065,-0.24623100459575653,0.9999947547912598,0.56337970495224,0.27460259199142456,-0.23008517920970917,0.9999893307685852,0.5669136643409729,0.2747524082660675,-0.2300911843776703,0.9999887347221375,0.5703890919685364,0.27483925223350525,-0.23008383810520172,0.9999880194664001,0.5539823770523071,0.27547699213027954,-0.22873252630233765,0.9999867677688599,0.5512641668319702,0.2763196527957916,-0.22875097393989563,0.9999855756759644,0.5490639805793762,0.27729398012161255,-0.228745698928833,0.9999848008155823,0.5757272243499756,0.28272977471351624,-0.13127849996089935,0.9999799728393555,0.5476322770118713,0.28730276226997375,-0.12482226639986038,0.999976396560669,0.5660513639450073,0.30162468552589417,-0.20921358466148376,0.9999956488609314,0.5537751317024231,0.3019169270992279,-0.20738458633422852,0.9999945163726807,0.6060878038406372,0.3762509524822235,-0.06473517417907715,0.9999828934669495,0.5288477540016174,0.38206207752227783,-0.05586337670683861,0.9999106526374817,0.6264815926551819,0.4687976539134979,-0.05798671394586563,0.9949791431427002,0.5067101120948792,0.4804099202156067,-0.04138140752911568,0.9799795150756836,0.5950422286987305,0.5077568888664246,-0.17927400767803192,0.9920378923416138,0.5429423451423645,0.5252795219421387,-0.1418507844209671,0.9612166285514832,0.590638279914856,0.5324182510375977,-0.21620148420333862,0.9781778454780579,0.5568700432777405,0.5428723096847534,-0.1749257743358612,0.9266480803489685,0.5820581912994385,0.5228455066680908,-0.23280736804008484,0.978556752204895,0.5609644055366516,0.5307251214981079,-0.18617156147956848,0.9244241118431091,0.5813164114952087,0.5141551494598389,-0.1872982531785965,0.9671388268470764,0.5567941069602966,0.5224488973617554,-0.14719584584236145,0.8925725221633911,0.5851920247077942,0.5815446376800537,0.000490558217279613,0.9996845126152039,0.5397323369979858,0.5774447321891785,-0.0005591827793978155,0.9995772838592529,0.5794762969017029,0.7450070381164551,-0.007302745245397091,0.9944176077842712,0.5335490703582764,0.7404205799102783,0.0032929074950516224,0.9958057999610901,0.5768032670021057,0.8807247281074524,0.16275334358215332,0.9941485524177551,0.5262550711631775,0.8845754861831665,0.1537817269563675,0.9935672879219055,0.5685157775878906,0.8951203227043152,0.17283718287944794,0.9374566674232483,0.5303189754486084,0.8950148224830627,0.16264423727989197,0.8595841526985168,0.5849078297615051,0.9390155076980591,0.05469483509659767,0.9898697137832642,0.5275287628173828,0.9403835535049438,0.04500250145792961,0.9878878593444824
22099.999999999913,0.5586370229721069,0.2856025993824005,-0.24952127039432526,0.9999947547912598,0.5633668303489685,0.27469468116760254,-0.2336539328098297,0.9999892115592957,0.5668942332267761,0.2748450040817261,-0.23365934193134308,0.9999885559082031,0.5703688859939575,0.2749410569667816,-0.23365232348442078,0.9999879002571106,0.5539748668670654,0.2755453586578369,-0.2323235422372818,0.9999867677688599,0.5512702465057373,0.2763708829879761,-0.23234356939792633,0.9999856352806091,0.5490879416465759,0.27734148502349854,-0.23233601450920105,0.9999849200248718,0.575721800327301,0.2828599512577057,-0.13466490805149078,0.9999794363975525,0.5476182103157043,0.28726595640182495,-0.1282951980829239,0.9999762773513794,0.5660409927368164,0.30167901515960693,-0.2123255729675293,0.9999956488609314,0.5537620186805725,0.30199378728866577,-0.21055544912815094,0.9999945163726807,0.6058565378189087,0.37624049186706543,-0.06633277237415314,0.9999825358390808,0.5284106135368347,0.38202720880508423,-0.05757024139165878,0.9999103546142578,0.6273301839828491,0.4676584303379059,-0.06238897889852524,0.9950478672981262,0.5060060024261475,0.4804939031600952,-0.04632595553994179,0.9804419875144958,0.5963479280471802,0.5081701278686523,-0.18648499250411987,0.9919354915618896,0.5428157448768616,0.5252357721328735,-0.1535060703754425,0.9618396759033203,0.5919207334518433,0.5329488515853882,-0.22354932129383087,0.9778292179107666,0.5563030242919922,0.5426892042160034,-0.1871272474527359,0.9273937940597534,0.58360356092453,0.5237865447998047,-0.23978756368160248,0.9782073497772217,0.5606960654258728,0.5306522846221924,-0.1985832005739212,0.9251767992973328,0.5829086303710938,0.5149100422859192,-0.19436043500900269,0.9667475819587708,0.5566976070404053,0.5224125385284424,-0.15906743705272675,0.893642246723175,0.5851866006851196,0.5814648866653442,0.0004506951372604817,0.9996840953826904,0.5397460460662842,0.5777066349983215,-0.0005190757219679654,0.9995795488357544,0.5793328881263733,0.7443516850471497,-0.002039826475083828,0.9944743514060974,0.5333332419395447,0.740342915058136,0.005292658694088459,0.9957989454269409,0.5765612125396729,0.8807177543640137,0.16192898154258728,0.994199812412262,0.5267762541770935,0.884361743927002,0.15263202786445618,0.9936307072639465,0.568332850933075,0.8951135873794556,0.17095619440078735,0.9373222589492798,0.5309740304946899,0.8948228359222412,0.1617770791053772,0.8608800768852234,0.5848913192749023,0.938978910446167,0.05337352678179741,0.9899750351905823,0.5275458693504333,0.9403175115585327,0.04305628314614296,0.9880418181419373
22133.333333333245,0.5586848855018616,0.2859315872192383,-0.2504192888736725,0.9999947547912598,0.563367486000061,0.27488845586776733,-0.23462852835655212,0.9999890327453613,0.5668801665306091,0.27502694725990295,-0.23463544249534607,0.9999883770942688,0.5703526139259338,0.275113582611084,-0.2346312552690506,0.9999877214431763,0.5539770126342773,0.27571094036102295,-0.2334248125553131,0.9999867081642151,0.5512765049934387,0.2765245735645294,-0.23344632983207703,0.9999856352806091,0.5490925908088684,0.27747637033462524,-0.2334389090538025,0.9999850392341614,0.5756703615188599,0.28299054503440857,-0.13526389002799988,0.9999790191650391,0.5475527048110962,0.287368506193161,-0.12936916947364807,0.9999762773513794,0.5660401582717896,0.30196115374565125,-0.2129693329334259,0.9999956488609314,0.5537624955177307,0.30228951573371887,-0.21134598553180695,0.9999945759773254,0.6056315302848816,0.37623724341392517,-0.06600745767354965,0.9999821782112122,0.5277840495109558,0.3821181654930115,-0.058564670383930206,0.9999107718467712,0.6280391812324524,0.46641385555267334,-0.06275860220193863,0.9950551986694336,0.5053865313529968,0.4807099401950836,-0.048613034188747406,0.9808667898178101,0.5976718068122864,0.5082359910011292,-0.18806050717830658,0.9916678667068481,0.5425558090209961,0.5252337455749512,-0.15931324660778046,0.962733268737793,0.5929744243621826,0.5329841375350952,-0.22534634172916412,0.9771223068237305,0.5553150177001953,0.542554497718811,-0.19334784150123596,0.928787887096405,0.5848974585533142,0.523987889289856,-0.24127329885959625,0.9775044322013855,0.5600687861442566,0.5305420756340027,-0.20503871142864227,0.9266312122344971,0.5843602418899536,0.5151385068893433,-0.1959160417318344,0.9658980369567871,0.5564061403274536,0.5223885774612427,-0.16506171226501465,0.8956361413002014,0.5852049589157104,0.5818796157836914,0.0003782525018323213,0.999684751033783,0.5397534966468811,0.5786700248718262,-0.0004471133870538324,0.9995818138122559,0.5792571902275085,0.7444120645523071,-0.0016152746975421906,0.9945633411407471,0.533202588558197,0.7407240867614746,0.006657206453382969,0.9957858920097351,0.5765496492385864,0.8807687759399414,0.16104954481124878,0.9942529797554016,0.5281660556793213,0.8840934038162231,0.1533968597650528,0.9936792254447937,0.5683409571647644,0.8951213955879211,0.17029382288455963,0.9371452331542969,0.5319889783859253,0.8947059512138367,0.16212107241153717,0.862287700176239,0.5848791599273682,0.9389578104019165,0.05351559445261955,0.9900660514831543,0.5275947451591492,0.940274178981781,0.04598602280020714,0.9882000684738159
22166.666666666577,0.5586812496185303,0.28651678562164307,-0.24742566049098969,0.999994695186615,0.5633599758148193,0.27508625388145447,-0.2319800853729248,0.999988853931427,0.5668380260467529,0.2751685082912445,-0.23198455572128296,0.9999881386756897,0.5702531933784485,0.27528879046440125,-0.231976717710495,0.9999874830245972,0.5539695024490356,0.276010662317276,-0.23084419965744019,0.9999867081642151,0.5512732267379761,0.27675384283065796,-0.2308691143989563,0.9999856352806091,0.5490888953208923,0.27766597270965576,-0.23086436092853546,0.9999851584434509,0.5754477977752686,0.28308534622192383,-0.1325235664844513,0.9999783635139465,0.5475178956985474,0.2873930335044861,-0.12734393775463104,0.9999763369560242,0.5659887790679932,0.30232709646224976,-0.2098267525434494,0.9999956488609314,0.5537567734718323,0.3026575446128845,-0.2083853930234909,0.9999946355819702,0.6053515672683716,0.3763168752193451,-0.06128760054707527,0.9999819993972778,0.5271488428115845,0.3823457956314087,-0.05861975625157356,0.9999129176139832,0.6282424330711365,0.4653281271457672,-0.06195487082004547,0.9951024651527405,0.504372239112854,0.4807225465774536,-0.05233658105134964,0.9815356135368347,0.5991846919059753,0.5081613659858704,-0.19319628179073334,0.9916775822639465,0.5411384701728821,0.5251601338386536,-0.16979314386844635,0.9641429781913757,0.5940424203872681,0.5327829122543335,-0.23110292851924896,0.9771264791488647,0.5530128479003906,0.5421890616416931,-0.20484313368797302,0.9311710596084595,0.5861987471580505,0.5238357782363892,-0.246729776263237,0.9775152206420898,0.5583139061927795,0.5302957892417908,-0.21582652628421783,0.9290974140167236,0.5859784483909607,0.5150051116943359,-0.20101462304592133,0.9659943580627441,0.5548713207244873,0.5223208665847778,-0.17526835203170776,0.8989557027816772,0.5851772427558899,0.5820895433425903,0.0014317021705210209,0.9996830821037292,0.5397518277168274,0.5791438817977905,-0.0014960914850234985,0.9995851516723633,0.5790013074874878,0.7443774342536926,-0.0011770302662625909,0.994505763053894,0.5330079197883606,0.7407406568527222,0.0024264962412416935,0.9957439303398132,0.5764876008033752,0.8804063200950623,0.16088013350963593,0.9941582679748535,0.5279386043548584,0.8840866684913635,0.14558717608451843,0.9936448335647583,0.5682851672172546,0.8947053551673889,0.16997767984867096,0.9368627667427063,0.531484842300415,0.894696056842804,0.15381428599357605,0.861886739730835,0.5848789215087891,0.9387462735176086,0.05294734239578247,0.9899843335151672,0.5276153683662415,0.9402270913124084,0.038859084248542786,0.9881623983383179
22199.99999999991,0.5586312413215637,0.2871948778629303,-0.24887634813785553,0.999994695186615,0.563258945941925,0.2754833400249481,-0.23325233161449432,0.9999886751174927,0.5666576623916626,0.2755536139011383,-0.2332625538110733,0.9999878406524658,0.5700014233589172,0.27576908469200134,-0.2332611232995987,0.9999871850013733,0.5539188385009766,0.2762486934661865,-0.23217801749706268,0.9999867081642151,0.5512361526489258,0.2768815755844116,-0.23219752311706543,0.9999856948852539,0.5490254759788513,0.27774184942245483,-0.23218576610088348,0.9999853372573853,0.5751679539680481,0.2835928499698639,-0.13262316584587097,0.9999775886535645,0.5473666787147522,0.2874108552932739,-0.12759749591350555,0.9999765157699585,0.5656839609146118,0.3028535842895508,-0.21089433133602142,0.9999956488609314,0.5536916851997375,0.30310603976249695,-0.20941907167434692,0.999994695186615,0.6050211191177368,0.3765376806259155,-0.06204245984554291,0.9999815225601196,0.5264671444892883,0.3824528455734253,-0.06133086606860161,0.9999153017997742,0.6283599138259888,0.4647457003593445,-0.06299799680709839,0.9951164126396179,0.5030244588851929,0.4805733561515808,-0.06229428946971893,0.9822764992713928,0.5992904901504517,0.5081009864807129,-0.1960221230983734,0.9916119575500488,0.540084958076477,0.5250074863433838,-0.18357223272323608,0.9656639695167542,0.5941521525382996,0.5327844619750977,-0.23401059210300446,0.9769650101661682,0.5516976118087769,0.5420067310333252,-0.21907366812229156,0.9337607622146606,0.5864394903182983,0.5241280198097229,-0.24989643692970276,0.977353036403656,0.55743008852005,0.5302721261978149,-0.2291131317615509,0.9317499399185181,0.586125910282135,0.5151812434196472,-0.2039705067873001,0.9658510088920593,0.5541233420372009,0.5222756266593933,-0.18864993751049042,0.9024875164031982,0.5851275324821472,0.5826347470283508,0.0015028738416731358,0.9996815919876099,0.5397205948829651,0.5798985958099365,-0.0015697949565947056,0.9995890259742737,0.5786115527153015,0.7445319294929504,-0.0012110206298530102,0.9944118857383728,0.5327593088150024,0.7409613728523254,0.0023488670121878386,0.9956802725791931,0.5760729312896729,0.8803154230117798,0.16196617484092712,0.9939917922019958,0.5279055237770081,0.8841437101364136,0.14612571895122528,0.9935765862464905,0.5680602788925171,0.8945235013961792,0.17173419892787933,0.936069130897522,0.5313493013381958,0.894709050655365,0.15463145077228546,0.8613100647926331,0.5847713947296143,0.9387469291687012,0.0582207627594471,0.9898166656494141,0.5276721119880676,0.9401333928108215,0.040628354996442795,0.9880808591842651
22233.33333333324,0.5586250424385071,0.287988543510437,-0.26325762271881104,0.9999945759773254,0.5632094740867615,0.27604690194129944,-0.2481115162372589,0.9999881982803345,0.5665573477745056,0.276093065738678,-0.24811434745788574,0.9999872446060181,0.5698265433311462,0.27638325095176697,-0.24810583889484406,0.9999865293502808,0.5539043545722961,0.276729553937912,-0.24705538153648376,0.999986469745636,0.5512197017669678,0.27725669741630554,-0.2470850795507431,0.9999854564666748,0.5489798188209534,0.27806201577186584,-0.24708779156208038,0.9999852180480957,0.5748623013496399,0.28411176800727844,-0.1476389318704605,0.9999759793281555,0.547161340713501,0.2875785827636719,-0.14294959604740143,0.9999762773513794,0.5655618906021118,0.30346378684043884,-0.22503843903541565,0.9999954700469971,0.5536724925041199,0.30369922518730164,-0.22373715043067932,0.9999946355819702,0.6045244336128235,0.37656170129776,-0.07270441949367523,0.9999807476997375,0.5257884860038757,0.38249218463897705,-0.07217425853013992,0.9999168515205383,0.62834233045578,0.46422886848449707,-0.07146022468805313,0.9950575828552246,0.5015643239021301,0.48008280992507935,-0.07163413614034653,0.9829468131065369,0.5990858674049377,0.5076673626899719,-0.20427145063877106,0.991388738155365,0.5386045575141907,0.5247635841369629,-0.192116841673851,0.9668568968772888,0.5937898755073547,0.5326723456382751,-0.24160082638263702,0.9764338135719299,0.5500285029411316,0.5418646931648254,-0.22716593742370605,0.9357064366340637,0.586195170879364,0.5239353775978088,-0.25791147351264954,0.9768250584602356,0.5559899806976318,0.5302169322967529,-0.2374824732542038,0.9337455034255981,0.5859048962593079,0.5151471495628357,-0.21229277551174164,0.9651809334754944,0.5526849031448364,0.5222477912902832,-0.19723694026470184,0.9051505327224731,0.5849740505218506,0.5828057527542114,0.0015384595608338714,0.9996722936630249,0.5396780371665955,0.580382764339447,-0.0016077174805104733,0.999586284160614,0.5785014033317566,0.7432628870010376,0.004298574756830931,0.9943352937698364,0.53261399269104,0.7409646511077881,0.004605431575328112,0.9956271648406982,0.5761759281158447,0.8799318671226501,0.16347478330135345,0.9938847422599792,0.5279539823532104,0.8839422464370728,0.14837312698364258,0.993518590927124,0.5681180953979492,0.8940037488937378,0.17297416925430298,0.9351192712783813,0.5313811898231506,0.8942748308181763,0.15687771141529083,0.8611340522766113,0.5847911238670349,0.9386577606201172,0.059753697365522385,0.9897148013114929,0.5277834534645081,0.9397479295730591,0.043435756117105484,0.9880334734916687
22266.666666666573,0.5585495233535767,0.2883026599884033,-0.2691447138786316,0.9999945759773254,0.5630939602851868,0.27615559101104736,-0.25412875413894653,0.9999881386756897,0.5664432644844055,0.27620959281921387,-0.2541314959526062,0.9999871253967285,0.5696824789047241,0.27653542160987854,-0.2541239857673645,0.9999863505363464,0.5536940097808838,0.27680066227912903,-0.2527430057525635,0.9999865889549255,0.5509746670722961,0.27732017636299133,-0.252773255109787,0.9999856352806091,0.5486196279525757,0.27814939618110657,-0.2527768909931183,0.9999854564666748,0.5746533274650574,0.2842693626880646,-0.15409427881240845,0.9999756217002869,0.5465914607048035,0.2876262664794922,-0.1479611098766327,0.9999766945838928,0.5654398798942566,0.30385276675224304,-0.2309867888689041,0.9999954700469971,0.5535101294517517,0.30406448245048523,-0.2293073982000351,0.9999947547912598,0.6041275262832642,0.3765881359577179,-0.0798121765255928,0.9999803304672241,0.5250875949859619,0.3824620544910431,-0.0741133987903595,0.9999185800552368,0.6281998753547668,0.4641430675983429,-0.0747307538986206,0.9949787855148315,0.499449223279953,0.47899046540260315,-0.07096119225025177,0.9835101962089539,0.5990352034568787,0.5076200366020203,-0.20441405475139618,0.9910731315612793,0.5372422933578491,0.5246331095695496,-0.19111226499080658,0.9677866697311401,0.5934997797012329,0.5326364040374756,-0.24182343482971191,0.9757176637649536,0.5483829379081726,0.5418213605880737,-0.22589631378650665,0.9371695518493652,0.5858439207077026,0.5237389206886292,-0.2580292522907257,0.9761046767234802,0.5542276501655579,0.5301918983459473,-0.23665538430213928,0.9352409839630127,0.5855497717857361,0.5149535536766052,-0.21238042414188385,0.9642711877822876,0.5511272549629211,0.5223413109779358,-0.19644831120967865,0.9072242379188538,0.5847598910331726,0.5833568572998047,0.0007631808402948081,0.9996725916862488,0.5394829511642456,0.5809990763664246,-0.0008459197706542909,0.9995889067649841,0.5784109830856323,0.7437161207199097,0.003385196439921856,0.9943697452545166,0.5323331356048584,0.7417736053466797,0.009798512794077396,0.9955966472625732,0.5761706233024597,0.8799688816070557,0.1678629070520401,0.9938790798187256,0.5282785892486572,0.8837541341781616,0.16069073975086212,0.993520200252533,0.5681626200675964,0.8939942717552185,0.17804580926895142,0.9346897602081299,0.5319753289222717,0.8937547206878662,0.16997738182544708,0.862362802028656,0.584791362285614,0.9386626482009888,0.064817875623703,0.9897378087043762,0.5278146266937256,0.9393348097801208,0.057159796357154846,0.9881122708320618
22299.999999999905,0.5583803057670593,0.28853490948677063,-0.27925434708595276,0.9999945163726807,0.5628780126571655,0.2762036919593811,-0.2646256983280182,0.9999878406524658,0.5662554502487183,0.27624815702438354,-0.26462477445602417,0.9999867677688599,0.5694665312767029,0.2765667140483856,-0.264616459608078,0.9999858736991882,0.5533615946769714,0.27688875794410706,-0.262675404548645,0.999986469745636,0.5506142973899841,0.27742406725883484,-0.26271116733551025,0.9999855756759644,0.5481664538383484,0.27827292680740356,-0.2627156972885132,0.9999854564666748,0.5744503140449524,0.2843264639377594,-0.1654045581817627,0.9999746084213257,0.5460445880889893,0.2877623438835144,-0.1566590517759323,0.9999767541885376,0.565267026424408,0.304151326417923,-0.24133047461509705,0.9999953508377075,0.5532872676849365,0.30446115136146545,-0.23889684677124023,0.9999947547912598,0.6039434671401978,0.3765976130962372,-0.09048406779766083,0.9999794363975525,0.5247322916984558,0.38245439529418945,-0.07954443246126175,0.9999198317527771,0.6281456351280212,0.46426090598106384,-0.08452986925840378,0.994804322719574,0.49669933319091797,0.47731533646583557,-0.07415221631526947,0.9839869141578674,0.5979844927787781,0.5075977444648743,-0.208852618932724,0.9903729557991028,0.5359603762626648,0.5243664979934692,-0.19347062706947327,0.9682327508926392,0.5926215648651123,0.5325330495834351,-0.24503950774669647,0.9740635752677917,0.5468998551368713,0.5416197776794434,-0.2280266433954239,0.9376380443572998,0.5855036973953247,0.5235989689826965,-0.2613585889339447,0.9744408130645752,0.5524553060531616,0.5301322340965271,-0.23840460181236267,0.9356855750083923,0.5851738452911377,0.5147995352745056,-0.21662260591983795,0.9620643258094788,0.5496333837509155,0.5223235487937927,-0.19868923723697662,0.9078907370567322,0.5844919085502625,0.5837755799293518,-2.3058237275108695e-05,0.9996728301048279,0.538979709148407,0.5813649892807007,-7.111245213309303e-05,0.9995935559272766,0.5783554911613464,0.7434134483337402,0.006229577120393515,0.9944638609886169,0.5321888327598572,0.7417688369750977,0.01585535705089569,0.995663583278656,0.5761632323265076,0.8800081014633179,0.1733953058719635,0.9939834475517273,0.5282545685768127,0.8823639154434204,0.16977766156196594,0.993637204170227,0.5682152509689331,0.8940200209617615,0.1837063580751419,0.9347995519638062,0.5319638848304749,0.8920366764068604,0.1793535351753235,0.8646058440208435,0.5847876071929932,0.938660740852356,0.0699058547616005,0.9898899793624878,0.527640700340271,0.9384223818778992,0.06668032705783844,0.988341212272644
22333.333333333238,0.5581210255622864,0.2886371314525604,-0.28277212381362915,0.9999942779541016,0.5626925230026245,0.2762235999107361,-0.26853320002555847,0.9999870657920837,0.5660964846611023,0.2762655019760132,-0.26853206753730774,0.9999858140945435,0.5692948698997498,0.27659058570861816,-0.2685266137123108,0.9999847412109375,0.5530601143836975,0.27691715955734253,-0.26654502749443054,0.999985933303833,0.5502917766571045,0.27746060490608215,-0.2665816843509674,0.9999850988388062,0.5477814078330994,0.27831506729125977,-0.2665868103504181,0.9999850988388062,0.5742835998535156,0.284366250038147,-0.17002753913402557,0.9999723434448242,0.5455830097198486,0.2877942621707916,-0.1613307148218155,0.9999762177467346,0.5649577975273132,0.3043105900287628,-0.24497780203819275,0.9999949932098389,0.5529306530952454,0.3046146631240845,-0.24255041778087616,0.9999945759773254,0.6035717129707336,0.3767835795879364,-0.09355536848306656,0.9999773502349854,0.5245559811592102,0.38232889771461487,-0.08283107727766037,0.9999204874038696,0.6272841095924377,0.4643516540527344,-0.08312327414751053,0.9945436120033264,0.49511516094207764,0.4757246673107147,-0.0721297562122345,0.9842924475669861,0.5946575999259949,0.5086688995361328,-0.19936326146125793,0.9890671968460083,0.5351859927177429,0.5239821672439575,-0.18878525495529175,0.967887282371521,0.5886053442955017,0.5325695276260376,-0.23335255682468414,0.9707851409912109,0.5460159182548523,0.5410423874855042,-0.22066716849803925,0.9365532398223877,0.5826525092124939,0.5234684348106384,-0.24894145131111145,0.9711360335350037,0.5514765381813049,0.5298367738723755,-0.23047156631946564,0.934511661529541,0.5825711488723755,0.5148293375968933,-0.20657511055469513,0.9577838778495789,0.5489007234573364,0.5222746133804321,-0.19329850375652313,0.9064397215843201,0.5839061141014099,0.5841088891029358,-0.00013141162344254553,0.9996679425239563,0.5381168127059937,0.5817366242408752,3.619661947595887e-05,0.9995939135551453,0.5781182050704956,0.7434132695198059,0.007782330736517906,0.99449223279953,0.5315608382225037,0.7415869235992432,0.016405655071139336,0.9957345724105835,0.5759647488594055,0.8801950216293335,0.1730092167854309,0.9940483570098877,0.5277822613716125,0.881580114364624,0.16870059072971344,0.9937680959701538,0.5681846737861633,0.8945469260215759,0.18310555815696716,0.9352065324783325,0.5316159129142761,0.8915477395057678,0.17806053161621094,0.8671589493751526,0.5847665071487427,0.9387621283531189,0.06984579563140869,0.9900023937225342,0.5273680686950684,0.9373351335525513,0.06520970165729523,0.9885715246200562
22366.66666666657,0.557886004447937,0.288705974817276,-0.2775779962539673,0.9999938011169434,0.5625008344650269,0.2762603759765625,-0.26299601793289185,0.9999856948852539,0.5659170150756836,0.2763213515281677,-0.26299765706062317,0.9999843239784241,0.569085419178009,0.2766830623149872,-0.26299285888671875,0.9999831914901733,0.5527037978172302,0.2769753336906433,-0.26138389110565186,0.9999848008155823,0.5498904585838318,0.2775195240974426,-0.26141658425331116,0.9999840259552002,0.547249972820282,0.27837058901786804,-0.2614195644855499,0.9999842047691345,0.5740176439285278,0.284469872713089,-0.1640981137752533,0.9999691843986511,0.5445371270179749,0.2878209054470062,-0.15825040638446808,0.9999749064445496,0.5646498203277588,0.3044847846031189,-0.2397221177816391,0.9999943971633911,0.552524745464325,0.30466368794441223,-0.23777952790260315,0.999994158744812,0.6026217341423035,0.3768068552017212,-0.08883685618638992,0.9999750256538391,0.5234330892562866,0.38237616419792175,-0.0807880237698555,0.9999180436134338,0.6254271268844604,0.4644135534763336,-0.06745101511478424,0.9940784573554993,0.4947197139263153,0.4751933813095093,-0.06791330873966217,0.984088122844696,0.5900099873542786,0.5103702545166016,-0.16848458349704742,0.986860990524292,0.534953773021698,0.52352374792099,-0.1684350222349167,0.9657308459281921,0.5835523009300232,0.5332828164100647,-0.20048780739307404,0.9656509757041931,0.5456629395484924,0.5405328273773193,-0.19930298626422882,0.932390570640564,0.578538715839386,0.52409827709198,-0.21657639741897583,0.9660084843635559,0.5510525107383728,0.5294881463050842,-0.21035072207450867,0.930229902267456,0.5786033272743225,0.5156420469284058,-0.1757984161376953,0.9513054490089417,0.5485602617263794,0.5221600532531738,-0.1734887957572937,0.9011855721473694,0.5830004215240479,0.5840768814086914,-0.00012156648881500587,0.9996551275253296,0.5371019840240479,0.5817230343818665,2.829439654306043e-05,0.9995803833007812,0.5776970386505127,0.7433522939682007,0.006905133370310068,0.9945571422576904,0.5310452580451965,0.7413671016693115,0.014769000001251698,0.995769202709198,0.57602858543396,0.8801932334899902,0.16967453062534332,0.9941621422767639,0.5277632474899292,0.8809552788734436,0.1675538420677185,0.9938744902610779,0.5684426426887512,0.8945795893669128,0.17867261171340942,0.9354930520057678,0.5315932631492615,0.8911563158035278,0.17765803635120392,0.8692957758903503,0.5847664475440979,0.9387617707252502,0.06568571925163269,0.9901418089866638,0.5273314714431763,0.9363986253738403,0.06160090118646622,0.9887608885765076
22399.9999999999,0.5574732422828674,0.28881263732910156,-0.2954694330692291,0.9999935030937195,0.5621777176856995,0.27636826038360596,-0.2806002199649811,0.9999849200248718,0.5655996799468994,0.27646273374557495,-0.2806016802787781,0.9999834299087524,0.5687254071235657,0.27686983346939087,-0.28060832619667053,0.9999822378158569,0.552305281162262,0.2770099639892578,-0.2799198031425476,0.9999842047691345,0.5494422316551208,0.2775585353374481,-0.27995505928993225,0.9999834299087524,0.5467526316642761,0.2784121632575989,-0.2799549698829651,0.9999837279319763,0.5736017823219299,0.2846900522708893,-0.1786022186279297,0.9999673962593079,0.5437690019607544,0.2878715693950653,-0.17626163363456726,0.9999741315841675,0.5640702843666077,0.30460381507873535,-0.2562648355960846,0.9999940395355225,0.5520073175430298,0.3046987056732178,-0.2556684613227844,0.9999939203262329,0.6013373136520386,0.376792848110199,-0.10005717724561691,0.9999732375144958,0.522167980670929,0.3821271061897278,-0.09367065876722336,0.999915599822998,0.6241128444671631,0.4650232195854187,-0.07965817302465439,0.9938847422599792,0.49404236674308777,0.47486039996147156,-0.07781394571065903,0.9837532639503479,0.5858155488967896,0.512456476688385,-0.1817086637020111,0.9853288531303406,0.5341378450393677,0.5226958394050598,-0.180709570646286,0.963405430316925,0.5793449878692627,0.5344907641410828,-0.21671980619430542,0.9616093635559082,0.5448242425918579,0.5396088361740112,-0.21231333911418915,0.9281794428825378,0.5744304060935974,0.5254424214363098,-0.2324652373790741,0.9619036316871643,0.5501623153686523,0.5290309190750122,-0.2237386703491211,0.9258880019187927,0.5747724771499634,0.517100989818573,-0.18939591944217682,0.9460664987564087,0.5477513074874878,0.5219401717185974,-0.18601827323436737,0.8956639766693115,0.5819810032844543,0.5840762853622437,-0.0002589054056443274,0.999649703502655,0.5359129309654236,0.5818559527397156,0.00016648655582685024,0.9995740056037903,0.5774868726730347,0.7433257102966309,0.010214075446128845,0.9946664571762085,0.5299022793769836,0.7413953542709351,0.01905239373445511,0.9958386421203613,0.5760226845741272,0.8802179098129272,0.17756818234920502,0.9942827820777893,0.527571439743042,0.8803354501724243,0.17399238049983978,0.994028627872467,0.5684837102890015,0.8946256637573242,0.1876324564218521,0.9359679222106934,0.5314887762069702,0.890835702419281,0.18373100459575653,0.8720483183860779,0.5847527980804443,0.9387792944908142,0.07385668903589249,0.990327775478363,0.5273330807685852,0.9363139271736145,0.06968748569488525,0.9890298247337341
22433.333333333234,0.5563325881958008,0.2893202006816864,-0.3050766885280609,0.9999935030937195,0.5613429546356201,0.2767477035522461,-0.2910533547401428,0.9999847412109375,0.5647585988044739,0.27689123153686523,-0.2910516560077667,0.9999832510948181,0.5679227709770203,0.2773246169090271,-0.29105937480926514,0.9999819993972778,0.5513514876365662,0.2772166430950165,-0.2899320423603058,0.9999841451644897,0.5484228134155273,0.27776506543159485,-0.289970338344574,0.9999834299087524,0.5456823110580444,0.27855339646339417,-0.28996965289115906,0.9999837875366211,0.5729864239692688,0.285004585981369,-0.18993671238422394,0.999967098236084,0.5427563190460205,0.28789493441581726,-0.18577946722507477,0.999974250793457,0.5628702044487,0.30504927039146423,-0.265901118516922,0.9999939799308777,0.5508805513381958,0.30502158403396606,-0.2648555636405945,0.9999939203262329,0.6000283360481262,0.3767183721065521,-0.11000720411539078,0.9999722242355347,0.5209977030754089,0.3807640075683594,-0.10096421092748642,0.9999158382415771,0.6223026514053345,0.46589088439941406,-0.09487898647785187,0.9939002990722656,0.49373719096183777,0.47471922636032104,-0.08871349692344666,0.9834648370742798,0.5837650299072266,0.514980137348175,-0.1990584433078766,0.9846528172492981,0.533892810344696,0.5224254131317139,-0.20163577795028687,0.9620111584663391,0.5772866010665894,0.5366668701171875,-0.23205222189426422,0.9595831632614136,0.544277548789978,0.5392155647277832,-0.2350907176733017,0.9258275628089905,0.5722649693489075,0.5276865363121033,-0.24609878659248352,0.9598032832145691,0.5497578382492065,0.5288219451904297,-0.2460588961839676,0.9234466552734375,0.5726883411407471,0.5193657279014587,-0.20536451041698456,0.9433460235595703,0.5474279522895813,0.5219122767448425,-0.2069949358701706,0.8924360275268555,0.5810898542404175,0.5839886665344238,-0.0006482197786681354,0.9996455311775208,0.5350784063339233,0.5819075107574463,0.0005556812975555658,0.999572217464447,0.5772640705108643,0.7432129979133606,0.011156597174704075,0.9947836399078369,0.5292279720306396,0.741394579410553,0.020640872418880463,0.9959256649017334,0.5760058164596558,0.8803379535675049,0.17724956572055817,0.9943856596946716,0.5272771120071411,0.8803581595420837,0.17302018404006958,0.9941909909248352,0.5684862732887268,0.8948346376419067,0.18732167780399323,0.9365731477737427,0.531373143196106,0.8908657431602478,0.18238785862922668,0.8749553561210632,0.5847406983375549,0.9388067722320557,0.07420255243778229,0.9904886484146118,0.5272975564002991,0.9362506866455078,0.06944593042135239,0.9892836213111877
22466.666666666566,0.5550476312637329,0.29050448536872864,-0.312222957611084,0.9999935030937195,0.5602743029594421,0.2774274945259094,-0.2984063923358917,0.9999846816062927,0.5636845827102661,0.27752697467803955,-0.29840579628944397,0.9999831914901733,0.5669090747833252,0.2778978943824768,-0.29841500520706177,0.9999818801879883,0.5501917004585266,0.27805984020233154,-0.29745540022850037,0.9999842047691345,0.5472303628921509,0.27866825461387634,-0.29749342799186707,0.9999834895133972,0.5443901419639587,0.27939316630363464,-0.2974899411201477,0.9999837875366211,0.5721527934074402,0.2852250635623932,-0.19612295925617218,0.9999669790267944,0.5416595935821533,0.28817251324653625,-0.19282038509845734,0.9999744296073914,0.5617577433586121,0.30589619278907776,-0.272357314825058,0.9999938607215881,0.5497466921806335,0.30608928203582764,-0.27157118916511536,0.9999939203262329,0.5988919138908386,0.3763422667980194,-0.11514611542224884,0.9999717473983765,0.519767701625824,0.3799140155315399,-0.10571014881134033,0.999916136264801,0.6200637221336365,0.46697649359703064,-0.10304350405931473,0.9938844442367554,0.49305808544158936,0.4744507372379303,-0.09640666842460632,0.98317950963974,0.581577479839325,0.5163131356239319,-0.21505019068717957,0.9842250347137451,0.5334614515304565,0.5222164392471313,-0.21544364094734192,0.9605163931846619,0.5746206045150757,0.5378424525260925,-0.2493557184934616,0.9584139585494995,0.5438165664672852,0.5391201972961426,-0.24985955655574799,0.9233791828155518,0.5695818662643433,0.5287948250770569,-0.26419132947921753,0.9585921764373779,0.5493131875991821,0.528808057308197,-0.26072099804878235,0.9209198951721191,0.5704125761985779,0.5203762650489807,-0.22173596918582916,0.9417294859886169,0.5469578504562378,0.5219004154205322,-0.22086215019226074,0.8891018033027649,0.5800206065177917,0.5836309790611267,-0.0008038700907491148,0.9996446371078491,0.5341991782188416,0.5819019675254822,0.0007130976882763207,0.9995728731155396,0.5767676830291748,0.7426011562347412,0.013043544255197048,0.9948813915252686,0.5286051630973816,0.741239070892334,0.022107653319835663,0.9959965348243713,0.5760454535484314,0.8802701234817505,0.177279993891716,0.9944676756858826,0.5264387726783752,0.8796027898788452,0.17391785979270935,0.9943193793296814,0.5685734152793884,0.8948444128036499,0.1871933490037918,0.9371438026428223,0.5303866267204285,0.8906075358390808,0.18321770429611206,0.8776009678840637,0.5847082138061523,0.9386525750160217,0.07417914271354675,0.9906041622161865,0.5271731019020081,0.9361528158187866,0.07110849767923355,0.9894722104072571
22499.999999999898,0.5537963509559631,0.2917879819869995,-0.30917441844940186,0.9999933242797852,0.5592687129974365,0.2784399390220642,-0.29559144377708435,0.9999841451644897,0.5626954436302185,0.27856865525245667,-0.29559144377708435,0.9999825358390808,0.5660070180892944,0.2788999080657959,-0.2955980896949768,0.999981164932251,0.5491094589233398,0.27894237637519836,-0.29467105865478516,0.9999838471412659,0.5461753010749817,0.27948370575904846,-0.29470881819725037,0.9999830722808838,0.5432189106941223,0.2800787687301636,-0.29470840096473694,0.9999834299087524,0.5713036060333252,0.28568947315216064,-0.19409970939159393,0.9999656677246094,0.54062420129776,0.2884300947189331,-0.19109036028385162,0.9999739527702332,0.5606986284255981,0.30696332454681396,-0.2695826292037964,0.9999935626983643,0.5486214756965637,0.30717331171035767,-0.26886478066444397,0.9999937415122986,0.5979527235031128,0.3762078881263733,-0.11323101818561554,0.9999704360961914,0.5185505747795105,0.3798234164714813,-0.10426884144544601,0.9999155402183533,0.6187021136283875,0.467695415019989,-0.09808025509119034,0.9937528371810913,0.4923715889453888,0.4744129776954651,-0.09366845339536667,0.9826899170875549,0.5801191329956055,0.5174610018730164,-0.21198849380016327,0.9833924174308777,0.5330310463905334,0.5220428109169006,-0.21118389070034027,0.9583852887153625,0.5727353692054749,0.538628876209259,-0.2489911913871765,0.956308901309967,0.5434620380401611,0.5390785932540894,-0.24505379796028137,0.9199270606040955,0.5677149295806885,0.5297749042510986,-0.2634061574935913,0.9564358592033386,0.5490244030952454,0.5287999510765076,-0.2559162974357605,0.9173707365989685,0.5687549114227295,0.5213630795478821,-0.21929478645324707,0.9389286637306213,0.546619713306427,0.5219112634658813,-0.21657779812812805,0.884607195854187,0.578750491142273,0.583796501159668,-0.0007952050073072314,0.9996365904808044,0.5333406329154968,0.582099974155426,0.0007052221917547286,0.9995680451393127,0.5759780406951904,0.7424979209899902,0.017049681395292282,0.9949302077293396,0.5278039574623108,0.7413206100463867,0.022594697773456573,0.996063232421875,0.5760278701782227,0.8802301287651062,0.17919495701789856,0.9944987297058105,0.5253374576568604,0.8796268701553345,0.17343012988567352,0.9944221377372742,0.5685635805130005,0.8948318958282471,0.18896900117397308,0.9373294711112976,0.5291421413421631,0.8906247615814209,0.18266060948371887,0.8796631097793579,0.5845730304718018,0.9385298490524292,0.07656988501548767,0.9906548261642456,0.5269291400909424,0.9361153841018677,0.07063821703195572,0.9896075129508972
22533.33333333323,0.5526672601699829,0.2933477759361267,-0.3025054335594177,0.9999930262565613,0.5581790208816528,0.27974429726600647,-0.2890866994857788,0.9999831914901733,0.5616689920425415,0.27985626459121704,-0.289087176322937,0.9999814033508301,0.5650814771652222,0.28010034561157227,-0.2890934348106384,0.9999799728393555,0.548069417476654,0.2802298367023468,-0.2880614995956421,0.9999830722808838,0.5451732873916626,0.28070029616355896,-0.28809672594070435,0.9999822378158569,0.5421528220176697,0.28126633167266846,-0.2880975306034088,0.9999827146530151,0.5704610347747803,0.2863706648349762,-0.18919546902179718,0.999963641166687,0.5395355820655823,0.28911763429641724,-0.18562181293964386,0.9999728798866272,0.559797465801239,0.30840030312538147,-0.2634336054325104,0.999993085861206,0.5476879477500916,0.30866554379463196,-0.2625211477279663,0.9999934434890747,0.5968329310417175,0.37596234679222107,-0.10887279361486435,0.9999692440032959,0.5179635882377625,0.37978479266166687,-0.09948468953371048,0.9999147653579712,0.6174487471580505,0.4680066406726837,-0.08720234781503677,0.9935718178749084,0.4917028844356537,0.47392985224723816,-0.08967643231153488,0.982173502445221,0.5792133808135986,0.5178658366203308,-0.1799755096435547,0.9824771285057068,0.5327882170677185,0.5218119025230408,-0.20856477320194244,0.9560378789901733,0.5716551542282104,0.5390235781669617,-0.21113382279872894,0.954031229019165,0.5431622266769409,0.5389322638511658,-0.23841357231140137,0.9159548878669739,0.5665252804756165,0.5302849411964417,-0.2268492579460144,0.9540943503379822,0.5487830638885498,0.5287874937057495,-0.24952417612075806,0.9132830500602722,0.5676683783531189,0.5218347311019897,-0.18662460148334503,0.9358931183815002,0.5463367700576782,0.5219131112098694,-0.2137700766324997,0.8796697854995728,0.5779446959495544,0.5836929678916931,-0.000830067612696439,0.9996218085289001,0.5325464606285095,0.5820884704589844,0.0007433364517055452,0.9995570182800293,0.5754604339599609,0.7423564791679382,0.015158237889409065,0.9950031638145447,0.5270492434501648,0.7416146397590637,0.02162695676088333,0.9961209297180176,0.575961172580719,0.8801292777061462,0.17149080336093903,0.9945662021636963,0.5248716473579407,0.8797226548194885,0.16499567031860352,0.9945358633995056,0.5685354471206665,0.8947324156761169,0.18022602796554565,0.937398374080658,0.5287742018699646,0.8907988667488098,0.17325489223003387,0.8820050954818726,0.5845352411270142,0.938524603843689,0.06825445592403412,0.990731954574585,0.526745080947876,0.9361552596092224,0.06239055097103119,0.9897659420967102
22566.666666666562,0.55177903175354,0.29435834288597107,-0.2990906536579132,0.999993085861206,0.5570621490478516,0.2805163562297821,-0.2853829562664032,0.9999833106994629,0.5606669187545776,0.280605673789978,-0.28538480401039124,0.9999814629554749,0.5641814470291138,0.28078287839889526,-0.2853895425796509,0.9999800324440002,0.5469743013381958,0.28102198243141174,-0.28432559967041016,0.9999832510948181,0.5440853238105774,0.28150391578674316,-0.2843588888645172,0.9999823570251465,0.5409783124923706,0.28213265538215637,-0.28435784578323364,0.9999828338623047,0.5696020126342773,0.28677162528038025,-0.18524260818958282,0.9999638199806213,0.5381744503974915,0.28969359397888184,-0.18116410076618195,0.9999731779098511,0.5590710043907166,0.30923882126808167,-0.2601460814476013,0.9999930262565613,0.5468360781669617,0.3096672594547272,-0.25908181071281433,0.9999934434890747,0.5958062410354614,0.3757513165473938,-0.10637792944908142,0.9999692440032959,0.5170279145240784,0.3797800838947296,-0.0981038361787796,0.9999153017997742,0.6165914535522461,0.46800512075424194,-0.08541595935821533,0.9933918118476868,0.4907642602920532,0.47387921810150146,-0.08726177364587784,0.9817240238189697,0.5791045427322388,0.5177759528160095,-0.18654505908489227,0.9819293022155762,0.5318031311035156,0.5212952494621277,-0.20342835783958435,0.9543619751930237,0.5718486905097961,0.5390228629112244,-0.21938028931617737,0.9528635740280151,0.542037844657898,0.5383586287498474,-0.2353392243385315,0.9132755398750305,0.5666769742965698,0.5302587151527405,-0.2347211241722107,0.9529308080673218,0.5476543307304382,0.5286570191383362,-0.24649974703788757,0.9105760455131531,0.5676663517951965,0.5218374133110046,-0.19336190819740295,0.9343487620353699,0.5452658534049988,0.5218475461006165,-0.20877672731876373,0.876372218132019,0.576860785484314,0.5841666460037231,-0.0008242501062341034,0.9996228814125061,0.5317034125328064,0.5823867321014404,0.0007377130095846951,0.9995584487915039,0.5748395323753357,0.7424430847167969,0.016152506694197655,0.9950275421142578,0.5267117023468018,0.7419547438621521,0.02134287729859352,0.9961605072021484,0.5759125351905823,0.8801264762878418,0.1731220930814743,0.9946075081825256,0.5243130326271057,0.8800792694091797,0.1667284220457077,0.9946205615997314,0.5684393048286438,0.8947450518608093,0.18200068175792694,0.9377146363258362,0.5278979539871216,0.8911551833152771,0.17525319755077362,0.8841589093208313,0.5845110416412354,0.9385488033294678,0.06968268007040024,0.9908188581466675,0.5265578627586365,0.9362946152687073,0.06410693377256393,0.9899197220802307
22599.999999999894,0.5508365035057068,0.2948811650276184,-0.2975062429904938,0.9999931454658508,0.5556764006614685,0.2807239294052124,-0.2836369276046753,0.9999834299087524,0.5594443678855896,0.2807723581790924,-0.2836381196975708,0.9999815821647644,0.5630295872688293,0.2809010148048401,-0.2836410105228424,0.9999801516532898,0.5457369089126587,0.2813630998134613,-0.28251370787620544,0.9999833106994629,0.5428786873817444,0.28192776441574097,-0.2825472056865692,0.9999824166297913,0.5396944880485535,0.2826441526412964,-0.282546728849411,0.9999828934669495,0.5684931874275208,0.2868154048919678,-0.1837402731180191,0.9999642372131348,0.5367516875267029,0.29002416133880615,-0.1791030764579773,0.999973475933075,0.5582576990127563,0.30965766310691833,-0.2588307857513428,0.9999930262565613,0.545918345451355,0.3101862668991089,-0.2575611472129822,0.9999934434890747,0.5950843691825867,0.37566253542900085,-0.1060037910938263,0.9999693632125854,0.5162009596824646,0.3797045648097992,-0.09760624915361404,0.9999155402183533,0.6158257722854614,0.4679681360721588,-0.08217803388834,0.9931828379631042,0.4894760847091675,0.4737880825996399,-0.08591284602880478,0.9812708497047424,0.5781898498535156,0.5179029107093811,-0.18517252802848816,0.9808828234672546,0.5312659740447998,0.5209023356437683,-0.2014021873474121,0.9518376588821411,0.5710155963897705,0.5390303730964661,-0.2179713249206543,0.9503846168518066,0.5413913726806641,0.5380939245223999,-0.2339472770690918,0.9090051054954529,0.5656383037567139,0.5303065180778503,-0.23330563306808472,0.9504352807998657,0.5471583008766174,0.5286417603492737,-0.2450619637966156,0.9062033891677856,0.5667086839675903,0.5219290256500244,-0.19206199049949646,0.9311743378639221,0.5447196364402771,0.5218373537063599,-0.20670516788959503,0.8711317181587219,0.5760138034820557,0.5846911668777466,-0.0008242383482865989,0.9996287822723389,0.5307018160820007,0.5827211737632751,0.0007379425805993378,0.9995627999305725,0.5741387605667114,0.7431678175926208,0.01557301077991724,0.9951480031013489,0.5263827443122864,0.7424108982086182,0.02162991836667061,0.9962390661239624,0.5758390426635742,0.8806332349777222,0.17586509883403778,0.9947344064712524,0.5241904854774475,0.8798006772994995,0.17346546053886414,0.9947453737258911,0.5684384107589722,0.8953313231468201,0.1855018138885498,0.9385977387428284,0.527791440486908,0.8909102082252502,0.18285450339317322,0.8867168426513672,0.5845175385475159,0.9386343955993652,0.07214509695768356,0.9909952878952026,0.5263874530792236,0.9362285137176514,0.07090100646018982,0.9901512265205383
22633.333333333227,0.5501964092254639,0.29545754194259644,-0.2869907319545746,0.9999931454658508,0.5548574328422546,0.28110209107398987,-0.2731631100177765,0.9999833703041077,0.5586076378822327,0.2811164855957031,-0.273173063993454,0.9999814629554749,0.5621527433395386,0.28118976950645447,-0.27317655086517334,0.9999799728393555,0.5449418425559998,0.2818392217159271,-0.2724609971046448,0.9999832510948181,0.5420618057250977,0.28245240449905396,-0.2724857032299042,0.9999822974205017,0.538871169090271,0.283239483833313,-0.2724800705909729,0.9999827742576599,0.5673603415489197,0.2869308590888977,-0.1715264916419983,0.9999641180038452,0.5355662703514099,0.29044419527053833,-0.169021338224411,0.9999735355377197,0.5575454235076904,0.31009918451309204,-0.2473444640636444,0.9999929666519165,0.5451276898384094,0.31063488125801086,-0.24670810997486115,0.9999934434890747,0.5939111709594727,0.37542232871055603,-0.09320490807294846,0.9999696612358093,0.51548832654953,0.37954181432724,-0.08563023060560226,0.9999164938926697,0.6151434779167175,0.4672752022743225,-0.07206527888774872,0.9928521513938904,0.4884990453720093,0.47294360399246216,-0.077485091984272,0.9810305833816528,0.5786049962043762,0.5177295207977295,-0.1813500076532364,0.9801069498062134,0.5304481983184814,0.5198203325271606,-0.20014427602291107,0.9507688283920288,0.5718759894371033,0.5389465689659119,-0.21519026160240173,0.9489414095878601,0.5401354432106018,0.5375851392745972,-0.23352636396884918,0.9072872996330261,0.5665427446365356,0.5302255153656006,-0.23181436955928802,0.9490370154380798,0.5460970401763916,0.5285531878471375,-0.2444619983434677,0.9045199751853943,0.567337155342102,0.5218451023101807,-0.1890380084514618,0.9293614029884338,0.5439156889915466,0.5217126607894897,-0.20624807476997375,0.8692900538444519,0.5754678845405579,0.5851037502288818,-0.0005937203532084823,0.9996363520622253,0.5302109122276306,0.583283007144928,0.0005100384005345404,0.9995696544647217,0.573871374130249,0.7437552213668823,0.014823987148702145,0.9952428340911865,0.5256046056747437,0.7433328628540039,0.021133840084075928,0.9962924122810364,0.5756823420524597,0.880643904209137,0.18127089738845825,0.994812548160553,0.5236091017723083,0.8798121213912964,0.17541183531284332,0.994837760925293,0.5683377981185913,0.8952959775924683,0.191584050655365,0.9390037059783936,0.5271948575973511,0.8909239768981934,0.1851157248020172,0.8888469338417053,0.5842828154563904,0.9386471509933472,0.07794983685016632,0.9911201000213623,0.5262725353240967,0.9361718893051147,0.0727415531873703,0.9903501272201538
22666.66666666656,0.549212634563446,0.29589271545410156,-0.2815946042537689,0.9999931454658508,0.5537641644477844,0.2812482714653015,-0.26746001839637756,0.9999834299087524,0.5575912594795227,0.28122496604919434,-0.2674725353717804,0.9999813437461853,0.5611911416053772,0.2812625765800476,-0.26747676730155945,0.9999798536300659,0.5438442826271057,0.28213420510292053,-0.2671060860157013,0.9999833106994629,0.5408929586410522,0.28281456232070923,-0.2671302556991577,0.9999822974205017,0.5375868082046509,0.2836729884147644,-0.2671256363391876,0.9999828338623047,0.5662948489189148,0.28695014119148254,-0.16475673019886017,0.9999639391899109,0.5340903401374817,0.29087716341018677,-0.16386254131793976,0.9999738335609436,0.5566728711128235,0.310520738363266,-0.24155277013778687,0.9999929666519165,0.544110119342804,0.3111112415790558,-0.24137598276138306,0.9999935030937195,0.5928001403808594,0.37497249245643616,-0.08529696613550186,0.9999699592590332,0.5144921541213989,0.37939518690109253,-0.08222060650587082,0.9999176263809204,0.6145598292350769,0.4659966826438904,-0.06646478921175003,0.9924975037574768,0.4876456558704376,0.4729301929473877,-0.07750627398490906,0.9810609817504883,0.5791066884994507,0.5171940922737122,-0.1803150177001953,0.9793734550476074,0.5304424166679382,0.519382894039154,-0.20111721754074097,0.9507514238357544,0.5725226998329163,0.5386720299720764,-0.21473006904125214,0.947609543800354,0.5395499467849731,0.5375047326087952,-0.23542001843452454,0.9071983098983765,0.5670480728149414,0.5301505923271179,-0.23150870203971863,0.9477406144142151,0.5459489226341248,0.528545618057251,-0.24635407328605652,0.9044625759124756,0.5678657293319702,0.5217351317405701,-0.18823298811912537,0.9277569651603699,0.543793797492981,0.5217046737670898,-0.20692160725593567,0.8693457841873169,0.5746960043907166,0.585426926612854,-0.00011357634502928704,0.9996455907821655,0.5295072793960571,0.5837492942810059,2.843184665834997e-05,0.9995784163475037,0.5736610293388367,0.744371771812439,0.0144372982904315,0.9952696561813354,0.5250046253204346,0.7438403367996216,0.020893776789307594,0.9962661862373352,0.5754792094230652,0.8806713819503784,0.1867799162864685,0.994796633720398,0.5234003663063049,0.8798246383666992,0.17949818074703217,0.9948410987854004,0.5681431889533997,0.895213782787323,0.19778910279273987,0.9388843774795532,0.5269361138343811,0.8909518718719482,0.1898290514945984,0.8900623321533203,0.5840280055999756,0.9386427998542786,0.08520494401454926,0.9910925030708313,0.5261644124984741,0.9359036684036255,0.07765685021877289,0.9904019832611084
22699.99999999989,0.5480741858482361,0.2961973547935486,-0.2764289975166321,0.9999930262565613,0.5525664687156677,0.2812727987766266,-0.2628237307071686,0.9999830722808838,0.5564733743667603,0.28122857213020325,-0.26283854246139526,0.9999808073043823,0.5601102709770203,0.2812611758708954,-0.2628454267978668,0.9999792575836182,0.5425711870193481,0.2823318839073181,-0.26224610209465027,0.9999829530715942,0.5395194292068481,0.28309470415115356,-0.2622695565223694,0.9999818801879883,0.5361726880073547,0.2840152382850647,-0.26226407289505005,0.999982476234436,0.5652052164077759,0.28694260120391846,-0.16173027455806732,0.9999631643295288,0.5326834321022034,0.29124879837036133,-0.15986312925815582,0.9999735951423645,0.5557022094726562,0.31081560254096985,-0.23686695098876953,0.999992847442627,0.5430132150650024,0.3115687370300293,-0.23639677464962006,0.9999935030937195,0.5916892886161804,0.3737622797489166,-0.0824580043554306,0.9999702572822571,0.5138344764709473,0.378592312335968,-0.07698622345924377,0.9999180436134338,0.614369809627533,0.4635387063026428,-0.06414421647787094,0.9922498464584351,0.486384779214859,0.47277751564979553,-0.0720064714550972,0.9809930920600891,0.5794599056243896,0.5162969827651978,-0.17792682349681854,0.9786280393600464,0.529619574546814,0.51859050989151,-0.1965572088956833,0.9503936171531677,0.5725737810134888,0.5381661653518677,-0.21214202046394348,0.9460774660110474,0.53789222240448,0.5370388627052307,-0.230739563703537,0.9065905213356018,0.5672412514686584,0.529853105545044,-0.22840915620326996,0.9462113976478577,0.5444128513336182,0.5283952951431274,-0.2411220222711563,0.9038638472557068,0.568143904209137,0.5214380621910095,-0.18556906282901764,0.925957202911377,0.5426366925239563,0.5214968919754028,-0.20202240347862244,0.8687534332275391,0.5740094780921936,0.5854479670524597,-8.78052887856029e-05,0.9996482729911804,0.5288912653923035,0.583929181098938,3.794628582909354e-06,0.9995787739753723,0.5733301639556885,0.7445409297943115,0.012944075278937817,0.9951835870742798,0.5247529149055481,0.7438464760780334,0.02026468701660633,0.9961726665496826,0.5754643082618713,0.8804004192352295,0.1844007819890976,0.9946469664573669,0.5234095454216003,0.8798490762710571,0.17737478017807007,0.9947205781936646,0.5681399703025818,0.89442378282547,0.19519557058811188,0.9377421140670776,0.5269753336906433,0.890957772731781,0.18730896711349487,0.8897349834442139,0.5839666724205017,0.938513994216919,0.08320564776659012,0.9908402562141418,0.5261132121086121,0.9355741739273071,0.07516564428806305,0.9902141690254211
22733.333333333223,0.5473529100418091,0.2966056764125824,-0.27585461735725403,0.9999932050704956,0.5518336892127991,0.2815493643283844,-0.2623688578605652,0.9999834299087524,0.5556360483169556,0.2814185619354248,-0.262380450963974,0.999981164932251,0.5591968894004822,0.28138020634651184,-0.2623872756958008,0.9999796152114868,0.5418127775192261,0.2828615605831146,-0.2616209089756012,0.9999833106994629,0.5387974381446838,0.283672034740448,-0.2616422772407532,0.9999821782112122,0.5354315042495728,0.28466641902923584,-0.26163074374198914,0.9999828338623047,0.5642292499542236,0.2869615852832794,-0.1624164581298828,0.9999640583992004,0.5319913029670715,0.29191234707832336,-0.15997982025146484,0.999974250793457,0.5548628568649292,0.311087965965271,-0.23679278790950775,0.9999930262565613,0.542224645614624,0.3119666576385498,-0.23618724942207336,0.9999936819076538,0.5909240245819092,0.37366196513175964,-0.08472682535648346,0.9999711513519287,0.5131075978279114,0.3779910206794739,-0.07687011361122131,0.9999198913574219,0.6139538884162903,0.46253710985183716,-0.0670543909072876,0.9922569990158081,0.4853549897670746,0.47207146883010864,-0.0714455172419548,0.9811160564422607,0.5796725153923035,0.5162479281425476,-0.18016840517520905,0.9786378145217896,0.5285271406173706,0.518096387386322,-0.19623637199401855,0.9505841135978699,0.5729047060012817,0.5381362438201904,-0.2143499106168747,0.9462171196937561,0.5365498065948486,0.5366225242614746,-0.23055122792720795,0.906902551651001,0.5676090121269226,0.5297836065292358,-0.23056234419345856,0.9463276863098145,0.5427742600440979,0.5281351804733276,-0.24069620668888092,0.9041672945022583,0.5682303309440613,0.5213647484779358,-0.18770183622837067,0.926173985004425,0.5413815379142761,0.5212276577949524,-0.2016391158103943,0.8692786693572998,0.5733776688575745,0.5854435563087463,-0.00043092257692478597,0.999657392501831,0.5283902883529663,0.5842012763023376,0.0003464664041530341,0.9995849132537842,0.5728874802589417,0.7445233464241028,0.011501929722726345,0.9952424764633179,0.5243135094642639,0.7436820268630981,0.02105153724551201,0.9961864948272705,0.5753346681594849,0.8801813721656799,0.18313637375831604,0.9946451783180237,0.5234361886978149,0.8786400556564331,0.17871928215026855,0.9947437047958374,0.5680172443389893,0.894122302532196,0.19385237991809845,0.9376397728919983,0.5270431041717529,0.889933705329895,0.1889180839061737,0.8914955258369446,0.5838680863380432,0.9384562373161316,0.08273940533399582,0.9908248782157898,0.5260184407234192,0.9340642094612122,0.07968689501285553,0.9902768135070801
22766.666666666555,0.5465078949928284,0.2969273626804352,-0.2816697657108307,0.9999932646751404,0.5509750247001648,0.2817010283470154,-0.2684415876865387,0.9999836087226868,0.5546756386756897,0.28150418400764465,-0.2684406638145447,0.9999812841415405,0.558127224445343,0.281418114900589,-0.2684408128261566,0.9999796748161316,0.5409286022186279,0.28324154019355774,-0.2677341401576996,0.999983549118042,0.5379214882850647,0.2840859591960907,-0.2677568197250366,0.9999823570251465,0.534558117389679,0.28512218594551086,-0.2677430510520935,0.9999830722808838,0.5630595684051514,0.2869693636894226,-0.16830570995807648,0.9999642372131348,0.5312584042549133,0.2922838032245636,-0.1664476990699768,0.9999746680259705,0.5539056062698364,0.3112768530845642,-0.24241159856319427,0.999993085861206,0.54132479429245,0.3123016655445099,-0.24201856553554535,0.9999938011169434,0.5902849435806274,0.3735452890396118,-0.08879734575748444,0.9999713897705078,0.5121924877166748,0.37777984142303467,-0.08082425594329834,0.9999209046363831,0.6137349605560303,0.46094420552253723,-0.06752347201108932,0.9923513531684875,0.484018474817276,0.47114065289497375,-0.07376305758953094,0.9813578724861145,0.5798624753952026,0.5162767171859741,-0.18159066140651703,0.9789205193519592,0.5267226099967957,0.5173444747924805,-0.19616760313510895,0.9506605267524719,0.572991669178009,0.5380938053131104,-0.21569909155368805,0.9468050599098206,0.5349286198616028,0.536058783531189,-0.2305283397436142,0.9067040681838989,0.5676522850990295,0.5297461748123169,-0.2318570464849472,0.9468859434127808,0.541060209274292,0.5275563597679138,-0.24041633307933807,0.9039169549942017,0.5684084296226501,0.5213046073913574,-0.1890774369239807,0.9268609881401062,0.5398016571998596,0.5206336379051208,-0.20157772302627563,0.8690550327301025,0.5727871060371399,0.58525550365448,-0.0004807547084055841,0.9996573328971863,0.5280814170837402,0.5842056274414062,0.0003971927799284458,0.9995856285095215,0.5724038481712341,0.743078351020813,0.01315382495522499,0.9952710270881653,0.523894190788269,0.7428224086761475,0.02128024958074093,0.9962179064750671,0.575333297252655,0.879136323928833,0.182393878698349,0.9946619272232056,0.5231707692146301,0.8776181936264038,0.17735081911087036,0.9948083758354187,0.5680288672447205,0.8931964039802551,0.19266462326049805,0.9378519058227539,0.5269390940666199,0.889162003993988,0.18713900446891785,0.893463134765625,0.5838084816932678,0.9376044869422913,0.08153785765171051,0.9908410310745239,0.5259365439414978,0.933086633682251,0.07792337238788605,0.9903579354286194
22799.999999999887,0.5453916192054749,0.29717904329299927,-0.2835242450237274,0.9999932050704956,0.5498434901237488,0.28186506032943726,-0.2699759304523468,0.999983549118042,0.5534236431121826,0.2816430926322937,-0.26997238397598267,0.9999811053276062,0.5568127036094666,0.28151723742485046,-0.26997026801109314,0.9999794363975525,0.5399879813194275,0.28345873951911926,-0.26959797739982605,0.999983549118042,0.5370005369186401,0.2842963933944702,-0.2696222960948944,0.9999823570251465,0.5336213707923889,0.28531500697135925,-0.26961103081703186,0.9999830722808838,0.5617915391921997,0.28698885440826416,-0.16848847270011902,0.9999635815620422,0.5305801033973694,0.29242250323295593,-0.16796466708183289,0.99997478723526,0.5526828169822693,0.3115210235118866,-0.2436341792345047,0.9999929666519165,0.5402714610099792,0.312507301568985,-0.2437378466129303,0.9999938011169434,0.5890087485313416,0.3730180561542511,-0.08887717127799988,0.9999715685844421,0.5112655162811279,0.37759849429130554,-0.08170165121555328,0.9999213218688965,0.6132289171218872,0.45837298035621643,-0.06856786459684372,0.9924569129943848,0.48146286606788635,0.47081655263900757,-0.07379746437072754,0.9818264245986938,0.5801318883895874,0.5160159468650818,-0.18240706622600555,0.9793063998222351,0.524939775466919,0.516566276550293,-0.1933424174785614,0.9508541226387024,0.5737264156341553,0.5377712249755859,-0.21648073196411133,0.9475065469741821,0.5335362553596497,0.5355851054191589,-0.22632555663585663,0.9062735438346863,0.5678585767745972,0.5293942093849182,-0.23257623612880707,0.947591245174408,0.5396280288696289,0.5271830558776855,-0.23555240035057068,0.9034061431884766,0.5685039162635803,0.5211403369903564,-0.18982703983783722,0.9276738166809082,0.5384222269058228,0.5202372074127197,-0.1979169249534607,0.8683946132659912,0.5720857381820679,0.585129976272583,-9.09942391444929e-05,0.999649167060852,0.5278026461601257,0.5842021703720093,1.1547492249519564e-05,0.9995772838592529,0.571947455406189,0.7424021363258362,0.013940157368779182,0.9951301217079163,0.523384153842926,0.7417978048324585,0.018670443445444107,0.9961026310920715,0.5752795934677124,0.879012942314148,0.17727738618850708,0.9945253729820251,0.5227212905883789,0.8776766061782837,0.16752268373966217,0.9946867823600769,0.5680601000785828,0.8930185437202454,0.18683339655399323,0.9370784163475037,0.5262458920478821,0.8891409039497375,0.17665156722068787,0.8925416469573975,0.5838054418563843,0.9371699690818787,0.0764806941151619,0.9906167984008789,0.5260263681411743,0.9328349828720093,0.06577297300100327,0.9900951981544495
22833.33333333322,0.5441824197769165,0.2977263629436493,-0.2958727478981018,0.9999932050704956,0.5485158562660217,0.28221505880355835,-0.28233808279037476,0.999983549118042,0.5520595908164978,0.28195154666900635,-0.28233152627944946,0.9999811053276062,0.5554183125495911,0.2817644476890564,-0.28233233094215393,0.9999793767929077,0.5387763977050781,0.28392359614372253,-0.2818405032157898,0.9999836087226868,0.5358083248138428,0.28475162386894226,-0.2818688750267029,0.9999823570251465,0.5324681401252747,0.28580042719841003,-0.28185874223709106,0.9999830722808838,0.5604742765426636,0.2870287299156189,-0.17965415120124817,0.9999634623527527,0.5296558141708374,0.2928083539009094,-0.1788475066423416,0.9999749064445496,0.5514278411865234,0.31201082468032837,-0.2555580735206604,0.9999929666519165,0.5391868948936462,0.3129986822605133,-0.2554545998573303,0.9999938607215881,0.5880977511405945,0.37239038944244385,-0.09668246656656265,0.9999721050262451,0.5101293325424194,0.37760400772094727,-0.09090004116296768,0.9999212026596069,0.6124213337898254,0.45682644844055176,-0.07595911622047424,0.9926489591598511,0.48032650351524353,0.4707035720348358,-0.08105592429637909,0.9822320938110352,0.5802810192108154,0.5159856677055359,-0.1901574581861496,0.9799340963363647,0.5238007307052612,0.5160331130027771,-0.19629725813865662,0.95075923204422,0.5739138126373291,0.537747859954834,-0.2247685045003891,0.9487748146057129,0.5327031016349792,0.535361111164093,-0.2290027141571045,0.9054681062698364,0.5681436657905579,0.529370903968811,-0.24085567891597748,0.948851466178894,0.5387760400772095,0.527093231678009,-0.23800593614578247,0.902496337890625,0.5685756206512451,0.5211045742034912,-0.1973743587732315,0.9292182922363281,0.5375728607177734,0.520119309425354,-0.2006279081106186,0.8672597408294678,0.5715539455413818,0.5843191742897034,0.00011373093002475798,0.999646782875061,0.5274010896682739,0.584110677242279,-0.00019219347450416535,0.9995736479759216,0.571429967880249,0.7412562370300293,0.016387727111577988,0.9951029419898987,0.5229486227035522,0.7410898804664612,0.019139809533953667,0.9960645437240601,0.5752265453338623,0.8779851794242859,0.18231958150863647,0.9944900274276733,0.5225580334663391,0.876829206943512,0.17086678743362427,0.9946417212486267,0.5680681467056274,0.8920491337776184,0.19260121881961823,0.9369374513626099,0.5259255170822144,0.8884743452072144,0.180528461933136,0.8922779560089111,0.5838025808334351,0.9360353350639343,0.08233319222927094,0.9905312657356262,0.5263892412185669,0.9319400787353516,0.06916042417287827,0.9899492263793945
22866.66666666655,0.5430296659469604,0.298308402299881,-0.28621581196784973,0.9999931454658508,0.5472416281700134,0.28283461928367615,-0.2729363739490509,0.9999834895133972,0.5507322549819946,0.28252312541007996,-0.2729312777519226,0.9999809861183167,0.5540542006492615,0.2822706997394562,-0.2729286253452301,0.9999792575836182,0.5376594066619873,0.28454822301864624,-0.2726329267024994,0.9999836683273315,0.5347611308097839,0.2852964699268341,-0.2726565897464752,0.9999823570251465,0.5315046906471252,0.2863265573978424,-0.27264392375946045,0.9999830722808838,0.5590679049491882,0.28723064064979553,-0.17317797243595123,0.9999632239341736,0.5287235975265503,0.2932295799255371,-0.17392763495445251,0.9999748468399048,0.5500661730766296,0.3125782012939453,-0.24715080857276917,0.999992847442627,0.5381065607070923,0.3134748637676239,-0.2473871111869812,0.9999938607215881,0.5863122344017029,0.3719881772994995,-0.09483087062835693,0.9999723434448242,0.5090383887290955,0.3776088356971741,-0.08776428550481796,0.9999210834503174,0.6117438077926636,0.4550146460533142,-0.07525499910116196,0.9928768873214722,0.47911515831947327,0.4707273840904236,-0.08067669719457626,0.9824795722961426,0.5803520083427429,0.5158115029335022,-0.18585205078125,0.9806360602378845,0.5225656032562256,0.5156211853027344,-0.19625523686408997,0.9510032534599304,0.5740801692008972,0.5376742482185364,-0.21942700445652008,0.9502504467964172,0.531689465045929,0.5348977446556091,-0.22866462171077728,0.9055476784706116,0.5682946443557739,0.529350757598877,-0.23468193411827087,0.9503065347671509,0.5376710295677185,0.5267096757888794,-0.23737876117229462,0.9025288224220276,0.5685070157051086,0.5210741758346558,-0.19248121976852417,0.9310737252235413,0.5365293025970459,0.519740879535675,-0.20042355358600616,0.8673771023750305,0.5707151293754578,0.5840509533882141,-6.6280786995776e-05,0.9996355175971985,0.5268813371658325,0.5841457843780518,-8.320533197547775e-06,0.9995653033256531,0.5705896019935608,0.7405094504356384,0.017857922241091728,0.9950452446937561,0.5224656462669373,0.7402141094207764,0.019304385408759117,0.9960217475891113,0.5751069188117981,0.877632200717926,0.17091383039951324,0.9944372773170471,0.5222582221031189,0.8768680095672607,0.16044750809669495,0.9946293830871582,0.5680853128433228,0.8917382955551147,0.17956291139125824,0.9369293451309204,0.5255650877952576,0.8884967565536499,0.16866017878055573,0.8929702043533325,0.5837646126747131,0.9355260133743286,0.0731286108493805,0.990454912185669,0.5263553261756897,0.9316607713699341,0.06110672652721405,0.9898552894592285
22899.999999999884,0.543335497379303,0.29908230900764465,-0.28326931595802307,0.9999933242797852,0.5474834442138672,0.2841249108314514,-0.2695029377937317,0.9999840259552002,0.5508325099945068,0.2838183343410492,-0.2694993317127228,0.9999815821647644,0.5540449619293213,0.2833927273750305,-0.26949724555015564,0.9999799132347107,0.5377876162528992,0.2855139374732971,-0.269832581281662,0.9999842643737793,0.5348251461982727,0.2861803472042084,-0.2698521614074707,0.9999829530715942,0.531711220741272,0.2868981957435608,-0.26983165740966797,0.9999836087226868,0.5584650635719299,0.2877936363220215,-0.16882571578025818,0.9999644160270691,0.5284662842750549,0.2939234972000122,-0.17292118072509766,0.9999758005142212,0.5500211119651794,0.31348535418510437,-0.24398036301136017,0.9999930262565613,0.5381132960319519,0.31432726979255676,-0.2450021207332611,0.9999940395355225,0.5856857895851135,0.3717995584011078,-0.09258469939231873,0.9999732971191406,0.5079500675201416,0.37835925817489624,-0.08772659301757812,0.9999213814735413,0.6105344891548157,0.4543173909187317,-0.07347829639911652,0.9930396676063538,0.4783252775669098,0.4711044728755951,-0.0837521106004715,0.9829479455947876,0.5802472829818726,0.5157862305641174,-0.1831834465265274,0.9813765287399292,0.5219271183013916,0.5155906677246094,-0.20199936628341675,0.9517624974250793,0.5742167830467224,0.5376472473144531,-0.21679359674453735,0.9519941806793213,0.5310145020484924,0.534766435623169,-0.2345447689294815,0.9065311551094055,0.568238377571106,0.5293100476264954,-0.23247268795967102,0.9520207643508911,0.5369840860366821,0.5265793204307556,-0.24327094852924347,0.9034816026687622,0.5681963562965393,0.5210403800010681,-0.1900169849395752,0.9332774877548218,0.5357487201690674,0.519616961479187,-0.20625263452529907,0.8686873316764832,0.5698125958442688,0.5837902426719666,-6.870519428048283e-05,0.9996386766433716,0.5260637402534485,0.5841214060783386,-5.671305643772939e-06,0.9995663166046143,0.5702763199806213,0.740517795085907,0.017512168735265732,0.995116651058197,0.5220234990119934,0.7395343780517578,0.01907581090927124,0.9960277676582336,0.5746533274650574,0.8777125477790833,0.16165141761302948,0.9945266246795654,0.5216690301895142,0.8764691948890686,0.15561890602111816,0.9946805238723755,0.5680343508720398,0.8917484283447266,0.16963262856006622,0.9375910758972168,0.5250991582870483,0.8883733153343201,0.1635219305753708,0.894290566444397,0.5837581157684326,0.9355239272117615,0.0625331848859787,0.9905632734298706,0.5261511206626892,0.9315792918205261,0.05682031437754631,0.989905595779419
22933.333333333216,0.5436439514160156,0.2996240258216858,-0.28006136417388916,0.9999932646751404,0.5476000308990479,0.28506115078926086,-0.26614323258399963,0.9999839663505554,0.5508662462234497,0.2847953736782074,-0.2661384344100952,0.9999815225601196,0.5539527535438538,0.2843311131000519,-0.2661368250846863,0.9999798536300659,0.5379837155342102,0.2861432433128357,-0.2667604684829712,0.9999842047691345,0.535020649433136,0.2868233025074005,-0.2667815387248993,0.9999828934669495,0.5320091843605042,0.2874476909637451,-0.2667648196220398,0.9999836087226868,0.5578938722610474,0.2886642515659332,-0.16565851867198944,0.9999643564224243,0.5283337235450745,0.29495641589164734,-0.1710798591375351,0.9999759197235107,0.5500484704971313,0.3140502870082855,-0.24089834094047546,0.9999929666519165,0.5382435321807861,0.3148995637893677,-0.24227073788642883,0.9999940395355225,0.5852760076522827,0.37179866433143616,-0.09027254581451416,0.9999740123748779,0.5069798827171326,0.3785562217235565,-0.0874428078532219,0.9999216794967651,0.6092124581336975,0.4540121853351593,-0.06885150820016861,0.9931356310844421,0.4775882959365845,0.47145915031433105,-0.08321147412061691,0.9834100604057312,0.5794666409492493,0.5157618522644043,-0.17515034973621368,0.9818426370620728,0.5213585495948792,0.5156146287918091,-0.20137763023376465,0.9525166749954224,0.5738505721092224,0.5376513004302979,-0.20821014046669006,0.9530889391899109,0.5305019021034241,0.5347371101379395,-0.23422683775424957,0.9075880646705627,0.5675399899482727,0.5292716026306152,-0.22423863410949707,0.95307856798172,0.5365220308303833,0.52651447057724,-0.24287952482700348,0.9045380353927612,0.5672492980957031,0.5210197567939758,-0.1821291744709015,0.9346192479133606,0.5351936221122742,0.5195251703262329,-0.2058517187833786,0.8701411485671997,0.5693506002426147,0.5833277702331543,-2.2506535970023833e-05,0.9996398091316223,0.5253191590309143,0.5840857625007629,-5.113143561175093e-05,0.9995648264884949,0.570195734500885,0.740491509437561,0.01225191168487072,0.9951840043067932,0.5216901302337646,0.7388228178024292,0.01502243522554636,0.9960069060325623,0.5743585824966431,0.8779302835464478,0.15493102371692657,0.9945857524871826,0.5210186243057251,0.8761979341506958,0.14990705251693726,0.9946695566177368,0.5680034160614014,0.8918535113334656,0.16289208829402924,0.9375134706497192,0.5244705677032471,0.8881542682647705,0.15775471925735474,0.8943581581115723,0.5837487578392029,0.9355684518814087,0.05408564582467079,0.9905904531478882,0.5257624387741089,0.9313879013061523,0.04994996637105942,0.9898552298545837
22966.666666666548,0.5438295006752014,0.30075445771217346,-0.27882230281829834,0.9999933242797852,0.5476238131523132,0.28619736433029175,-0.26467931270599365,0.9999841451644897,0.5507973432540894,0.2858232855796814,-0.26467451453208923,0.999981701374054,0.5537683367729187,0.2852495014667511,-0.2646718919277191,0.9999800324440002,0.5380557775497437,0.28711047768592834,-0.2653711140155792,0.9999843239784241,0.5350413918495178,0.2877151668071747,-0.2653922736644745,0.999983012676239,0.5321277379989624,0.28827962279319763,-0.26537686586380005,0.9999837279319763,0.5572516322135925,0.2895658016204834,-0.16333623230457306,0.9999647736549377,0.5280314087867737,0.2959018051624298,-0.1690962314605713,0.9999762177467346,0.5499781966209412,0.3150092661380768,-0.23942048847675323,0.9999930262565613,0.5382236838340759,0.316106379032135,-0.2408861219882965,0.9999940991401672,0.5850017666816711,0.371862530708313,-0.08824528753757477,0.9999748468399048,0.5062053799629211,0.37936362624168396,-0.08686783909797668,0.9999218583106995,0.6079072952270508,0.454346239566803,-0.06810283660888672,0.9932549595832825,0.47678616642951965,0.4722924828529358,-0.08449847996234894,0.9839050769805908,0.5790058374404907,0.5157417058944702,-0.177115336060524,0.9825363159179688,0.5203894972801208,0.5156311392784119,-0.20428498089313507,0.9535099864006042,0.5735792517662048,0.5376352667808533,-0.2104947417974472,0.9548134803771973,0.5298717617988586,0.534707248210907,-0.2372383326292038,0.9091513752937317,0.5671246647834778,0.5292569398880005,-0.22643132507801056,0.9547876119613647,0.535832941532135,0.5263960957527161,-0.24662071466445923,0.9061274528503418,0.5667797923088074,0.5210003852844238,-0.1841818243265152,0.9368129968643188,0.5344141125679016,0.5194011926651001,-0.20898714661598206,0.8722805976867676,0.5687587261199951,0.5833126902580261,0.00013751676306128502,0.9996420741081238,0.5246502757072449,0.5841020345687866,-0.00020920198585372418,0.9995656609535217,0.569801390171051,0.7402761578559875,0.010817567817866802,0.9952423572540283,0.5212122201919556,0.7387924194335938,0.01364370808005333,0.9959759712219238,0.5737218260765076,0.8779439330101013,0.15795236825942993,0.9946340322494507,0.5208918452262878,0.876086413860321,0.151866614818573,0.9946478605270386,0.5676606893539429,0.8918646574020386,0.16645891964435577,0.9378064274787903,0.5242244005203247,0.8880584239959717,0.16007734835147858,0.8944535851478577,0.5836260318756104,0.9355455040931702,0.05761849135160446,0.9906327128410339,0.5256885290145874,0.9311380386352539,0.05160282924771309,0.989790678024292
22999.99999999988,0.5439770817756653,0.3011099696159363,-0.2749851644039154,0.9999932646751404,0.5476142764091492,0.286510169506073,-0.2605206370353699,0.9999841451644897,0.5506775379180908,0.28607413172721863,-0.26051849126815796,0.999981701374054,0.553508460521698,0.28549957275390625,-0.2605176568031311,0.9999800324440002,0.5381304025650024,0.2874418795108795,-0.2616850733757019,0.9999842643737793,0.5350366830825806,0.2880304753780365,-0.26170486211776733,0.9999829530715942,0.532167375087738,0.2886252701282501,-0.2616918683052063,0.9999836087226868,0.5564553141593933,0.2897639274597168,-0.15836487710475922,0.9999649524688721,0.5276270508766174,0.2964596748352051,-0.16586123406887054,0.9999763369560242,0.5500227212905884,0.31549322605133057,-0.2353380173444748,0.9999930262565613,0.5383104085922241,0.3168503940105438,-0.2374064326286316,0.999994158744812,0.5843019485473633,0.37194207310676575,-0.08335758745670319,0.9999758005142212,0.5055917501449585,0.3801877200603485,-0.08485551178455353,0.9999216794967651,0.6070658564567566,0.4545886516571045,-0.06314168870449066,0.9933996200561523,0.47601833939552307,0.4731796383857727,-0.08391596376895905,0.9843888878822327,0.5783512592315674,0.5155326128005981,-0.17502804100513458,0.9833282828330994,0.5202902555465698,0.5156941413879395,-0.20311339199543,0.9544509053230286,0.5731066465377808,0.537568986415863,-0.20910954475402832,0.9567473530769348,0.52977055311203,0.5347155332565308,-0.23611439764499664,0.9105514287948608,0.5664609670639038,0.529232382774353,-0.22524449229240417,0.9567124843597412,0.5357887148857117,0.5263922810554504,-0.2456199675798416,0.9075550436973572,0.5660547614097595,0.5209769606590271,-0.18222443759441376,0.9392977356910706,0.5342647433280945,0.5193977355957031,-0.20786070823669434,0.8742128610610962,0.5682098865509033,0.583383321762085,0.0006355508812703192,0.9996433854103088,0.5240250825881958,0.5843607783317566,-0.000701797369401902,0.9995643496513367,0.569719672203064,0.7406113147735596,0.009517653845250607,0.9952541589736938,0.520987868309021,0.7387930750846863,0.011686914600431919,0.995873212814331,0.573379635810852,0.8781264424324036,0.15772190690040588,0.9946010708808899,0.5206645131111145,0.8761138916015625,0.15054161846637726,0.9945248961448669,0.5674973130226135,0.8918908834457397,0.16626906394958496,0.9374853372573853,0.5236789584159851,0.8880679607391357,0.15875151753425598,0.8931885957717896,0.5836073756217957,0.9356781840324402,0.05740400776267052,0.9905270934104919,0.5256025791168213,0.9311555027961731,0.049853261560201645,0.9895570278167725
23033.333333333212,0.5440846681594849,0.3015822172164917,-0.2678941786289215,0.9999927878379822,0.5475826263427734,0.2869150638580322,-0.2531599998474121,0.9999831914901733,0.5505481958389282,0.2863824963569641,-0.25316303968429565,0.9999805688858032,0.5532757639884949,0.2857869267463684,-0.2531642019748688,0.9999788403511047,0.5382253527641296,0.28797098994255066,-0.25478437542915344,0.9999831318855286,0.5350735783576965,0.2884798049926758,-0.2548028528690338,0.999981701374054,0.5321961641311646,0.28914475440979004,-0.2547943592071533,0.9999823570251465,0.5557975172996521,0.2899952232837677,-0.15041731297969818,0.999963104724884,0.5274176597595215,0.2972559928894043,-0.15947039425373077,0.9999750256538391,0.5500500202178955,0.315923810005188,-0.22803790867328644,0.9999926686286926,0.5384223461151123,0.3176478445529938,-0.23063167929649353,0.9999938607215881,0.5838838815689087,0.3721577823162079,-0.07522828131914139,0.9999764561653137,0.505302906036377,0.381411612033844,-0.08041418343782425,0.9999191761016846,0.606349766254425,0.45474928617477417,-0.05201108008623123,0.9934179782867432,0.4753234088420868,0.47372880578041077,-0.07899118214845657,0.9849071502685547,0.5775285959243774,0.5150441527366638,-0.16274584829807281,0.9838745594024658,0.5200886130332947,0.5157094597816467,-0.19122196733951569,0.9552726149559021,0.5722803473472595,0.5370417237281799,-0.19682864844799042,0.9580988883972168,0.5296420454978943,0.5347161293029785,-0.22301854193210602,0.9115974307060242,0.5656594038009644,0.5287120938301086,-0.21314473450183868,0.9580622315406799,0.5355894565582275,0.5263906717300415,-0.23312515020370483,0.9086395502090454,0.5653121471405029,0.5205524563789368,-0.1701200008392334,0.941015362739563,0.5340068340301514,0.5193946957588196,-0.19594143331050873,0.8757401704788208,0.567592978477478,0.5840153098106384,0.0015997554874047637,0.9996407628059387,0.5234051942825317,0.5850023627281189,-0.0016589942388236523,0.9995535612106323,0.5695886611938477,0.7409001588821411,0.00645405612885952,0.9952290058135986,0.5207597017288208,0.7392412424087524,0.00784881692379713,0.9957051277160645,0.5732520222663879,0.8781419396400452,0.15737338364124298,0.9945205450057983,0.520099937915802,0.8763831257820129,0.1487601101398468,0.9942917227745056,0.5674542784690857,0.8919007778167725,0.1661909520626068,0.9366577863693237,0.522849440574646,0.8881479501724243,0.15723752975463867,0.8903985023498535,0.5835988521575928,0.9356890916824341,0.05686139687895775,0.990332841873169,0.5255571603775024,0.9311253428459167,0.0473337285220623,0.9891630411148071
23066.666666666544,0.5441102385520935,0.30204200744628906,-0.2606346905231476,0.9999922513961792,0.5473623275756836,0.28734126687049866,-0.24595443904399872,0.9999821782112122,0.5502524971961975,0.2867414355278015,-0.2459608018398285,0.9999793767929077,0.5529136657714844,0.2861316502094269,-0.2459602653980255,0.9999775886535645,0.538183867931366,0.28845465183258057,-0.24769476056098938,0.9999819993972778,0.5349646210670471,0.2889038622379303,-0.2477109283208847,0.9999803304672241,0.5320834517478943,0.2896163761615753,-0.2477036565542221,0.9999811053276062,0.5552290081977844,0.2902567684650421,-0.14372123777866364,0.9999610781669617,0.5270940661430359,0.29791250824928284,-0.15321023762226105,0.9999737739562988,0.549958348274231,0.31635141372680664,-0.22100098431110382,0.9999921917915344,0.5384578108787537,0.3182447850704193,-0.22374029457569122,0.9999935626983643,0.5833907723426819,0.3721643090248108,-0.06897008419036865,0.9999767541885376,0.5050832629203796,0.3822270929813385,-0.07615981251001358,0.999916672706604,0.6055638194084167,0.45471152663230896,-0.04800896719098091,0.9934212565422058,0.47458615899086,0.4744572341442108,-0.07783444225788116,0.9854450821876526,0.5771004557609558,0.5141915678977966,-0.16087163984775543,0.9844317436218262,0.5197537541389465,0.5156427025794983,-0.19113951921463013,0.9562286734580994,0.571824312210083,0.5362500548362732,-0.19509460031986237,0.9595365524291992,0.5293619632720947,0.5345359444618225,-0.22310955822467804,0.912964403629303,0.5652029514312744,0.5278826951980591,-0.21171227097511292,0.959502637386322,0.5353519916534424,0.5262084007263184,-0.23288121819496155,0.9100483059883118,0.5648350119590759,0.5198448896408081,-0.16841091215610504,0.9428833723068237,0.5337330102920532,0.5192450284957886,-0.19573234021663666,0.8776776194572449,0.566931426525116,0.5840216279029846,0.0027643474750220776,0.9996305108070374,0.522754967212677,0.5849887132644653,-0.0028059494215995073,0.9995401501655579,0.569297730922699,0.740896999835968,0.006689115427434444,0.9951108694076538,0.5206390619277954,0.739112913608551,0.0034042613115161657,0.9955356121063232,0.5730985403060913,0.8778101205825806,0.1526365876197815,0.99434494972229,0.5198560357093811,0.8770797252655029,0.13673797249794006,0.9940382242202759,0.5673507452011108,0.891467273235321,0.16080932319164276,0.9356910586357117,0.5224345922470093,0.8887025117874146,0.14436694979667664,0.8873234987258911,0.5835292935371399,0.9353929758071899,0.052392635494470596,0.990002453327179,0.5255541205406189,0.9312354326248169,0.03410782665014267,0.9886490702629089
23099.999999999876,0.5440019965171814,0.30256256461143494,-0.2559860050678253,0.9999915957450867,0.547030508518219,0.28783440589904785,-0.24150632321834564,0.9999808073043823,0.5498992800712585,0.2871665060520172,-0.24151510000228882,0.9999778270721436,0.5525314807891846,0.28653180599212646,-0.24151290953159332,0.9999759197235107,0.5380069017410278,0.2890484035015106,-0.24308182299137115,0.9999805092811584,0.5347269773483276,0.2894904911518097,-0.24309562146663666,0.9999786615371704,0.5318559408187866,0.290254682302475,-0.24308516085147858,0.9999794960021973,0.5547379851341248,0.2906872034072876,-0.14072565734386444,0.9999583959579468,0.5267367362976074,0.2987223267555237,-0.14924289286136627,0.9999719262123108,0.5498002767562866,0.31684160232543945,-0.21692754328250885,0.9999915361404419,0.5383967161178589,0.3188968896865845,-0.21938152611255646,0.999993085861206,0.5829446315765381,0.3721565008163452,-0.06891735643148422,0.9999769330024719,0.5046384334564209,0.3832615315914154,-0.07248671352863312,0.9999127388000488,0.6051592230796814,0.4542980492115021,-0.0491519421339035,0.9932923316955566,0.47424378991127014,0.47468435764312744,-0.0765361562371254,0.9858881831169128,0.5769097208976746,0.5127002000808716,-0.16186070442199707,0.9847254753112793,0.5192379355430603,0.5154238343238831,-0.1916029006242752,0.9568476676940918,0.5716894268989563,0.5346333384513855,-0.19630368053913116,0.960462749004364,0.5288386940956116,0.5342108011245728,-0.2237379252910614,0.9138042330741882,0.5650727152824402,0.526077926158905,-0.2131642997264862,0.9604337215423584,0.5347912907600403,0.5259458422660828,-0.2333858609199524,0.9109013080596924,0.5646360516548157,0.5183942317962646,-0.16954046487808228,0.9440685510635376,0.5331956744194031,0.5190215110778809,-0.1962030827999115,0.8789710402488708,0.5665590763092041,0.5840777158737183,0.0026888602878898382,0.9996230006217957,0.5223018527030945,0.5850286483764648,-0.002731911139562726,0.9995265007019043,0.5690937042236328,0.7408341765403748,0.006766185630112886,0.9950198531150818,0.5204307436943054,0.7387955188751221,0.005145012401044369,0.9953420162200928,0.5730663537979126,0.8775662779808044,0.14956973493099213,0.9942322969436646,0.5196576714515686,0.8767455816268921,0.13925310969352722,0.9937583208084106,0.5673068165779114,0.8911595940589905,0.1573847383260727,0.9347243905067444,0.5224025845527649,0.8884853720664978,0.14698106050491333,0.8846476078033447,0.5834906697273254,0.9351749420166016,0.04880189895629883,0.9897474050521851,0.525488018989563,0.9312028288841248,0.037821393460035324,0.9881306886672974
23133.33333333321,0.5437605381011963,0.30300748348236084,-0.26043257117271423,0.9999905824661255,0.5466451644897461,0.2882842421531677,-0.24634018540382385,0.9999783039093018,0.5494725108146667,0.2876124680042267,-0.24634695053100586,0.9999749064445496,0.5520810484886169,0.2869948744773865,-0.24634841084480286,0.9999725818634033,0.5377805829048157,0.28944966197013855,-0.2461848109960556,0.9999783039093018,0.5344703197479248,0.28984254598617554,-0.24620312452316284,0.9999763369560242,0.5315931439399719,0.29059094190597534,-0.246188685297966,0.9999773502349854,0.5542194843292236,0.2912965714931488,-0.1458398401737213,0.9999520778656006,0.526356041431427,0.29905715584754944,-0.1535957157611847,0.9999692440032959,0.5494594573974609,0.3173021972179413,-0.22163237631320953,0.9999902844429016,0.5381239652633667,0.31934499740600586,-0.22202013432979584,0.999992311000824,0.5820375084877014,0.37193065881729126,-0.07234439253807068,0.9999762773513794,0.5039246678352356,0.38387495279312134,-0.0778874009847641,0.9999092221260071,0.6048736572265625,0.45298847556114197,-0.049387212842702866,0.9929702877998352,0.47358524799346924,0.4749644994735718,-0.07659873366355896,0.9863222241401672,0.5764590501785278,0.5115646719932556,-0.15831518173217773,0.984375536441803,0.5192027688026428,0.5152251720428467,-0.18549156188964844,0.9573640823364258,0.571439802646637,0.5333784222602844,-0.1920696645975113,0.9599025249481201,0.5288440585136414,0.5339571833610535,-0.2167115956544876,0.91440749168396,0.5647864937782288,0.5251273512840271,-0.20932559669017792,0.9598753452301025,0.5349010229110718,0.5257903933525085,-0.22685310244560242,0.9115146398544312,0.564307451248169,0.517579972743988,-0.16618187725543976,0.9433087110519409,0.5332571268081665,0.5188708305358887,-0.1899966448545456,0.8797860145568848,0.5661765336990356,0.5840766429901123,0.002632046351209283,0.999610960483551,0.5218608975410461,0.5850170850753784,-0.002676367526873946,0.9995088577270508,0.5686736702919006,0.7407172918319702,0.010032604448497295,0.9949612021446228,0.5200727581977844,0.7380419373512268,0.007469016592949629,0.9951958060264587,0.5729833841323853,0.8773646354675293,0.15253709256649017,0.9942035675048828,0.519639253616333,0.8754265308380127,0.14072583615779877,0.9936041235923767,0.5672972798347473,0.8908620476722717,0.16067568957805634,0.9346274137496948,0.522469699382782,0.8876069784164429,0.14870232343673706,0.8840059041976929,0.583361804485321,0.934739887714386,0.05187532678246498,0.9896581768989563,0.5252626538276672,0.9305486083030701,0.04077693074941635,0.9878695011138916
23166.66666666654,0.5434753894805908,0.30347421765327454,-0.2622850835323334,0.9999891519546509,0.5463387370109558,0.2889171242713928,-0.24791499972343445,0.9999745488166809,0.5491278171539307,0.28826504945755005,-0.24791954457759857,0.9999706149101257,0.5517024397850037,0.2876981794834137,-0.24791879951953888,0.9999679327011108,0.5376268625259399,0.2900513708591461,-0.24904736876487732,0.9999747276306152,0.5342885851860046,0.2904109060764313,-0.2490653693675995,0.9999726414680481,0.5313628911972046,0.29113414883613586,-0.2490554302930832,0.9999740123748779,0.5538113117218018,0.29240044951438904,-0.14675328135490417,0.9999436140060425,0.526006281375885,0.299629271030426,-0.15534336864948273,0.9999647736549377,0.549061119556427,0.317818284034729,-0.22300106287002563,0.9999887347221375,0.5378426909446716,0.3197925090789795,-0.22490006685256958,0.999991238117218,0.5814287662506104,0.3718297481536865,-0.07282419502735138,0.999975860118866,0.5031611919403076,0.3841552138328552,-0.07816695421934128,0.999904453754425,0.6044892072677612,0.45160654187202454,-0.04462219029664993,0.9927588105201721,0.47259315848350525,0.4750412404537201,-0.07562518864870071,0.9867590665817261,0.5758011341094971,0.5102255940437317,-0.14807437360286713,0.9841843247413635,0.51885986328125,0.5141765475273132,-0.17927321791648865,0.957977294921875,0.5710917115211487,0.5324877500534058,-0.18100199103355408,0.9596439003944397,0.528579592704773,0.5330324172973633,-0.21015305817127228,0.9152138829231262,0.5644301176071167,0.5244556069374084,-0.19887207448482513,0.9596216082572937,0.5348313450813293,0.5250645875930786,-0.22051766514778137,0.9123569130897522,0.5638689398765564,0.5169053673744202,-0.1560729444026947,0.9429681897163391,0.5331369638442993,0.5180846452713013,-0.18379998207092285,0.8809108138084412,0.5658854842185974,0.5836664438247681,0.0026038549840450287,0.9995975494384766,0.5212767720222473,0.5845481753349304,-0.002650509588420391,0.9994856119155884,0.5683879852294922,0.740398645401001,0.00751164834946394,0.9949022531509399,0.5199095010757446,0.7375059127807617,0.006711408495903015,0.995001494884491,0.5729367733001709,0.8764699101448059,0.14825133979320526,0.9941254258155823,0.5198065638542175,0.8754052519798279,0.14032478630542755,0.9933662414550781,0.5672248601913452,0.8897750377655029,0.15601491928100586,0.9333540797233582,0.5226857662200928,0.887441873550415,0.14821209013462067,0.8820828795433044,0.5832012295722961,0.9345020651817322,0.046870455145835876,0.9894576072692871,0.5252757668495178,0.9306665062904358,0.03991641476750374,0.9874768853187561
23199.999999999873,0.5430851578712463,0.30380943417549133,-0.2640347182750702,0.9999882578849792,0.5460208654403687,0.28930896520614624,-0.2497563362121582,0.9999724626541138,0.5488191843032837,0.2886812686920166,-0.24976025521755219,0.9999682307243347,0.5513794422149658,0.28819167613983154,-0.24975940585136414,0.999965250492096,0.537306010723114,0.29035285115242004,-0.25052541494369507,0.9999725818634033,0.5339175462722778,0.29066741466522217,-0.2505446970462799,0.9999703168869019,0.5309441685676575,0.2913607954978943,-0.25053563714027405,0.999971866607666,0.5534767508506775,0.2931085526943207,-0.147421196103096,0.9999393820762634,0.5255504846572876,0.29984650015830994,-0.15575441718101501,0.999962568283081,0.5486434698104858,0.31826692819595337,-0.22469277679920197,0.9999880194664001,0.5373841524124146,0.3201403319835663,-0.2264283299446106,0.999990701675415,0.5807542204856873,0.37168756127357483,-0.07036518305540085,0.9999760985374451,0.5025083422660828,0.38436001539230347,-0.07859257608652115,0.9999019503593445,0.604071319103241,0.4505212604999542,-0.0399823822081089,0.9926071763038635,0.47127193212509155,0.475063294172287,-0.07342026382684708,0.9872286915779114,0.5752233862876892,0.5083630084991455,-0.14847451448440552,0.9841251373291016,0.5178319215774536,0.5135307908058167,-0.17436939477920532,0.9584091305732727,0.5706357955932617,0.5310049057006836,-0.18231700360774994,0.9595470428466797,0.5278871655464172,0.5320676565170288,-0.20520810782909393,0.9155203700065613,0.5638316869735718,0.5231360793113708,-0.19994233548641205,0.9595370292663574,0.5339547395706177,0.5242036581039429,-0.21621651947498322,0.9126821160316467,0.5632421970367432,0.5156837701797485,-0.15656867623329163,0.9428257346153259,0.5321388840675354,0.5172658562660217,-0.17910261452198029,0.881403923034668,0.5653394460678101,0.5830172896385193,0.0034703391138464212,0.9995921850204468,0.5204617977142334,0.5836426615715027,-0.0035119126550853252,0.9994688034057617,0.5681485533714294,0.7403417825698853,0.005716379266232252,0.9947883486747742,0.5195874571800232,0.7375072240829468,0.004263961222022772,0.9947733283042908,0.5729373097419739,0.8763408660888672,0.1495274007320404,0.9939128160476685,0.5197449326515198,0.8748292922973633,0.1426127701997757,0.9929996132850647,0.5672239065170288,0.8897597193717957,0.15687699615955353,0.9316168427467346,0.5225437879562378,0.8866558074951172,0.15064778923988342,0.8786447048187256,0.5831982493400574,0.9344294667243958,0.049091219902038574,0.9890285730361938,0.5252835750579834,0.9304429888725281,0.041563745588064194,0.986883819103241
23233.333333333205,0.5426927804946899,0.30390554666519165,-0.26706579327583313,0.9999876618385315,0.5456410646438599,0.28950047492980957,-0.25183841586112976,0.9999709725379944,0.5484534502029419,0.28887417912483215,-0.25184425711631775,0.999966561794281,0.5509849190711975,0.2884286344051361,-0.2518490254878998,0.9999635219573975,0.5369503498077393,0.29054397344589233,-0.254404217004776,0.9999710321426392,0.5335257649421692,0.2908385097980499,-0.25442031025886536,0.9999686479568481,0.5305290222167969,0.2915346622467041,-0.25440821051597595,0.9999703168869019,0.55308598279953,0.2934626042842865,-0.1482672244310379,0.9999362230300903,0.5251423716545105,0.3000032901763916,-0.1611591875553131,0.9999606609344482,0.5482521653175354,0.318483829498291,-0.22639518976211548,0.9999873638153076,0.5370091199874878,0.32030877470970154,-0.23025965690612793,0.9999902248382568,0.5799399614334106,0.3715358376502991,-0.07178035378456116,0.9999761581420898,0.5018303990364075,0.38436511158943176,-0.08111119270324707,0.9998987913131714,0.6034992933273315,0.4503847062587738,-0.04312906786799431,0.9924575686454773,0.4710039794445038,0.47502803802490234,-0.07115811854600906,0.9875956177711487,0.5743189454078674,0.5067445635795593,-0.15185226500034332,0.9839060306549072,0.5171670317649841,0.5133540034294128,-0.1657174974679947,0.9585282206535339,0.5697552561759949,0.5295778512954712,-0.1855505406856537,0.9590380787849426,0.5272854566574097,0.5316070318222046,-0.19550341367721558,0.9151789546012878,0.5628691911697388,0.5217704176902771,-0.20277255773544312,0.9590350389480591,0.5330092906951904,0.5238967537879944,-0.20671051740646362,0.9123685956001282,0.5622740387916565,0.5144178867340088,-0.1597670018672943,0.9421164393424988,0.5310372114181519,0.5169755816459656,-0.17037110030651093,0.8810580372810364,0.5646069645881653,0.5825244188308716,0.003399741370230913,0.9995836615562439,0.519542396068573,0.582872748374939,-0.0034422785975039005,0.999447762966156,0.5679202675819397,0.7403009533882141,0.0052121649496257305,0.9947790503501892,0.5191797018051147,0.7374800443649292,0.005021293647587299,0.9946496486663818,0.5730737447738647,0.8762068748474121,0.15042497217655182,0.9938761591911316,0.5198902487754822,0.875196635723114,0.14343300461769104,0.9928534030914307,0.5673034191131592,0.8896812796592712,0.1582919806241989,0.9304475784301758,0.5227428078651428,0.8868245482444763,0.1515679508447647,0.877045214176178,0.583196222782135,0.9340937733650208,0.048956334590911865,0.9889361262321472,0.525291383266449,0.9308287501335144,0.0421718992292881,0.9866989850997925
